  0.3477E-02  0.2681E-02  0.2145E-02  0.1199E-02  0.3400E+01  0.2923E+01  0.3428E+01  0.3187E+01  0.3947E+01  0.1592E-03
  0.5048E-02  0.4326E-02  0.2971E-02  0.1398E-02  0.3400E+01  0.2965E+01  0.3195E+01  0.3794E+01  0.4355E+01  0.2516E-04
  0.5099E-02  0.4701E-02  0.3411E-02  0.1651E-02  0.3400E+01  0.3969E+01  0.3944E+01  0.3997E+01  0.4351E+01  0.4536E-04
  0.7504E-02  0.5572E-02  0.3447E-02  0.1558E-02  0.3400E+01  0.4147E+01  0.3735E+01  0.4048E+01  0.4354E+01  0.3673E-04
  0.3977E-02  0.3187E-02  0.2504E-02  0.1471E-02  0.3400E+01  0.3127E+01  0.3239E+01  0.3396E+01  0.4199E+01  0.1882E-03
  0.6127E-02  0.5332E-02  0.4209E-02  0.2424E-02  0.3400E+01  0.4119E+01  0.4323E+01  0.4228E+01  0.5250E+01  0.3015E-03
  0.7028E-02  0.5161E-02  0.3691E-02  0.1870E-02  0.3400E+01  0.3674E+01  0.4086E+01  0.3972E+01  0.4644E+01  0.9104E-04
  0.1153E-01  0.7670E-02  0.4997E-02  0.2310E-02  0.3400E+01  0.5845E+01  0.4689E+01  0.5050E+01  0.5185E+01  0.6502E-04
  0.6267E-02  0.4979E-02  0.3320E-02  0.1592E-02  0.3400E+01  0.3580E+01  0.3942E+01  0.3970E+01  0.4128E+01  0.2240E-03
  0.3674E-02  0.3509E-02  0.2756E-02  0.1495E-02  0.3400E+01  0.3583E+01  0.3345E+01  0.3360E+01  0.4367E+01  0.1811E-04
  0.4191E-02  0.3529E-02  0.2548E-02  0.1444E-02  0.3400E+01  0.3160E+01  0.3235E+01  0.3518E+01  0.4021E+01  0.2687E-04
