ID	Name	LossMedian	DowntimeMedian	RedTagProbability	LossP10	LossP90	DowntimeP16	DowntimeP84	HurtMedian	HurtP16	HurtP84	DeathMedian	DeathP16	DeathP84
0	bld-00	135627	15.4082	0	96434.6	183101	8.42531	66.8169	6.25e-06	0	1.25e-05	0	0	0	
1	bld-01	1297.73	0.273276	0	240.55	3632.8	0	9.34434	0	0	0	0	0	0	
2	bld-02	3857.63	2.20846	0.001	863.396	9090.4	0	11.7047	0	0	1.25e-05	0	0	0	
3	bld-03	2167.35	0	0	364.152	5823.57	0	5.88216	0	0	0	0	0	0	
4	bld-04	5076.81	0.405753	0	1360.84	12141	0	4.87531	0	0	0	0	0	0	
5	bld-05	8371.21	0	0	3084.69	20158.9	0	9.74646	0	0	0	0	0	0	
6	bld-06	5356.99	0	0	1605.16	12909	0	7.91219	0	0	0	0	0	0	
7	bld-07	3368.86	0	0	820.507	8077.34	0	0	0	0	0.0003125	0	0	3.125e-05	
8	bld-08	9170.93	50.3014	0	3001.52	17867.4	20.7049	113.643	3.125e-05	0	0.0003125	0	0	3.125e-05	
9	bld-09	9531.1	52.0493	0	3495.82	18446.3	19.9574	116.129	3.125e-05	0	0.0003125	0	0	3.125e-05	
10	bld-10	0	0	0	0	1540.5	0	0	0	0	0	0	0	0	
11	bld-11	0	0	0	0	301.42	0	0	0	0	0	0	0	0	
12	bld-12	249793	173.642	0.665	184845	355031	130.078	179	0.0047619	0.0047619	0.00477024	0.000833333	0.000833333	0.000833333	
13	bld-13	583821	165.103	0.708	426100	796466	123.76	179	0.0047619	0.0047619	0.00477024	0.000833333	0.000833333	0.000833333	
14	bld-14	129868	167.068	0.666	104569	185094	128.467	179	0.0047619	0.0047619	0.0047619	0.000833333	0.000833333	0.000833333	
15	bld-15	351032	167.106	0.674	257736	495065	125.875	179	0.0047619	0.0047619	0.00477024	0.000833333	0.000833333	0.000833333	
16	bld-16	46551.2	17.5934	0	25473.6	71226.8	9.19962	39.2347	8.33333e-06	8.33333e-06	1.66667e-05	0	0	0	
17	bld-17	48096.9	31.2607	0.066	29808.5	74000.6	21.0421	44.1328	0.0357143	0.0357143	0.0357143	0.00625	0.00625	0.00625	
18	bld-18	204901	63.7594	0.235	138805	300489	47.2348	87.6989	0.0178571	0.0178571	0.0178571	0.003125	0.003125	0.003125	
19	bld-19	633519	132.973	0.663	436243	911106	97.8748	177.084	0.0119256	0.0119048	0.0119256	0.00208333	0.00208333	0.00208333	
20	bld-20	843713	19.7447	0	708916	999776	10.8759	61.7789	9.375e-06	6.25e-06	1.25e-05	0	0	0	
21	bld-21	562668	24.0487	0	475157	662284	14.2002	59.6729	9.09091e-06	4.54545e-06	1.36364e-05	0	0	0	
22	bld-22	3055.21	0.579964	0	1174.77	6484.27	0	1.57551	0	0	0	0	0	0	
23	bld-23	214.443	0.726292	0	16.9269	639.233	0	8.29372	0	0	0	0	0	0	
24	bld-24	364.395	1.79583	0	46.0583	1186.19	0.208651	7.13101	0	0	3.125e-05	0	0	0	
25	bld-25	341.124	2.82308	0	37.9782	991.889	0.386075	8.32144	0	0	3.125e-05	0	0	0	
26	bld-26	254.972	1.24322	0	24.3402	764.402	0	7.79351	0	0	0	0	0	0	
27	bld-27	16.7995	0	0	0	276.578	0	0	0	0	0	0	0	0	
28	bld-28	151.054	0	0	0	465.924	0	11.3245	0	0	0	0	0	0	
29	bld-29	7.14442	0	0	0	192.306	0	0	0	0	0	0	0	0	
30	bld-30	102.323	0	0	0	422.273	0	8.58651	0	0	0	0	0	0	
31	bld-31	11.7204	0	0	0	239.407	0	0	0	0	0	0	0	0	
32	bld-32	18.092	0	0	0	297.741	0	0	0	0	0	0	0	0	
33	bld-33	5275.26	4.78912	0	2700.84	10487.8	2.82083	8.4206	2.08333e-05	0	0.000208333	0	0	2.08333e-05	
34	bld-34	2850.15	4.71776	0	1236.67	5928.89	2.51535	8.58275	2.08333e-05	0	0.000208333	0	0	2.08333e-05	
35	bld-35	49507.3	2.29014	0	25674.8	88661.7	1.10301	4.5365	0	0	0	0	0	0	
36	bld-36	79847.5	5.30395	0	46048.9	130577	1.41705	86.4775	0	0	0	0	0	0	
37	bld-37	2936.41	0	0	230.008	22501.6	0	31.2915	0	0	0	0	0	0	
38	bld-38	3744.78	0	0	455.315	23312.8	0	50.8382	0	0	0	0	0	0	
39	bld-39	62115.6	59.0553	0	40366.2	88351	33.8982	109.851	2.5e-05	1.25e-05	7.5e-05	0	0	0	
40	bld-40	57966.7	55.3301	0	36279	83833.5	33.2923	101.098	3.125e-05	1.25e-05	7.5e-05	0	0	0	
41	bld-41	63007.4	60.8332	0	40574.9	89284.5	34.0943	121.407	2.5e-05	1.25e-05	6.25e-05	0	0	0	
42	bld-42	19920	13.9584	0.001	4597.89	46591.4	5.42319	111.947	0	0	1.04167e-05	0	0	0	
43	bld-43	75783.1	49.9466	0	51270.4	105624	30.1975	96.8561	8.92857e-06	0	1.78571e-05	0	0	0	
44	bld-44	78660.7	81.384	0.496	53090.5	119531	58.0016	113.67	0.00714286	0.00714286	0.00714286	0.00125	0.00125	0.00125	
45	bld-45	57799.5	92.3709	0.472	40362.1	80025.6	68.1009	125.726	0.00714286	0.00714286	0.00714286	0.00125	0.00125	0.00125	
46	bld-46	577118	179	0.361	452890	769875	151.631	179	0.00573429	0.00571929	0.00576429	0.001	0.001	0.001005	
47	bld-47	9796.38	12.0019	0	2119.51	21168.6	3.5169	26.4746	8.33333e-06	0	8.33333e-06	0	0	0	
48	bld-48	61983.9	54.0273	0	39904.6	88527.2	33.3126	97.3292	2.5e-05	1.25e-05	5e-05	0	0	0	
49	bld-49	122815	13.8392	0	83433.2	171065	7.93037	57.3339	0	0	5e-06	0	0	0	
50	bld-50	15035.8	9.88281	0	6427.91	28994.8	0	26.6081	0	0	0	0	0	0	
51	bld-51	2213.59	0	0	27.1862	15400.7	0	0.610737	0	0	0	0	0	0	
52	bld-52	48904.2	3.82569	0	27642.5	78975.4	1.64082	8.4138	1.25e-05	0	1.25e-05	0	0	0	
53	bld-53	3144.46	0	0	558.144	8370.76	0	8.85666	0	0	0	0	0	0	
54	bld-54	4847.92	0.664588	0	1430	11838.3	0	8.13018	0	0	0	0	0	0	
55	bld-55	4322.52	3.27226	0	1385.71	10268.7	0	14.7515	0	0	1.25e-05	0	0	0	
56	bld-56	682.917	0	0	0	6708.55	0	0	0	0	0	0	0	0	
57	bld-57	3042.78	0.404367	0	456.437	7549.45	0	8.45986	0	0	0	0	0	0	
58	bld-58	109481	47.5733	0	78560.3	151576	25.6735	88.4496	3.125e-05	1.5625e-05	6.25e-05	0	0	0	
59	bld-59	108923	46.1052	0	76343.5	150228	26.2134	84.7958	3.125e-05	1.5625e-05	6.25e-05	0	0	0	
60	bld-60	156.436	0	0	0	3792.84	0	0	0	0	0	0	0	0	
61	bld-61	55199.2	20.506	0	35299.7	79095.6	10.959	43.4221	1.25e-05	6.25e-06	3.125e-05	0	0	0	
62	bld-62	57778.5	20.5164	0	36129.3	81074.8	11.0442	42.488	1.25e-05	6.25e-06	3.125e-05	0	0	0	
63	bld-63	1.16453e+06	179	0.472	860925	1.60024e+06	146.156	179	0.00714286	0.00714286	0.00714286	0.00125	0.00125	0.00125	
64	bld-64	80069.5	16.5798	0	52535.5	111571	8.79618	38.5065	6.25e-06	6.25e-06	1.25e-05	0	0	0	
65	bld-65	515104	179	0.594	381590	731014	174.288	179	0.0119048	0.0119048	0.0119256	0.00208333	0.00208333	0.00208333	
66	bld-66	644989	179	0.593	465117	892408	172.632	179	0.0119256	0.0119048	0.0119256	0.00208333	0.00208333	0.00208333	
67	bld-67	1.01392e+06	179	0.583	763364	1.41459e+06	171.798	179	0.0119256	0.0119048	0.0119256	0.00208333	0.00208333	0.00208333	
68	bld-68	1.07904e+06	168.386	0.588	778888	1.53886e+06	128.684	179	0.00477024	0.0047619	0.00477024	0.000833333	0.000833333	0.000833333	
69	bld-69	20726	13.7933	0	4760.28	43974.1	5.55184	104.173	0	0	1.04167e-05	0	0	0	
70	bld-70	1.77006e+06	179	0.498	1.33152e+06	2.31861e+06	179	179	0.0178571	0.0178571	0.0178571	0.003125	0.003125	0.003125	
71	bld-71	2.01289e+06	179	0.493	1.54736e+06	2.74968e+06	179	179	0.0178571	0.0178571	0.0178571	0.003125	0.003125	0.003125	
72	bld-72	742357	179	0.489	566383	1.00984e+06	179	179	0.0178571	0.00908482	0.0178571	0.003125	0.00157812	0.003125	
73	bld-73	748953	179	0.465	556394	978585	179	179	0.0178571	0.00908482	0.0178571	0.003125	0.00157812	0.003125	
74	bld-74	458003	179	0.592	336815	641642	175.763	179	0.0119048	0.0119048	0.0119256	0.00208333	0.00208333	0.00208333	
75	bld-75	456555	179	0.595	327922	630967	177.701	179	0.0119048	0.0119048	0.0119256	0.00208333	0.00208333	0.00208333	
76	bld-76	115106	14.4197	0	78368.3	155056	7.37042	36.6661	6.25e-06	0	1.25e-05	0	0	0	
77	bld-77	35623.2	4.61724	0	14025.9	66468.1	1.09867	134.464	0	0	0	0	0	0	
78	bld-78	12755.1	12.4498	0	4341.68	32857.7	4.80815	33.8836	0	0	3.125e-06	0	0	0	
79	bld-79	14876	9.92834	0	4283.47	36710.2	2.56886	33.0622	0	0	6.25e-06	0	0	0	
80	bld-80	864.503	0	0	0	7644.15	0	4.42669	0	0	0	0	0	0	
81	bld-81	144842	17.1332	0	107649	187536	6.95894	179	3.125e-05	1.25e-05	6.875e-05	0	0	6.25e-06	
82	bld-82	1782.82	0	0	0	10360.3	0	8.33942	0	0	0	0	0	0	
83	bld-83	16576.1	14.0858	0	5310	38023.4	6.00539	36.6548	0	0	4.16667e-06	0	0	0	
84	bld-84	18815	11.0103	0	6737.62	35693.8	3.57477	24.6457	0	0	1.25e-05	0	0	0	
85	bld-85	15505.6	16.3085	0	5428.9	33573.5	7.5769	38.4516	0	0	4.16667e-06	0	0	0	
86	bld-86	178562	74.8329	0.247	121561	270911	54.6635	109.134	0.00357143	0.00357143	0.00357143	0.000625	0.000625	0.000625	
87	bld-87	825865	166.679	0.556	578854	1.15128e+06	126.29	179	0.00477024	0.0047619	0.00477024	0.000833333	0.000833333	0.000833333	
88	bld-88	103129	28.4548	0.002	68203.9	153069	19.3842	40.9263	0.0142857	0.0142857	0.0142857	0.0025	0.0025	0.0025	
89	bld-89	222823	29.7466	0	155291	323860	21.3615	42.0287	0.0142857	0.0142857	0.0142857	0.0025	0.0025	0.0025	
90	bld-90	555949	179	0.456	433321	778544	144.821	179	0.00714286	0.00714286	0.00714286	0.00125	0.00125	0.00125	
91	bld-91	66201.9	15.2613	0	41973.1	96319.7	8.39893	33.7399	6.25e-06	0	1.25e-05	0	0	0	
92	bld-92	192164	179	0.6	136217	268869	175.271	179	0.0119048	0.0119048	0.0119256	0.00208333	0.00208333	0.00208333	
93	bld-93	992664	179	0.593	710155	1.39247e+06	167.446	179	0.0119256	0.0119048	0.0119256	0.00208333	0.00208333	0.00208333	
94	bld-94	339870	179	0.488	257623	462460	179	179	0.0178571	0.00908482	0.0178571	0.003125	0.00157812	0.003125	
95	bld-95	1.01096e+06	179	0.598	733575	1.41776e+06	172.548	179	0.0119256	0.0119048	0.0119256	0.00208333	0.00208333	0.00208333	
96	bld-96	172249	179	0.597	121622	233774	161.581	179	0.0119048	0.0119048	0.0119256	0.00208333	0.00208333	0.00208333	
97	bld-97	1.29646e+06	179	0.345	1.00783e+06	1.66125e+06	179	179	0.0143357	0.0142982	0.0144107	0.0025	0.0025	0.0025125	
98	bld-98	2.29216e+06	179	0.237	1.81625e+06	2.9512e+06	179	179	0.0120089	0.0120089	0.0120089	0.00209375	0.00209375	0.00209375	
99	bld-99	47194.9	17.5437	0	28114.6	71465.1	8.91217	38.9422	6.25e-06	0	1.25e-05	0	0	0	
100	bld-100	63.6486	0	0	0	3428.23	0	0	0	0	0	0	0	0	
101	bld-101	182566	71.9151	0.17	123897	276143	50.9964	102.038	0.00714286	0.00714286	0.00714286	0.00125	0.00125	0.00125	
102	bld-102	133434	33.7897	0.012	87680.8	191497	23.4879	47.407	0.0142857	0.0142857	0.0142857	0.0025	0.0025	0.0025	
103	bld-103	87515.9	39.0509	0	55721.7	129905	21.2673	91.602	1.07143e-05	3.57143e-06	2.14286e-05	0	0	1.78571e-06	
104	bld-104	9982.32	2.5441	0	4473.35	19069.6	0.452075	14.6355	1.25e-05	0	1.25e-05	0	0	0	
105	bld-105	46717.2	33.6098	0.028	28614.4	70912.7	21.9252	49.4386	0.0142857	0.0142857	0.0142857	0.0025	0.0025	0.0025	
106	bld-106	0	0	0.001	0	2177.89	0	0	0	0	0	0	0	0	
107	bld-107	0	0	0	0	1205.75	0	0	0	0	0	0	0	0	
108	bld-108	470.479	0	0.002	0	20271	0	16.8175	0	0	0	0	0	0	
109	bld-109	249811	179	0.596	177293	354990	174.796	179	0.0119048	0.0119048	0.0119256	0.00208333	0.00208333	0.00208333	
110	bld-110	443847	169.902	0.587	312908	617064	124.481	179	0.0047619	0.0047619	0.00477024	0.000833333	0.000833333	0.000833333	
111	bld-111	42825.8	11.1213	0	22433.1	68393.7	5.63449	27.8576	0	0	6.25e-06	0	0	0	
112	bld-112	99595.9	74.5633	0.167	64337.5	152231	50.4426	112.502	0.00357143	0.00357143	0.00357143	0.000625	0.000625	0.000625	
113	bld-113	61702.8	12.8248	0	32158	114279	6.27162	29.1972	0	0	4.16667e-06	0	0	0	
114	bld-114	16547.5	11.1618	0	5176.6	31994.9	3.35699	23.8415	0	0	8.33333e-06	0	0	0	
115	bld-115	148981	69.6384	0.163	100907	230243	48.5917	99.3651	0.00714286	0.00714286	0.00714286	0.00125	0.00125	0.00125	
116	bld-116	215112	33.5932	0.013	144933	317228	23.7424	48.0368	0.0142857	0.0142857	0.0142857	0.0025	0.0025	0.0025	
117	bld-117	0	0	0	0	2528.71	0	0	0	0	0	0	0	0	
118	bld-118	107945	11.0619	0	68213.8	157808	6.30919	47.3771	6.94444e-06	0	2.77778e-05	0	0	0	
119	bld-119	61989.5	13.5866	0	37268.4	91207.4	6.74236	45.8836	8.33333e-06	0	8.33333e-06	0	0	0	
120	bld-120	346.927	0	0	0	5041.63	0	0	0	0	0	0	0	0	
121	bld-121	160.021	0	0	0	3956.18	0	0	0	0	0	0	0	0	
122	bld-122	875.545	0	0	0	6863.41	0	0.455325	0	0	0	0	0	0	
123	bld-123	0	0	0	0	2942.87	0	0	0	0	0	0	0	0	
124	bld-124	0	0	0	0	1694.43	0	0	0	0	0	0	0	0	
125	bld-125	68241	10.9288	0	42926.9	102949	5.38465	44.6503	0	0	8.33333e-06	0	0	0	
126	bld-126	805243	75.4623	0.167	546941	1.17046e+06	54.3518	114.475	0.00714286	0.00714286	0.00714286	0.00125	0.00125	0.00125	
127	bld-127	238527	8.1036	0	173127	314612	4.26146	15.4387	8.33333e-06	0	8.33333e-06	0	0	0	
128	bld-128	26521.4	13.1655	0	13339.7	43553.1	5.0126	29.5699	8.33333e-06	0	8.33333e-06	0	0	0	
129	bld-129	50903.7	17.5774	0	35477.3	74486.5	6.3468	103.565	1.04167e-05	1.04167e-05	5.72917e-05	0	0	5.20833e-06	
130	bld-130	32127.2	10.3327	0	13781.7	57358.8	4.28515	31.8967	0	0	1.04167e-05	0	0	0	
131	bld-131	409521	171.28	0.548	283082	583037	124.661	179	0.0047619	0.0047619	0.00477024	0.000833333	0.000833333	0.000833333	
132	bld-132	301594	68.9568	0.085	201766	426277	49.3447	97.9332	0.00714286	0.00714286	0.00714286	0.00125	0.00125	0.00125	
133	bld-133	204.43	0	0	0	12978.2	0	13.866	0	0	0	0	0	0	
134	bld-134	146.199	0	0	0	12085.3	0	4.30071	0	0	0	0	0	0	
135	bld-135	14129.8	15.0622	0	3075.57	35600.3	5.12879	140.52	0	0	1.04167e-05	0	0	0	
136	bld-136	56.7306	0	0	0	3417.67	0	0.326315	0	0	0	0	0	0	
137	bld-137	20830.5	11.274	0	4718.79	44981.8	4.26522	102.351	0	0	1.04167e-05	0	0	0	
138	bld-138	588792	8.18267	0	474437	751432	5.03371	16.1663	7.5e-05	6.875e-05	0.00013125	6.25e-06	6.25e-06	1.25e-05	
139	bld-139	2.82251e+06	179	0.421	2.09761e+06	3.96875e+06	143.744	179	0.00714286	0.00714286	0.00714286	0.00125	0.00125	0.00125	
140	bld-140	106520	42.898	0	76228.5	146151	24.6089	81.796	6.25e-05	3.125e-05	0.00015625	0	0	0	
141	bld-141	12361.8	63.7393	0	4735.87	22356.2	23.5545	135.664	3.125e-05	0	0.0003125	0	0	3.125e-05	
142	bld-142	86953.8	46.5999	0	59501.3	120852	25.2759	92.1129	6.25e-05	3.125e-05	0.00015625	0	0	0	
143	bld-143	32423.7	50.5832	0	18097.8	51046.2	25.4797	109.425	6.25e-05	3.125e-05	0.00015625	0	0	0	
144	bld-144	55700.8	45.6829	0	34365.3	80515.3	23.8974	92.0738	6.25e-05	3.125e-05	0.00015625	0	0	0	
145	bld-145	15196.1	70.5058	0	6870.9	26016.2	26.253	160.571	3.125e-05	0	0.0003125	0	0	3.125e-05	
146	bld-146	36456.6	57.1612	0	21288.1	55516.1	29.6552	119.334	6.25e-05	3.125e-05	0.00015625	0	0	0	
147	bld-147	32113.3	51.7389	0	16540	49326.5	26.9502	113.278	6.25e-05	0	0.00015625	0	0	0	
148	bld-148	45321.7	45.4593	0	27148.7	66556.7	24.0024	90.2748	6.25e-05	3.125e-05	0.00015625	0	0	0	
149	bld-149	4497.71	13.9856	0	1246.6	10377.8	0	25.0233	0	0	0.0003125	0	0	3.125e-05	
150	bld-150	10533	56.0687	0	4190.64	19500.7	22.711	121.789	3.125e-05	0	0.0003125	0	0	3.125e-05	
151	bld-151	11019.5	58.6781	0	4259.09	20223.7	20.8347	128.403	3.125e-05	0	0.0003125	0	0	3.125e-05	
152	bld-152	2021	0	0	347.908	4589.93	0	0	0	0	0.0003125	0	0	3.125e-05	
153	bld-153	456289	11.2647	0	344579	637713	5.2124	29.2475	1.66667e-05	1.66667e-05	9.16667e-05	0	0	8.33333e-06	
154	bld-154	0	0	0	0	1609.47	0	0	0	0	0	0	0	0	
155	bld-155	0	0	0	0	1504.49	0	0	0	0	0	0	0	0	
156	bld-156	0	0	0.001	0	1419.16	0	0	0	0	0	0	0	0	
157	bld-157	0	0	0	0	147.124	0	0	0	0	0	0	0	0	
158	bld-158	0	0	0	0	752.145	0	0	0	0	0	0	0	0	
159	bld-159	0	0	0	0	645.722	0	0	0	0	0	0	0	0	
160	bld-160	0	0	0	0	934.098	0	0	0	0	0	0	0	0	
161	bld-161	0	0	0	0	1106.57	0	0	0	0	0	0	0	0	
162	bld-162	0	0	0	0	1104.8	0	0	0	0	0	0	0	0	
163	bld-163	0	0	0	0	847.176	0	0	0	0	0	0	0	0	
164	bld-164	0	0	0	0	287.625	0	0	0	0	0	0	0	0	
165	bld-165	0	0	0	0	1126.01	0	0	0	0	0	0	0	0	
166	bld-166	0	0	0	0	1116.08	0	0	0	0	0	0	0	0	
167	bld-167	0	0	0	0	1148.63	0	0	0	0	0	0	0	0	
168	bld-168	0	0	0	0	1526.35	0	0	0	0	0	0	0	0	
169	bld-169	0	0	0	0	1437.64	0	0	0	0	0	0	0	0	
170	bld-170	0	0	0.001	0	772.262	0	0	0	0	0	0	0	0	
171	bld-171	0	0	0	0	369.934	0	0	0	0	0	0	0	0	
172	bld-172	0	0	0	0	169.887	0	0	0	0	0	0	0	0	
173	bld-173	0	0	0	0	373.692	0	0	0	0	0	0	0	0	
174	bld-174	0	0	0	0	1299.57	0	0	0	0	0	0	0	0	
175	bld-175	0	0	0	0	1157.44	0	0	0	0	0	0	0	0	
176	bld-176	0	0	0	0	208.828	0	0	0	0	0	0	0	0	
177	bld-177	0	0	0	0	214.587	0	0	0	0	0	0	0	0	
178	bld-178	0	0	0	0	298.897	0	0	0	0	0	0	0	0	
179	bld-179	0	0	0.001	0	2130.6	0	0	0	0	0	0	0	0	
180	bld-180	0	0	0	0	1191.67	0	0	0	0	0	0	0	0	
181	bld-181	0	0	0	0	1355.55	0	0	0	0	0	0	0	0	
182	bld-182	0	0	0	0	292.422	0	0	0	0	0	0	0	0	
183	bld-183	0	0	0	0	1623.29	0	0	0	0	0	0	0	0	
184	bld-184	0	0	0.001	0	1238.27	0	0	0	0	0	0	0	0	
185	bld-185	0	0	0.001	0	344.708	0	0	0	0	0	0	0	0	
186	bld-186	0	0	0.001	0	1051.73	0	0	0	0	0	0	0	0	
187	bld-187	0	0	0	0	999.19	0	0	0	0	0	0	0	0	
188	bld-188	0	0	0	0	235.205	0	0	0	0	0	0	0	0	
189	bld-189	0	0	0	0	319.771	0	0	0	0	0	0	0	0	
190	bld-190	0	0	0	0	330.116	0	0	0	0	0	0	0	0	
191	bld-191	0	0	0.001	0	1110.18	0	0	0	0	0	0	0	0	
192	bld-192	0	0	0	0	924.922	0	0	0	0	0	0	0	0	
193	bld-193	0	0	0	0	137.628	0	0	0	0	0	0	0	0	
194	bld-194	0	0	0	0	248.721	0	0	0	0	0	0	0	0	
195	bld-195	0	0	0	0	195.518	0	0	0	0	0	0	0	0	
196	bld-196	0	0	0	0	899.945	0	0	0	0	0	0	0	0	
197	bld-197	0	0	0	0	948.272	0	0	0	0	0	0	0	0	
198	bld-198	0	0	0	0	3086.94	0	0	0	0	0	0	0	0	
199	bld-199	0	0	0	0	962.983	0	0	0	0	0	0	0	0	
200	bld-200	0	0	0	0	999.176	0	0	0	0	0	0	0	0	
201	bld-201	0	0	0	0	104.241	0	0	0	0	0	0	0	0	
202	bld-202	0	0	0.001	0	1137.51	0	0	0	0	0	0	0	0	
203	bld-203	0	0	0	0	221.255	0	0	0	0	0	0	0	0	
204	bld-204	0	0	0.001	0	1071.75	0	0	0	0	0	0	0	0	
205	bld-205	0	0	0	0	102.258	0	0	0	0	0	0	0	0	
206	bld-206	0	0	0	0	140.199	0	0	0	0	0	0	0	0	
207	bld-207	0	0	0	0	146.749	0	0	0	0	0	0	0	0	
208	bld-208	0	0	0	0	1178.91	0	0	0	0	0	0	0	0	
209	bld-209	0	0	0	0	135.268	0	0	0	0	0	0	0	0	
210	bld-210	0	0	0	0	1206.67	0	0	0	0	0	0	0	0	
211	bld-211	0	0	0	0	209.343	0	0	0	0	0	0	0	0	
212	bld-212	0	0	0	0	125.355	0	0	0	0	0	0	0	0	
213	bld-213	0	0	0	0	100.7	0	0	0	0	0	0	0	0	
214	bld-214	0	0	0	0	144.455	0	0	0	0	0	0	0	0	
215	bld-215	0	0	0	0	274.083	0	0	0	0	0	0	0	0	
216	bld-216	0	0	0	0	120.888	0	0	0	0	0	0	0	0	
217	bld-217	0	0	0	0	157.086	0	0	0	0	0	0	0	0	
218	bld-218	0	0	0.001	0	118.144	0	0	0	0	0	0	0	0	
219	bld-219	0	0	0	0	100.918	0	0	0	0	0	0	0	0	
220	bld-220	0	0	0	0	112.556	0	0	0	0	0	0	0	0	
221	bld-221	0	0	0	0	209.728	0	0	0	0	0	0	0	0	
222	bld-222	0	0	0	0	118.555	0	0	0	0	0	0	0	0	
223	bld-223	0	0	0	0	105.064	0	0	0	0	0	0	0	0	
224	bld-224	0	0	0	0	97.8342	0	0	0	0	0	0	0	0	
225	bld-225	0	0	0	0	221.017	0	0	0	0	0	0	0	0	
226	bld-226	0	0	0.001	0	72.3267	0	0	0	0	0	0	0	0	
227	bld-227	0	0	0	0	1352.86	0	0	0	0	0	0	0	0	
228	bld-228	0	0	0	0	579.654	0	0	0	0	0	0	0	0	
229	bld-229	0	0	0	0	2113.44	0	0	0	0	0	0	0	0	
230	bld-230	0	0	0	0	1159.92	0	0	0	0	0	0	0	0	
231	bld-231	0	0	0	0	467.811	0	0	0	0	0	0	0	0	
232	bld-232	0	0	0	0	174.347	0	0	0	0	0	0	0	0	
233	bld-233	0	0	0	0	201.621	0	0	0	0	0	0	0	0	
234	bld-234	0	0	0	0	375.913	0	0	0	0	0	0	0	0	
235	bld-235	0	0	0	0	79.2674	0	0	0	0	0	0	0	0	
236	bld-236	0	0	0.001	0	176.852	0	0	0	0	0	0	0	0	
237	bld-237	0	0	0	0	92.5843	0	0	0	0	0	0	0	0	
238	bld-238	0	0	0	0	506.397	0	0	0	0	0	0	0	0	
239	bld-239	0	0	0	0	1050.99	0	0	0	0	0	0	0	0	
240	bld-240	0	0	0	0	1078.81	0	0	0	0	0	0	0	0	
241	bld-241	0	0	0	0	144.267	0	0	0	0	0	0	0	0	
242	bld-242	0	0	0	0	513.432	0	0	0	0	0	0	0	0	
243	bld-243	0	0	0.002	0	1003.26	0	0	0	0	0	0	0	0	
244	bld-244	0	0	0	0	1027.66	0	0	0	0	0	0	0	0	
245	bld-245	0	0	0	0	1417.79	0	0	0	0	0	0	0	0	
246	bld-246	0	0	0	0	1336.24	0	0	0	0	0	0	0	0	
247	bld-247	0	0	0	0	294.442	0	0	0	0	0	0	0	0	
248	bld-248	0	0	0	0	1884.7	0	0	0	0	0	0	0	0	
249	bld-249	0	0	0.001	0	1531.14	0	0	0	0	0	0	0	0	
250	bld-250	169.544	0	0	0	4505.85	0	0	0	0	0	0	0	0	
251	bld-251	0	0	0	0	1169.21	0	0	0	0	0	0	0	0	
252	bld-252	30043.9	27.7674	0.012	18460.9	46991.1	18.083	42.3272	0.0142857	0.0142857	0.0142857	0.0025	0.0025	0.0025	
253	bld-253	48169.7	28.1232	0.003	29954.3	74071.5	18.3236	41.543	0.0142857	0.0142857	0.0142857	0.0025	0.0025	0.0025	
254	bld-254	13861.9	33.3826	0.03	8283.26	22758.9	21.9705	52.5413	0.0142857	0.0142857	0.0142857	0.0025	0.0025	0.0025	
255	bld-255	3672.19	0	0.081	1409.83	10587.2	0	0	0.0142857	0.00025	0.0142857	0.0025	2.5e-05	0.0025	
256	bld-256	15247.1	35.8495	0.023	8962.04	24024.3	22.4066	54.4968	0.0142857	0.0142857	0.0142857	0.0025	0.0025	0.0025	
257	bld-257	28032.5	27.5831	0.011	17325.4	44218.8	18.2587	42.5948	0.0142857	0.0142857	0.0142857	0.0025	0.0025	0.0025	
258	bld-258	8464.07	37.1039	0.073	4325.15	17671.8	20.6461	68.4115	0.0142857	0.0142857	0.0142857	0.0025	0.0025	0.0025	
259	bld-259	12375.7	35.1811	0.045	7145.08	21717.8	22.3651	56.7988	0.0142857	0.0142857	0.0142857	0.0025	0.0025	0.0025	
260	bld-260	13589.2	33.8372	0.035	8014.52	23000.4	22.4516	53.8432	0.0142857	0.0142857	0.0142857	0.0025	0.0025	0.0025	
261	bld-261	12573.6	35.5916	0.039	7334.95	22141.7	22.4481	56.8268	0.0142857	0.0142857	0.0142857	0.0025	0.0025	0.0025	
262	bld-262	12096.7	34.5179	0.04	6709.23	21492.8	21.9375	56.1923	0.0142857	0.0142857	0.0142857	0.0025	0.0025	0.0025	
263	bld-263	14770	34.6944	0.032	9200.1	23777.3	22.907	53.8716	0.0142857	0.0142857	0.0142857	0.0025	0.0025	0.0025	
264	bld-264	11531.8	34.5021	0.042	6346.57	21169.9	21.169	58.3889	0.0142857	0.0142857	0.0142857	0.0025	0.0025	0.0025	
265	bld-265	23543.3	28.102	0.014	15282.6	38400.3	18.4761	43.3898	0.0142857	0.0142857	0.0142857	0.0025	0.0025	0.0025	
266	bld-266	15784.5	34.7132	0.023	9471.71	24184.8	22.183	52.0989	0.0142857	0.0142857	0.0142857	0.0025	0.0025	0.0025	
267	bld-267	19282.4	31.4632	0.013	12673.9	29760.8	21.0615	49.3698	0.0142857	0.0142857	0.0142857	0.0025	0.0025	0.0025	
268	bld-268	40438.7	28.4293	0.009	25953.2	63904.7	18.3014	44.4635	0.0142857	0.0142857	0.0142857	0.0025	0.0025	0.0025	
269	bld-269	22930.6	29.6828	0.014	14573.9	35068.8	19.4514	48.4961	0.0142857	0.0142857	0.0142857	0.0025	0.0025	0.0025	
270	bld-270	18241.2	33.5084	0.022	11709.2	28998.6	21.7582	50.1985	0.0142857	0.0142857	0.0142857	0.0025	0.0025	0.0025	
271	bld-271	13398.2	34.4	0.042	7841.62	22725.8	22.5832	54.7354	0.0142857	0.0142857	0.0142857	0.0025	0.0025	0.0025	
272	bld-272	510880	72.359	0.083	353101	752050	53.2216	101.737	0.00357143	0.00357143	0.00357143	0.000625	0.000625	0.000625	
273	bld-273	25675.9	5.20322	0	15673.6	42139.7	3.3181	10.5292	0.0001	2.5e-05	0.00025	0	0	2.5e-05	
274	bld-274	36476.1	28.0251	0.012	22336.1	56626.2	17.7483	42.1911	0.0142857	0.0142857	0.0142857	0.0025	0.0025	0.0025	
275	bld-275	722.428	6.75135	0	0	3740.7	0	19.707	0	0	0	0	0	0	
276	bld-276	57214.3	11.9669	0	26260.8	94101	5.68223	70.7226	0	0	2.77778e-05	0	0	0	
277	bld-277	84332.6	14.3766	0	49215.9	125875	7.13976	70.9132	0	0	2.08333e-05	0	0	0	
278	bld-278	17905.9	13.1466	0	7311.6	39098.9	5.6703	79.3437	0	0	1.04167e-05	0	0	0	
279	bld-279	19185.5	13.8964	0	8254.66	39804	6.63998	50.5351	0	0	1.04167e-05	0	0	0	
280	bld-280	151407	71.8028	0	111834	195988	44.8947	130.981	3.57143e-05	2.67857e-05	6.25e-05	0	0	0	
281	bld-281	578343	61.7269	0	475930	691839	39.4944	101.968	3.57143e-05	2.67857e-05	4.46429e-05	0	0	0	
282	bld-282	484753	63.4159	0	397695	580617	41.7332	103.312	3.57143e-05	2.67857e-05	4.46429e-05	0	0	0	
283	bld-283	265734	65.086	0	207620	324884	42.3855	109.772	3.57143e-05	2.67857e-05	6.25e-05	0	0	0	
284	bld-284	474059	63.9858	0	386642	573886	41.6378	101.694	3.57143e-05	2.67857e-05	4.46429e-05	0	0	0	
285	bld-285	622923	62.6881	0	527466	745748	41.6354	103.369	3.57143e-05	2.67857e-05	4.46429e-05	0	0	0	
286	bld-286	571646	64.211	0	474862	691024	42.2721	101.928	3.57143e-05	2.67857e-05	4.46429e-05	0	0	0	
287	bld-287	243120	66.0565	0	194598	306636	39.7525	114.343	3.57143e-05	2.67857e-05	6.25e-05	0	0	0	
288	bld-288	402822	65.4941	0	325749	487283	42.8763	111.577	3.57143e-05	2.67857e-05	5.35714e-05	0	0	0	
289	bld-289	371035	64.6691	0	296477	450938	42.0104	112.308	3.57143e-05	2.67857e-05	5.35714e-05	0	0	0	
290	bld-290	212764	66.5886	0	165624	265982	41.3485	115.526	3.57143e-05	2.67857e-05	6.25e-05	0	0	0	
291	bld-291	345372	64.3383	0	275960	419229	42.9084	104.246	3.57143e-05	2.67857e-05	5.35714e-05	0	0	0	
292	bld-292	252390	67.1353	0	196202	319065	41.9835	120.661	3.57143e-05	2.67857e-05	6.25e-05	0	0	0	
293	bld-293	144900	71.38	0	108143	188435	43.152	122.311	4.46429e-05	2.67857e-05	7.14286e-05	0	0	0	
294	bld-294	601608	81.9064	0	521845	699779	54.3578	127.195	2.5e-05	1.66667e-05	3.33333e-05	0	0	0	
295	bld-295	514860	82.0883	0	437542	604625	55.2799	137.951	2.5e-05	1.66667e-05	3.33333e-05	0	0	0	
296	bld-296	462123	76.4908	0	383313	542938	53.1019	120.131	2.5e-05	1.66667e-05	3.33333e-05	0	0	0	
297	bld-297	455717	83.2325	0	382420	531879	57.0562	140.197	2.5e-05	1.66667e-05	3.33333e-05	0	0	0	
298	bld-298	564700	115.759	0	488768	660888	80.5512	179	9.89583e-05	6.77083e-05	0.000130208	0	0	5.20833e-06	
299	bld-299	632527	113.373	0	541748	733607	74.4728	177.325	9.375e-05	6.77083e-05	0.000125	0	0	5.20833e-06	
300	bld-300	621265	111.462	0	528351	720919	73.8845	163.643	9.375e-05	6.77083e-05	0.000130208	0	0	5.20833e-06	
301	bld-301	639886	113.549	0	550864	739667	77.8225	173.036	9.89583e-05	6.77083e-05	0.000130208	0	0	5.20833e-06	
302	bld-302	606782	113.738	0	520985	705707	77.7582	179	9.375e-05	7.29167e-05	0.000125	0	0	5.20833e-06	
303	bld-303	667378	116.327	0	573265	773389	79.0396	179	9.89583e-05	7.29167e-05	0.000119792	0	0	0	
304	bld-304	156579	75.0832	0	118025	204993	47.4376	128.419	3.57143e-05	1.78571e-05	7.14286e-05	0	0	0	
305	bld-305	157293	72.1045	0	119122	203965	47.7966	126.043	3.57143e-05	1.78571e-05	7.14286e-05	0	0	0	
306	bld-306	141990	71.3158	0	106320	184709	42.2745	123.659	4.46429e-05	2.67857e-05	7.14286e-05	0	0	0	
307	bld-307	141070	72.8136	0	105975	188505	44.2895	128.573	5.20833e-05	3.125e-05	9.375e-05	0	0	0	
308	bld-308	143758	74.1469	0	106218	183161	44.15	127.614	5.20833e-05	3.125e-05	8.33333e-05	0	0	0	
309	bld-309	121833	70.7877	0	89092	162623	41.5838	125.534	6.25e-05	3.125e-05	9.375e-05	0	0	0	
310	bld-310	61530.4	39.7719	0	39531.8	89037.7	23.6465	76.1099	0	0	1.25e-05	0	0	0	
311	bld-311	36740.6	41.5369	0	20490.8	57518.8	23.8149	73.1636	1.25e-05	0	2.5e-05	0	0	0	
312	bld-312	36255.6	40.8527	0	20730.8	56007.8	24.7839	76.1206	1.25e-05	0	2.5e-05	0	0	0	
313	bld-313	182851	65.7143	0	137676	231932	41.2223	112.053	4.16667e-05	2.08333e-05	7.29167e-05	0	0	0	
314	bld-314	126805	69.9717	0	94047.1	163840	41.8534	127.425	5.20833e-05	3.125e-05	9.375e-05	0	0	0	
315	bld-315	106498	36.1963	0	71078.8	143679	21.4035	64.4473	0	0	1.25e-05	0	0	0	
316	bld-316	895.529	0	0	62.2653	22715.5	0	73.3729	0	0	0	0	0	0	
317	bld-317	2820.85	0.714145	0	55.3386	24865.6	0	61.4493	0	0	0	0	0	0	
318	bld-318	8838.62	5.28573	0	2985.55	17898.1	0	24.4856	0	0	0	0	0	0	
319	bld-319	56815.9	15.6845	0	26808.1	94721	7.51675	87.1398	0	0	5.20833e-05	0	0	5.20833e-06	
320	bld-320	321171	24.7248	0	257854	396567	13.5985	55.6295	1.66667e-05	1.25e-05	2.91667e-05	0	0	0	
321	bld-321	82755	13.1667	0	52763.9	120225	7.18375	61.3827	0	0	5e-06	0	0	0	
322	bld-322	77279.7	16.8465	0	49440	111210	9.22272	45.5942	5e-06	0	1e-05	0	0	0	
323	bld-323	101755	28.307	0	74831.5	135012	16.3461	63.8104	2.14286e-05	1.07143e-05	3.57143e-05	0	0	0	
324	bld-324	416133	70.8251	0	336396	489654	46.6994	121.705	3.47222e-05	2.08333e-05	4.86111e-05	0	0	0	
325	bld-325	413395	52.4944	0	350069	481591	31.207	91.7683	4.80769e-05	3.46154e-05	5.96154e-05	0	0	1.92308e-06	
326	bld-326	12701	21.0098	0	4269.62	25144.5	8.37094	44.1977	8.33333e-06	0	3.33333e-05	0	0	0	
327	bld-327	411507	50.7538	0	344163	484149	30.7016	89.6928	4.61538e-05	3.26923e-05	6.15385e-05	0	0	1.92308e-06	
328	bld-328	13326.6	20.2165	0	4922.39	24549.4	7.6679	46.7534	8.33333e-06	0	3.33333e-05	0	0	0	
329	bld-329	167804	27.8108	0	127747	211031	16.2042	79.1919	7.5e-06	5e-06	1.25e-05	0	0	0	
330	bld-330	15286.8	18.337	0	5176.46	28130.8	8.25824	35.6266	4.16667e-06	0	8.33333e-06	0	0	0	
331	bld-331	592322	42.3807	0	507436	680751	26.2646	76.1764	3.54167e-05	2.70833e-05	4.79167e-05	0	0	0	
332	bld-332	369587	37.5828	0	303666	439655	21.6854	179	3.84615e-06	1.92308e-06	6.73077e-06	0	0	0	
333	bld-333	343121	41.3805	0	278210	417151	22.0981	179	3.84615e-06	1.92308e-06	6.73077e-06	0	0	0	
334	bld-334	370666	38.0946	0	300787	440986	21.7907	179	3.84615e-06	1.92308e-06	6.73077e-06	0	0	0	
335	bld-335	343074	41.3854	0	281767	411703	22.5112	179	3.84615e-06	1.92308e-06	6.73077e-06	0	0	0	
336	bld-336	67929.2	15.8727	0	40482.1	98450.3	8.88089	42.6828	4.16667e-06	0	4.16667e-06	0	0	0	
337	bld-337	20017.7	13.7439	0	8910.3	34593.8	5.54506	29.9594	8.33333e-06	0	3.33333e-05	0	0	0	
338	bld-338	93186.4	26.0609	0	66486.6	123662	15.9787	56.4879	2.14286e-05	1.07143e-05	3.57143e-05	0	0	0	
339	bld-339	33653.7	17.3436	0	16232.4	55464.6	9.5115	34.7472	4.16667e-06	0	8.33333e-06	0	0	0	
340	bld-340	1.5573e+06	42.0373	0	1.39393e+06	1.73174e+06	27.8993	83.0241	4.32692e-05	3.26923e-05	5.19231e-05	0	0	0	
341	bld-341	204224	29.4711	0	155342	251297	16.7516	68.9767	1.38889e-05	8.33333e-06	2.22222e-05	0	0	0	
342	bld-342	36908.6	14.736	0	20779	58297.2	6.73901	30.9761	8.33333e-06	0	1.66667e-05	0	0	0	
343	bld-343	89244.8	34.7968	0	63743.1	120503	20.7318	65.398	1.94444e-05	8.33333e-06	3.05556e-05	0	0	0	
344	bld-344	241799	53.3914	0	193061	293557	30.0106	100.992	2.94118e-05	2.05882e-05	3.97059e-05	0	0	1.47059e-06	
345	bld-345	222103	46.7641	0	172926	272908	27.8542	90.6733	3.08824e-05	2.05882e-05	4.26471e-05	0	0	1.47059e-06	
346	bld-346	596457	42.5947	0	510776	694822	26.4519	77.5893	3.75e-05	2.70833e-05	4.79167e-05	0	0	0	
347	bld-347	52181	14.3787	0	31024.6	80281.1	7.36501	30.0368	8.33333e-06	0	1.66667e-05	0	0	0	
348	bld-348	65379.3	25.2646	0	45247.3	89160.8	14.6374	54.7614	2.5e-05	1.25e-05	4.16667e-05	0	0	0	
349	bld-349	87220.3	83.4702	0.109	54736.6	129022	54.1504	125.181	0.0178571	0.0178571	0.0178571	0.003125	0.003125	0.003125	
350	bld-350	399234	179	0.422	281906	567874	139.134	179	0.0119048	0.0119048	0.0119256	0.00208333	0.00208333	0.00208333	
351	bld-351	19750	32.272	0	9083.94	34817	18.6713	59.8483	0	0	1.25e-05	0	0	0	
352	bld-352	31158.4	30.5098	0	16731.5	53489.1	17.6249	58.3004	0	0	1.25e-05	0	0	0	
353	bld-353	31748.3	30.8973	0	17929.7	52090.2	18.3209	57.1225	0	0	1.25e-05	0	0	0	
354	bld-354	30460.9	29.6821	0	16983.8	49131.9	17.5134	58.6523	0	0	1.25e-05	0	0	0	
355	bld-355	27312.6	31.5859	0	14219.1	45974.6	18.0311	59.4207	0	0	1.25e-05	0	0	0	
356	bld-356	29765.9	33.2327	0	16122.9	47402.5	19.5576	61.5052	0	0	1.25e-05	0	0	0	
357	bld-357	18692.4	37.9661	0	7991.46	31224.1	21.4305	66.2482	0	0	1.25e-05	0	0	0	
358	bld-358	84060.7	85.3505	0.105	54227.7	123735	55.9575	127.025	0.0178571	0.0178571	0.0178571	0.003125	0.003125	0.003125	
359	bld-359	103014	88.571	0.099	65684.4	157332	58.3729	128.964	0.0178571	0.0178571	0.0178571	0.003125	0.003125	0.003125	
360	bld-360	17970.5	38.7378	0	8721.26	32381.3	21.0952	71.5031	0	0	1.25e-05	0	0	0	
361	bld-361	17690.9	36.9173	0	7644.89	30097	20.121	70.8741	0	0	1.25e-05	0	0	0	
362	bld-362	35997.5	30.2605	0	19318.9	57295	17.1421	60.6468	0	0	1.25e-05	0	0	0	
363	bld-363	34696	29.6176	0	18455.6	56680.1	16.108	57.9027	0	0	1.25e-05	0	0	0	
364	bld-364	37717	29.3117	0	21290.5	61936.2	16.9208	57.5576	0	0	1.25e-05	0	0	0	
365	bld-365	37145.3	31.8923	0	21509.8	60680.3	18.5985	60.6043	0	0	1.25e-05	0	0	0	
366	bld-366	37841.1	30.1996	0	20276.4	58185.2	18.1689	61.2371	0	0	1.25e-05	0	0	0	
367	bld-367	12405.1	37.9975	0	4505.87	23143	17.9401	72.6157	0	0	1.25e-05	0	0	0	
368	bld-368	13234.5	39.4143	0	4666.06	24402.9	20.9898	72.3671	0	0	1.25e-05	0	0	0	
369	bld-369	10890.9	50.2695	0	3964.52	21436.1	21.1705	92.8552	0	0	1.25e-05	0	0	0	
370	bld-370	12341.2	38.6364	0	4711.87	22539.3	19.1545	70.6911	0	0	1.25e-05	0	0	0	
371	bld-371	13634	41.2095	0	5300.01	24907.4	20.4734	71.5717	0	0	1.25e-05	0	0	0	
372	bld-372	13420.7	42.6625	0	5272.68	25705.9	21.4666	79.7786	0	0	1.25e-05	0	0	0	
373	bld-373	23556.6	37.9115	0.046	14985.1	36679.7	22.9499	91.0201	0.0357143	0.0357143	0.0357143	0.00625	0.00625	0.00625	
374	bld-374	23229.9	38.2387	0.032	14472.3	33893.9	23.5359	91.4259	0.0357143	0.0357143	0.0357143	0.00625	0.00625	0.00625	
375	bld-375	23662.1	40.0885	0.039	14884.6	36529	23.3214	96.8783	0.0357143	0.0357143	0.0357143	0.00625	0.00625	0.00625	
376	bld-376	22402.9	37.6062	0.028	14615.5	35315.5	22.877	86.8878	0.0357143	0.0357143	0.0357143	0.00625	0.00625	0.00625	
377	bld-377	23782.7	39.1737	0.039	15171.5	36132.8	23.553	92.6243	0.0357143	0.0357143	0.0357143	0.00625	0.00625	0.00625	
378	bld-378	21542	37.5845	0.032	13843.8	32838.5	23.77	90.3938	0.0357143	0.0357143	0.0357143	0.00625	0.00625	0.00625	
379	bld-379	23113.4	37.3735	0.031	14553.1	34381.7	23.3762	90.7554	0.0357143	0.0357143	0.0357143	0.00625	0.00625	0.00625	
380	bld-380	24182.7	39.7911	0.026	15402.3	36277.8	23.3803	102.011	0.0357143	0.0357143	0.0357143	0.00625	0.00625	0.00625	
381	bld-381	20437.6	40.7263	0.045	12920.9	30361.7	24.9828	79.5829	0.0357143	0.0357143	0.0357143	0.00625	0.00625	0.00625	
382	bld-382	21617.7	39.1696	0.045	13409.9	32419.6	23.9242	84.6513	0.0357143	0.0357143	0.0357143	0.00625	0.00625	0.00625	
383	bld-383	15968.4	36.1106	0.061	9503.24	25772.4	23.7446	55.1008	0.0357143	0.0357143	0.0357143	0.00625	0.00625	0.00625	
384	bld-384	16733.1	45.0434	0.067	9550.98	26570.1	25.5395	78.7387	0.0357143	0.0357143	0.0357143	0.00625	0.00625	0.00625	
385	bld-385	20369.1	44.2418	0.058	11754.8	30861	25.8406	83.4119	0.0357143	0.0357143	0.0357143	0.00625	0.00625	0.00625	
386	bld-386	17622.3	44.0875	0.052	10501.9	28504.2	25.3836	80.0573	0.0357143	0.0357143	0.0357143	0.00625	0.00625	0.00625	
387	bld-387	12855.4	38.2908	0.083	7209.19	22903.3	23.984	63.4799	0.0357143	0.0357143	0.0357143	0.00625	0.00625	0.00625	
388	bld-388	23115.8	38.1911	0.036	14980.1	35882.4	23.2487	85.9956	0.0357143	0.0357143	0.0357143	0.00625	0.00625	0.00625	
389	bld-389	26621.2	44.2603	0.093	16221.8	39652.3	26.4714	106.531	0.0357143	0.0357143	0.0357143	0.00625	0.00625	0.00625	
390	bld-390	30064.3	42.9301	0.078	18243.5	45882.2	25.1435	78.5537	0.0357143	0.0357143	0.0357143	0.00625	0.00625	0.00625	
391	bld-391	15909.8	36.0263	0.066	9348.54	26341.6	23.2608	56.1689	0.0357143	0.0357143	0.0357143	0.00625	0.00625	0.00625	
392	bld-392	17055.2	43.0422	0.064	9885.46	27157	25.6945	79.331	0.0357143	0.0357143	0.0357143	0.00625	0.00625	0.00625	
393	bld-393	12156.4	38.399	0.089	7075.94	22043.9	24.1797	65.4874	0.0357143	0.0357143	0.0357143	0.00625	0.00625	0.00625	
394	bld-394	16859.5	45.9706	0.068	10054.4	28144.8	26.7922	81.8233	0.0357143	0.0357143	0.0357143	0.00625	0.00625	0.00625	
395	bld-395	17395.5	44.6346	0.067	10707.1	27529.3	27.5716	79.8289	0.0357143	0.0357143	0.0357143	0.00625	0.00625	0.00625	
396	bld-396	21970.6	40.4057	0.047	13907.7	32467.8	23.7003	89.5674	0.0357143	0.0357143	0.0357143	0.00625	0.00625	0.00625	
397	bld-397	20692.6	40.6153	0.047	12989.5	31606.4	25.2086	83.2025	0.0357143	0.0357143	0.0357143	0.00625	0.00625	0.00625	
398	bld-398	20857.7	40.5914	0.032	13253.8	31313.4	24.3567	88.9942	0.0357143	0.0357143	0.0357143	0.00625	0.00625	0.00625	
399	bld-399	32038	38.2562	0.019	19617.2	49471.1	21.5551	74.7619	0.0357143	0.0357143	0.0357143	0.00625	0.00625	0.00625	
400	bld-400	20412.2	41.1225	0.04	12029.7	29931.2	24.7166	84.0916	0.0357143	0.0357143	0.0357143	0.00625	0.00625	0.00625	
401	bld-401	23843.3	35.8867	0.042	14935.6	36979.6	22.4865	91.7913	0.0357143	0.0357143	0.0357143	0.00625	0.00625	0.00625	
402	bld-402	21463.7	40.4911	0.055	13266.7	31758.4	25.0402	88.3607	0.0357143	0.0357143	0.0357143	0.00625	0.00625	0.00625	
403	bld-403	23444	37.8747	0.051	14916.6	36171.9	22.9318	97.7646	0.0357143	0.0357143	0.0357143	0.00625	0.00625	0.00625	
404	bld-404	24585.7	37.0304	0.039	15481.4	37670.6	22.0829	91.5315	0.0357143	0.0357143	0.0357143	0.00625	0.00625	0.00625	
405	bld-405	26309.1	37.2793	0.029	16380.7	42431.6	21.4672	70.4042	0.0357143	0.0357143	0.0357143	0.00625	0.00625	0.00625	
406	bld-406	47611.4	33.4782	0	29569.7	74458.2	19.6241	66.1138	0	0	1.04167e-05	0	0	0	
407	bld-407	86670.2	46.6408	0.044	56077.6	128038	30.2115	68.9759	0.0357143	0.0357143	0.0357143	0.00625	0.00625	0.00625	
408	bld-408	627327	179	0.33	483628	839803	179	179	0.0142982	0.0142982	0.0143357	0.0025	0.0025	0.0025	
409	bld-409	646124	179	0.328	493043	847917	179	179	0.0142982	0.0142982	0.0143357	0.0025	0.0025	0.0025	
410	bld-410	652343	179	0.317	499010	858183	179	179	0.0142982	0.0142982	0.0143357	0.0025	0.0025	0.0025	
411	bld-411	671229	179	0.355	519986	905278	179	179	0.0142982	0.0142982	0.0143357	0.0025	0.0025	0.0025	
412	bld-412	43655.5	21.6355	0	27436.3	67092.7	10.542	175.703	2.5e-05	1.25e-05	3.75e-05	0	0	0	
413	bld-413	43148.7	21.7156	0	26247.5	66151.6	10.4539	164.933	2.5e-05	1.25e-05	3.75e-05	0	0	0	
414	bld-414	45303.6	25.3382	0	28115.2	72077.1	10.3924	179	2.08333e-05	1.04167e-05	3.125e-05	0	0	0	
415	bld-415	289328	98.2474	0	236834	345706	65.7345	161.041	3.81944e-05	2.43056e-05	5.55556e-05	0	0	0	
416	bld-416	231651	85.5905	0	187343	288170	57.4593	139.043	2.30263e-05	1.31579e-05	3.28947e-05	0	0	0	
417	bld-417	236329	84.6131	0	189741	287360	56.1331	135.001	2.30263e-05	1.31579e-05	3.28947e-05	0	0	0	
418	bld-418	233301	83.7792	0	190091	283897	57.1619	134.752	2.13816e-05	1.31579e-05	3.28947e-05	0	0	0	
419	bld-419	232265	82.3388	0	190215	283725	57.1805	142.074	1.97368e-05	1.31579e-05	3.28947e-05	0	0	0	
420	bld-420	234038	85.1545	0	190794	284140	55.9161	145.081	2.30263e-05	1.31579e-05	3.28947e-05	0	0	0	
421	bld-421	228356	81.1691	0	182211	278610	54.9942	142.363	1.875e-05	9.375e-06	2.8125e-05	0	0	0	
422	bld-422	234251	86.833	0	190873	283767	58.5234	137.278	2.30263e-05	1.31579e-05	3.28947e-05	0	0	0	
423	bld-423	290627	97.8914	0	239547	346695	66.7377	161.247	3.81944e-05	2.43056e-05	5.20833e-05	0	0	0	
424	bld-424	228421	82.575	0	187154	276807	55.8533	133.889	1.875e-05	1.25e-05	2.8125e-05	0	0	0	
425	bld-425	231950	59.0265	0	181535	288406	36.1279	104.11	2.08333e-05	6.94444e-06	2.77778e-05	0	0	0	
426	bld-426	293905	77.0077	0	228856	359793	48.2025	132.373	7.29167e-05	4.16667e-05	0.000104167	0	0	0	
427	bld-427	1430	0	0	0	11386.6	0	0.632792	0	0	0	0	0	0	
428	bld-428	71205.4	29.3196	0	48303.8	100842	13.3388	179	3.125e-05	2.08333e-05	4.16667e-05	0	0	0	
429	bld-429	83374.8	25.4079	0	57837.3	118318	12.5732	136.982	3.75e-05	2.5e-05	5e-05	0	0	0	
430	bld-430	91426.1	27.0239	0	64059.2	126233	12.3763	179	3.125e-05	2.08333e-05	4.16667e-05	0	0	0	
431	bld-431	99682.2	26.3075	0	69745.7	136349	12.2405	179	3.75e-05	2.5e-05	0.0001375	0	0	1.25e-05	
432	bld-432	57351.4	26.8508	0	37332.3	84785.9	13.1573	174.745	2.08333e-05	2.08333e-05	3.125e-05	0	0	0	
433	bld-433	27082.2	32.8828	0	16088.7	42793.8	9.26338	74.1498	1.5625e-05	0	3.125e-05	0	0	0	
434	bld-434	28452.2	32.783	0	17392.2	42175.4	9.07365	69.7536	1.25e-05	0	2.5e-05	0	0	0	
435	bld-435	27548.5	31.7243	0	17174.5	41632.6	10.1779	70.5686	1.25e-05	0	2.5e-05	0	0	0	
436	bld-436	24550.5	27.8667	0	14850.4	37634.7	5.57251	63.5546	1.25e-05	0	2.5e-05	0	0	0	
437	bld-437	24120.9	27.5683	0	14682.5	36548.9	3.61155	60.2072	1.25e-05	0	2.5e-05	0	0	0	
438	bld-438	70900.6	26.4571	0	49778.3	102504	12.7157	179	3.125e-05	2.08333e-05	4.16667e-05	0	0	0	
439	bld-439	68330.8	25.9331	0	45768.1	94927.6	11.9605	179	3.125e-05	2.08333e-05	4.16667e-05	0	0	0	
440	bld-440	74315.1	26.5308	0	50844	104721	12.2991	179	3.125e-05	2.08333e-05	4.16667e-05	0	0	0	
441	bld-441	40117.7	29.3416	0	25559.1	59833.7	13.6094	104.28	2.08333e-05	1.04167e-05	3.125e-05	0	0	0	
442	bld-442	50945.9	27.2985	0	33480.2	75177.8	12.5059	124.274	2.5e-05	1.25e-05	3.75e-05	0	0	0	
443	bld-443	53881.3	28.2225	0	36013.6	76612.6	12.9943	118.441	2.5e-05	1.25e-05	3.75e-05	0	0	0	
444	bld-444	72481.8	24.0592	0	48907.7	101832	12.1429	116.508	2.5e-05	2.5e-05	3.75e-05	0	0	0	
445	bld-445	80092	24.6887	0	55509.8	109946	12.2342	133.67	2.5e-05	2.5e-05	3.75e-05	0	0	0	
446	bld-446	74214.2	25.58	0	50486.9	105607	13.0607	148.592	2.5e-05	2.5e-05	3.75e-05	0	0	0	
447	bld-447	204026	102.634	0	162530	252229	70.3813	169.605	2.94118e-05	1.83824e-05	4.77941e-05	0	0	0	
448	bld-448	209465	90.6091	0	171166	256008	59.9733	144.252	2.94118e-05	1.83824e-05	4.77941e-05	0	0	0	
449	bld-449	40818.2	27.6368	0	26404.2	60035	13.2871	86.5813	2.5e-05	1.25e-05	3.75e-05	0	0	0	
450	bld-450	39957.7	27.6177	0	25905.6	58514.6	10.5137	72.7484	2.5e-05	1.25e-05	3.75e-05	0	0	0	
451	bld-451	48143.4	24.4427	0	31943.9	68964.4	11.6905	72.7741	2.5e-05	1.25e-05	3.75e-05	0	0	0	
452	bld-452	47512.8	27.7639	0	31135	68553.1	13.0656	108.818	2.5e-05	1.25e-05	3.75e-05	0	0	0	
453	bld-453	39007.9	26.319	0	25024.2	57375.5	11.3453	65.3983	2.5e-05	1.25e-05	3.75e-05	0	0	0	
454	bld-454	37552.2	30.7166	0	24794.4	56034.1	13.0833	85.7262	2.5e-05	1.25e-05	3.75e-05	0	0	0	
455	bld-455	33353.5	27.3724	0	20740.3	49732.7	10.4933	68.1011	1.25e-05	1.25e-05	2.5e-05	0	0	0	
456	bld-456	28203.6	31.9863	0	17878.6	43616.7	8.06685	72.6036	1.25e-05	1.25e-05	2.5e-05	0	0	0	
457	bld-457	48781.6	25.8608	0	32955.4	72002.4	12.9061	96.683	2.5e-05	1.25e-05	3.75e-05	0	0	0	
458	bld-458	45296.5	30.1463	0	29618.3	68505.8	14.123	112.963	2.5e-05	1.25e-05	3.75e-05	0	0	0	
459	bld-459	38406.3	32.5221	0	24445.4	57648.2	13.7003	73.9531	2.5e-05	1.25e-05	3.75e-05	0	0	0	
460	bld-460	36814.4	30.9822	0	23318.2	55097.1	12.54	81.3711	2.5e-05	1.25e-05	3.75e-05	0	0	0	
461	bld-461	43155	28.4953	0	27007.5	62452.6	13.0405	99.6688	2.5e-05	1.25e-05	3.75e-05	0	0	0	
462	bld-462	49613.4	26.6484	0	33314.4	69596.5	12.1435	82.3445	2.5e-05	1.25e-05	3.75e-05	0	0	0	
463	bld-463	49363.7	27.5318	0	32307.2	71276.4	13.5386	122.276	2.5e-05	1.25e-05	3.75e-05	0	0	0	
464	bld-464	43502.8	28.6117	0	28620.3	64049	12.7794	83.0163	2.5e-05	1.25e-05	3.75e-05	0	0	0	
465	bld-465	48138	25.8905	0	31073.7	68838.1	12.9932	96.0061	2.5e-05	1.25e-05	3.75e-05	0	0	0	
466	bld-466	48358	27.1151	0	32338.9	70091	12.3793	108.145	2.5e-05	1.25e-05	3.75e-05	0	0	0	
467	bld-467	47612	26.4295	0	31262	69738.5	12.3823	107.954	2.5e-05	1.25e-05	3.75e-05	0	0	0	
468	bld-468	41684.8	26.6567	0	26355.9	59737.9	13.3924	70.4455	2.5e-05	1.25e-05	3.75e-05	0	0	0	
469	bld-469	41508	27.6191	0	26568.4	60644.8	12.4253	75.3051	2.5e-05	1.25e-05	3.75e-05	0	0	0	
470	bld-470	37358	30.8724	0	23652.4	55399.4	12.8626	74.42	2.5e-05	1.25e-05	3.75e-05	0	0	0	
471	bld-471	38522.9	32.2411	0	25343.9	57859.5	12.6076	87.8031	2.5e-05	1.25e-05	3.75e-05	0	0	0	
472	bld-472	36261.2	30.5659	0	22627.6	54162.5	12.3179	73.4862	2.5e-05	1.25e-05	3.75e-05	0	0	0	
473	bld-473	52364.5	27.315	0	34733.3	74658.5	13.1975	101.866	2.5e-05	1.25e-05	3.75e-05	0	0	0	
474	bld-474	48458.5	25.9982	0	32934.9	70375.2	12.4349	95.9477	2.5e-05	1.25e-05	3.75e-05	0	0	0	
475	bld-475	12983.6	43.539	0	7699.17	21946.8	2.25853	113.236	1.25e-05	0	2.5e-05	0	0	0	
476	bld-476	15660.1	50.0702	0	8704.99	25180.3	2.41056	117.92	1.25e-05	0	2.5e-05	0	0	0	
477	bld-477	14676.5	47.2128	0	8051.39	23393.1	2.49207	114.418	1.25e-05	0	2.5e-05	0	0	0	
478	bld-478	66518	27.307	0	46415.2	93215.8	13.2747	142.043	2.5e-05	1.25e-05	3.75e-05	0	0	0	
479	bld-479	70881	24.7341	0	47473	102623	12.2159	122.573	2.5e-05	2.5e-05	3.75e-05	0	0	0	
480	bld-480	71251.5	23.995	0	46899.6	102044	12.2947	114.692	2.5e-05	2.5e-05	3.75e-05	0	0	0	
481	bld-481	41694.8	27.8888	0	26992.3	60999.6	11.6698	68.5396	2.5e-05	1.25e-05	3.75e-05	0	0	0	
482	bld-482	45341.3	29.3927	0	28677.3	66207.3	12.9188	81.1423	2.5e-05	1.25e-05	3.75e-05	0	0	0	
483	bld-483	73204.5	26.8434	0	51147	107083	12.9095	164.808	2.5e-05	2.5e-05	3.75e-05	0	0	0	
484	bld-484	65070	25.4555	0	44258	94184.1	12.8838	122.84	2.5e-05	1.25e-05	3.75e-05	0	0	0	
485	bld-485	70425.9	26.5107	0	48078.1	98105.8	13.6116	126.011	2.5e-05	1.25e-05	3.75e-05	0	0	0	
486	bld-486	36027.3	28.2781	0	19920.4	56269.4	17.8499	44.6048	2.5e-05	0	2.5e-05	0	0	0	
487	bld-487	0	0	0.001	0	3361.44	0	0	0	0	0	0	0	0	
488	bld-488	18060.2	5.46794	0	7563.19	31314.4	0	20.4993	0	0	0	0	0	0	
489	bld-489	16278.2	17.4686	0	5453.18	31331.2	7.01936	32.5985	5e-06	0	1e-05	0	0	0	
490	bld-490	86326.5	71.4899	0	60823.4	113399	39.9412	129.24	6.25e-05	3.125e-05	0.000114583	0	0	0	
491	bld-491	67690.4	92.8322	0	44429.6	95583.4	53.3334	173.037	6.25e-05	2.08333e-05	0.000125	0	0	1.04167e-05	
492	bld-492	68550.3	89.9644	0	44548.6	94696.4	53.6182	172.459	6.25e-05	2.08333e-05	0.000114583	0	0	1.04167e-05	
493	bld-493	68138.8	95.5136	0	45580.8	96852.8	53.8177	179	6.25e-05	2.08333e-05	0.000125	0	0	1.04167e-05	
494	bld-494	67917.1	97.6191	0	46054.2	95798.5	53.2521	179	6.25e-05	2.08333e-05	0.000125	0	0	1.04167e-05	
495	bld-495	89167.2	18.2767	0	54445.9	147845	9.36073	40.0243	3.125e-06	0	6.25e-06	0	0	0	
496	bld-496	44278.5	20.9122	0	24800.2	77705.7	10.5662	51.5696	3.125e-06	0	9.375e-06	0	0	0	
497	bld-497	90899.5	48.6616	0	61902.6	125052	28.4613	87.8555	3.125e-05	1.5625e-05	6.25e-05	0	0	0	
498	bld-498	17923.2	23.628	0	8371.24	32325.6	11.4873	53.0425	6.25e-06	0	6.25e-05	0	0	6.25e-06	
499	bld-499	22306.5	27.6429	0	10390.6	39460.2	12.6117	61.5915	1.25e-05	0	6.25e-05	0	0	6.25e-06	
500	bld-500	34933.9	20.3489	0	17475.3	65029	9.50523	48.402	4.16667e-06	0	1.66667e-05	0	0	0	
501	bld-501	57625.3	41.6916	0	38359.6	83505.3	26.5453	75.8734	1.04167e-05	0	2.08333e-05	0	0	0	
502	bld-502	53189.9	46.7532	0	33861.2	78837	28.2161	83.6193	1.04167e-05	0	2.08333e-05	0	0	0	
503	bld-503	60119.4	43.3633	0	38105.2	84073.9	26.8311	83.0435	1.04167e-05	0	2.08333e-05	0	0	0	
504	bld-504	60189.4	43.6018	0	37790.9	85553.2	26.5771	82.8324	1.04167e-05	0	2.08333e-05	0	0	0	
505	bld-505	56434.8	42.56	0	35806.7	81747.5	24.5018	74.2288	1.04167e-05	0	2.08333e-05	0	0	0	
506	bld-506	451999	179	0.256	342953	605027	153.252	179	0.00480357	0.00480357	0.00480357	0.0008375	0.0008375	0.0008375	
507	bld-507	102323	28.9312	0.002	67431.3	150268	20.6845	41.3046	0.0142857	0.0142857	0.0142857	0.0025	0.0025	0.0025	
508	bld-508	15523.2	44.1884	0.141	8085.62	27109.6	26.5244	71.7978	0.0142857	0.0142857	0.0142857	0.0025	0.0025	0.0025	
509	bld-509	15566.2	42.9904	0.141	8516.15	26813.5	25.9335	67.0811	0.0142857	0.0142857	0.0142857	0.0025	0.0025	0.0025	
510	bld-510	27005.7	27.5886	0.013	17095.2	42765.9	19.2142	40.8009	0.0142857	0.0142857	0.0142857	0.0025	0.0025	0.0025	
511	bld-511	83494.4	27.1331	0	59298.5	116912	13.8926	150.323	3.125e-05	2.08333e-05	4.16667e-05	0	0	0	
512	bld-512	84783.5	29.8246	0	58000.5	117792	14.2614	177.443	3.125e-05	2.08333e-05	4.16667e-05	0	0	0	
513	bld-513	33704.1	35.648	0	21844.3	48651.8	13.0738	78.4316	1.04167e-05	1.04167e-05	3.125e-05	0	0	0	
514	bld-514	57501.6	34.8259	0	38518.8	80666.5	17.4278	119.05	2.08333e-05	1.04167e-05	3.125e-05	0	0	0	
515	bld-515	52751.3	33.257	0	36027.7	73729	16.6828	116.516	2.08333e-05	1.04167e-05	3.125e-05	0	0	0	
516	bld-516	24174.7	39.4287	0.001	14559.6	36662.4	7.58853	82.7989	1.04167e-05	0	2.08333e-05	0	0	0	
517	bld-517	100792	31.0332	0	73774.5	135201	15.0704	175.951	3.125e-05	2.08333e-05	4.16667e-05	0	0	0	
518	bld-518	63497	33.5215	0	42710.8	89292.6	16.9075	151.125	2.08333e-05	1.04167e-05	3.125e-05	0	0	0	
519	bld-519	24594.3	39.8742	0	15497	36003.7	8.37109	80.948	1.04167e-05	0	2.08333e-05	0	0	0	
520	bld-520	101954	29.5601	0	72062.5	139798	14.0269	174.735	3.125e-05	2.08333e-05	4.16667e-05	0	0	0	
521	bld-521	67868.3	29.2002	0	46950.6	96448	14.6375	154.506	2.08333e-05	1.04167e-05	3.125e-05	0	0	0	
522	bld-522	50881.1	39.4674	0	35701	70752.6	19.9397	97.5185	2.08333e-05	1.04167e-05	3.125e-05	0	0	0	
523	bld-523	51061	34.0662	0	36060.8	73398.5	16.0528	125.145	2.08333e-05	1.04167e-05	3.125e-05	0	0	0	
524	bld-524	70269.5	30.2594	0	49546.3	98539	14.961	168.63	2.08333e-05	1.04167e-05	4.16667e-05	0	0	0	
525	bld-525	65017	33.7459	0	44355.3	89929.3	16.6286	174.912	2.08333e-05	1.04167e-05	3.125e-05	0	0	0	
526	bld-526	67194.9	29.8199	0	47358.7	94675.8	15.304	155.809	2.08333e-05	1.04167e-05	3.125e-05	0	0	0	
527	bld-527	69.6811	0	0	0	9725.58	0	0	0	0	0	0	0	0	
528	bld-528	109444	24.6594	0	68599.8	157452	12.14	96.5762	3.47222e-05	3.47222e-06	6.25e-05	3.47222e-06	0	3.47222e-06	
529	bld-529	286743	66.2986	0	226953	356870	42.332	113.512	3.57143e-05	2.67857e-05	6.25e-05	0	0	0	
530	bld-530	304835	66.7149	0	242732	374700	43.219	112.723	3.57143e-05	2.67857e-05	5.35714e-05	0	0	0	
531	bld-531	220233	69.472	0	170438	275748	42.5633	119.796	3.57143e-05	2.67857e-05	6.25e-05	0	0	0	
532	bld-532	177026	68.0008	0	134801	225063	41.6997	123.858	3.57143e-05	1.78571e-05	6.25e-05	0	0	0	
533	bld-533	221130	69.1812	0	171225	274170	44.3355	116.266	3.57143e-05	2.67857e-05	6.25e-05	0	0	0	
534	bld-534	267447	67.0191	0	209393	329217	43.4549	112.341	3.57143e-05	2.67857e-05	6.25e-05	0	0	0	
535	bld-535	213004	67.5258	0	165361	271431	42.1017	119.733	3.57143e-05	2.67857e-05	6.25e-05	0	0	0	
536	bld-536	185423	74.1364	0	141467	233262	44.7212	127.351	3.57143e-05	2.67857e-05	6.25e-05	0	0	0	
537	bld-537	267136	59.1128	0	207700	324651	38.1163	99.3353	1.38889e-05	6.94444e-06	2.77778e-05	0	0	0	
538	bld-538	247226	61.8936	0	194927	312137	39.8224	111.019	2.08333e-05	1.38889e-05	3.47222e-05	0	0	0	
539	bld-539	212427	73.8949	0	162109	265993	46.2057	121.762	3.57143e-05	2.67857e-05	6.25e-05	0	0	0	
540	bld-540	128111	74.2054	0	93597.6	167087	42.4343	129.58	4.46429e-05	2.67857e-05	8.03571e-05	0	0	0	
541	bld-541	173073	74.3156	0	132324	221209	44.3579	124.231	3.57143e-05	1.78571e-05	6.25e-05	0	0	0	
542	bld-542	39565.1	22.3257	0.001	21600.9	62348.9	13.2202	47.3523	1.04167e-05	0	0.000104167	0	0	1.04167e-05	
543	bld-543	183112	67.0897	0	137681	229561	42.9232	120.77	3.57143e-05	1.78571e-05	6.25e-05	0	0	0	
544	bld-544	12763.2	27.5024	0	4455.26	28628.1	11.117	62.0465	1.5625e-06	0	1.5625e-05	0	0	0	
545	bld-545	34172.9	20.2524	0	15987.8	63330.8	10.5273	44.8738	2.5e-06	0	5e-06	0	0	0	
546	bld-546	18598.3	23.4765	0	7780.09	36997.5	11.0391	51.5468	3.125e-06	0	1.25e-05	0	0	0	
547	bld-547	40776.7	20.3982	0	20731.7	71371.3	9.6626	44.0569	3.125e-06	0	1.25e-05	0	0	0	
548	bld-548	16242.9	25.4104	0	6443.08	31068.4	9.69806	56.3593	4.16667e-06	0	4.16667e-05	0	0	4.16667e-06	
549	bld-549	61036.1	18.7348	0	32488.9	102738	9.59126	43.648	2.5e-06	0	2.5e-06	0	0	0	
550	bld-550	127516	18.6394	0	81444.8	194140	9.52785	41.8734	3.125e-06	0	6.25e-06	0	0	0	
551	bld-551	100875	17.8899	0	70032.6	136169	11.3899	29.3875	2.5e-05	2.5e-05	6.25e-05	0	0	0	
552	bld-552	87757.1	40.7669	0	59394.8	120374	23.9382	75.4445	1.25e-05	0	2.5e-05	0	0	0	
553	bld-553	56337.4	15.4208	0	27798.9	94466	8.09104	84.5069	0	0	5.20833e-05	0	0	5.20833e-06	
554	bld-554	43473.9	20.7512	0	27636.8	65828.8	8.83786	92.7641	2.08333e-05	2.08333e-05	0.000208333	0	0	2.08333e-05	
555	bld-555	2755.65	3.21188	0	397.623	7221.95	0	43.2101	0	0	3.125e-05	0	0	0	
556	bld-556	77479.2	31.6536	0.005	49290	117849	20.747	54.0932	0.0119048	0.0119048	0.0119048	0.00208333	0.00208333	0.00208333	
557	bld-557	31476.7	35.5672	0.065	19538.2	50817.2	22.6699	53.1967	0.0119048	0.0119048	0.0119048	0.00208333	0.00208333	0.00208333	
558	bld-558	284399	133.239	0.407	195287	417073	98.8409	179	0.0047619	0.0047619	0.00477024	0.000833333	0.000833333	0.000833333	
559	bld-559	233869	46.3203	0	173031	316432	26.8859	87.7743	1.66667e-05	9.72222e-06	2.63889e-05	0	0	1.38889e-06	
560	bld-560	284439	28.9308	0	201054	397955	15.5719	55.6354	8.33333e-06	4.16667e-06	1.45833e-05	0	0	0	
561	bld-561	8759.22	5.89797	0	2618.9	28976.4	0	65.985	0	0	0	0	0	0	
562	bld-562	1.09424e+06	38.1568	0	960654	1.2548e+06	23.0627	74.0905	3.5e-05	2.75e-05	5e-05	0	0	0	
563	bld-563	34368.9	9.56901	0	16467.2	58039.9	4.76063	24.9134	0	0	8.33333e-06	0	0	0	
564	bld-564	60991.6	9.19262	0	32588.1	95225.5	4.53906	29.5572	0	0	0	0	0	0	
565	bld-565	93611.6	17.9278	0	65335	127610	10.3172	39.5725	1.25e-05	6.25e-06	1.875e-05	0	0	0	
566	bld-566	73614.4	14.4631	0	46629.9	111223	7.59382	66.3893	0	0	5e-06	0	0	0	
567	bld-567	83366.4	18.2942	0	49667.5	134708	9.47382	40.7079	0	0	2.5e-06	0	0	0	
568	bld-568	75596.4	10.9893	0	36893.7	140771	4.89072	36.4991	0	0	0	0	0	0	
569	bld-569	40311.6	7.05891	0	21400.7	73020.4	1.92618	131.497	0	0	0	0	0	0	
570	bld-570	316960	9.33862	0	242577	428520	4.55106	27.4638	5e-06	0	1e-05	0	0	0	
571	bld-571	64624.1	12.3458	0	38394	100363	5.33494	179	0	0	0	0	0	0	
572	bld-572	458955	19.8292	0	375635	560031	10.6293	47.23	1.5e-05	1e-05	2e-05	0	0	0	
573	bld-573	455286	55.2699	0	361107	572986	32.9325	103.598	1.93182e-05	1.36364e-05	2.84091e-05	0	0	1.13636e-06	
574	bld-574	158513	60.9591	0	116477	207352	34.6057	107.853	2.38636e-05	1.36364e-05	3.52273e-05	1.13636e-06	0	2.27273e-06	
575	bld-575	145312	30.6249	0	108915	187117	17.2542	66.2051	4.54545e-05	2.95455e-05	6.59091e-05	2.27273e-06	0	2.27273e-06	
576	bld-576	802031	14.2781	0	587711	1.16193e+06	6.74649	29.1393	2.5e-06	0	2.5e-05	0	0	2.5e-06	
577	bld-577	11511.8	11.0275	0	2384.58	29272.1	2.83096	30.1021	0	0	0	0	0	0	
578	bld-578	11500.1	11.3393	0	2777.72	30744.2	3.49338	30.2031	0	0	0	0	0	0	
579	bld-579	72029.4	23.287	0	44861.6	121856	11.4552	57.9231	2.5e-06	0	7.5e-06	0	0	0	
580	bld-580	3.82856e+06	179	0.349	2.77634e+06	5.23038e+06	144.313	179	0.00181696	0.00181696	0.00357143	0.000315625	0.000315625	0.000625	
581	bld-581	61772.7	7.85684	0	31446.2	100591	3.57036	91.3688	0	0	0	0	0	0	
582	bld-582	883599	110.426	0.198	618285	1.26344e+06	83.2629	149.158	0.00477024	0.0047619	0.00477024	0.000833333	0.000833333	0.000833333	
583	bld-583	60552	8.89609	0	33709.6	95912.2	3.78903	83.1343	0	0	0	0	0	0	
584	bld-584	5621.52	10.4189	0	707.15	17642	0.849502	29.1695	0	0	6.25e-06	0	0	0	
585	bld-585	303033	15.3314	0	236159	391523	9.90492	25.7099	2.5e-05	2.5e-05	6.25e-05	0	0	0	
586	bld-586	5418.66	1.86336	0	2908.66	11629.6	0.923578	3.17198	0	0	0.000208333	0	0	2.08333e-05	
587	bld-587	358369	16.2061	0	257956	530673	8.48543	33.9439	2.5e-06	0	5e-06	0	0	0	
588	bld-588	36236.2	6.57044	0	16289.6	66863.4	3.03475	28.8633	0	0	6.25e-06	0	0	0	
589	bld-589	64013.6	23.2848	0	37594.5	107260	12.0193	53.3907	2.5e-06	0	1e-05	0	0	0	
590	bld-590	37891	10.1257	0	18585.6	65391.6	5.02604	26.8496	0	0	5e-06	0	0	0	
591	bld-591	97196.7	16.5933	0	67323.5	135886	8.98423	42.6289	1.07143e-05	7.14286e-06	2.14286e-05	0	0	0	
592	bld-592	155217	19.6257	0	101424	241312	9.62035	42.0373	2.5e-06	0	5e-06	0	0	0	
593	bld-593	1.38095e+06	37.5444	0	1.22544e+06	1.5398e+06	23.8973	71.6333	3.33333e-05	2.70833e-05	4.58333e-05	0	0	2.08333e-06	
594	bld-594	8211.81	2.41301	0	2737.61	18711.6	0	13.9882	0	0	0	0	0	0	
595	bld-595	162390	7.94542	0	111158	229396	4.087	25.8432	0	0	0	0	0	0	
596	bld-596	40917.5	24.7848	0	25566.2	60626.7	10.5087	95.6047	8.33333e-05	2.08333e-05	0.000208333	0	0	2.08333e-05	
597	bld-597	30277.8	25.8651	0	17592.9	47113.8	8.90295	62.2624	2.08333e-05	2.08333e-05	0.000208333	0	0	2.08333e-05	
598	bld-598	1138.3	0	0	143.579	3418.52	0	0	0	0	0	0	0	0	
599	bld-599	967.815	0	0.001	108.855	3277.17	0	0.244188	0	0	3.125e-05	0	0	0	
600	bld-600	8528.72	5.08815	0	2752.77	17087.9	0.527831	39.1472	3.125e-05	0	3.125e-05	0	0	0	
601	bld-601	9535.19	7.84959	0	3559.21	19021.3	0.755996	32.5698	3.125e-05	0	3.125e-05	0	0	0	
602	bld-602	2827.37	2.65425	0	529.765	6794.43	0	48.2313	0	0	3.125e-05	0	0	0	
603	bld-603	19390.3	25.1409	0	10039.5	32054.6	4.57306	54.1394	2.08333e-05	2.08333e-05	0.000208333	0	0	2.08333e-05	
604	bld-604	1780.07	0	0	201.187	5079.67	0	4.71186	0	0	0.000125	0	0	0	
605	bld-605	14164.4	12.5435	0	5768.24	27702.7	1.11827	35.7059	3.125e-05	0	3.125e-05	0	0	0	
606	bld-606	6899.6	3.89835	0	2293.53	15445	0	34.4645	3.125e-05	0	3.125e-05	0	0	0	
607	bld-607	6584.05	3.38413	0	2040.6	13535.3	0	32.7458	3.125e-05	0	3.125e-05	0	0	0	
608	bld-608	3497.73	1.85775	0	597.134	8604.64	0	51.2336	0	0	3.125e-05	0	0	0	
609	bld-609	1858.83	0	0	208.009	4946.84	0	4.37267	0	0	0.000125	0	0	0	
610	bld-610	5664.93	3.12984	0	1513.97	12482.2	0	39.7578	3.125e-05	0	3.125e-05	0	0	0	
611	bld-611	3978.96	2.78531	0	989.539	9491.6	0	56.1418	0	0	3.125e-05	0	0	0	
612	bld-612	8270.28	4.84568	0	2975.75	17389	0.46008	41.4315	3.125e-05	0	3.125e-05	0	0	0	
613	bld-613	2810.19	1.75855	0	406.777	6701	0	44.6841	0	0	3.125e-05	0	0	0	
614	bld-614	2440.97	0.78632	0	321.5	6148.49	0	46.5497	0	0	3.125e-05	0	0	0	
615	bld-615	9033.71	5.72758	0	3109.01	18181.5	0.534998	33.7479	3.125e-05	0	3.125e-05	0	0	0	
616	bld-616	8931.05	6.085	0	3524.84	19117	0.666314	33.3198	3.125e-05	0	3.125e-05	0	0	0	
617	bld-617	27021.1	13.1414	0	14514.1	48074.2	4.07215	77.7379	3.125e-05	3.125e-05	3.125e-05	0	0	0	
618	bld-618	2161.13	0.651596	0.001	306.361	5846.38	0	37.3884	0	0	0.000125	0	0	0	
