619																					
Blg_LB	Stories	height	Year	T1	T2	Area	IM	Site_CD	Site_GP	YieldOver	PeakOver	YieldStiff	PGA	dt	Ttime	StrucType	matcodeinput	OutputCtrl	BlgCondition	MasonryWallRatio	Width
1	4	10	1990	-1	-1	3088.01	8	2	1	-1	-1	-1	2.55	0.001	90	0	0	20001100	-1	-1	-1
2	2	6	1990	-1	-1	199.627	8	2	1	-1	-1	-1	2.55	0.001	90	3	0	20001100	-1	-1	-1
3	2	6	1980	-1	-1	192.134	8	2	1	-1	-1	-1	2.55	0.001	90	3	0	20001100	-1	-1	-1
4	2	6	1995	-1	-1	150.389	8	2	1	-1	-1	-1	2.55	0.001	90	3	0	20001100	-1	-1	-1
5	2	6	1995	-1	-1	300.618	8	2	1	-1	-1	-1	2.55	0.001	90	3	0	20001100	-1	-1	-1
6	2	12	1990	-1	-1	593.422	8	2	1	-1	-1	-1	2.55	0.001	90	0	0	20001100	-1	-1	-1
7	2	12	1990	-1	-1	353.388	8	2	1	-1	-1	-1	2.55	0.001	90	0	0	20001100	-1	-1	-1
8	2	6	1990	-1	-1	43.4815	8	2	1	-1	-1	-1	2.55	0.001	90	1	0	20001100	-1	-1	-1
9	2	6	1990	-1	-1	109.227	8	2	1	-1	-1	-1	2.55	0.001	90	1	0	20001100	-1	-1	-1
10	2	6	1990	-1	-1	113.318	8	2	1	-1	-1	-1	2.55	0.001	90	1	0	20001100	-1	-1	-1
11	1	3.5	1990	-1	-1	287.72	8	2	1	-1	-1	-1	2.55	0.001	90	0	0	20001100	-1	-1	-1
12	1	3.5	1990	-1	-1	50.2368	8	2	1	-1	-1	-1	2.55	0.001	90	0	0	20001100	-1	-1	-1
13	3	8.4	1970	-1	-1	391.333	8	2	1	-1	-1	-1	2.55	0.001	90	2	0	20001100	-1	-1	-1
14	3	8.4	1970	-1	-1	930.915	8	2	1	-1	-1	-1	2.55	0.001	90	2	0	20001100	-1	-1	-1
15	3	8.4	1970	-1	-1	202.731	8	2	1	-1	-1	-1	2.55	0.001	90	2	0	20001100	-1	-1	-1
16	3	8.4	1970	-1	-1	553.818	8	2	1	-1	-1	-1	2.55	0.001	90	2	0	20001100	-1	-1	-1
17	3	7.5	1970	-1	-1	1484.63	8	2	1	-1	-1	-1	2.55	0.001	90	0	0	20001100	-1	-1	-1
18	1	3	1970	-1	-1	366.875	8	2	1	-1	-1	-1	2.55	0.001	90	2	0	20001100	-1	-1	-1
19	2	6	1970	-1	-1	759.546	8	2	1	-1	-1	-1	2.55	0.001	90	2	0	20001100	-1	-1	-1
20	3	9	1970	-1	-1	1142.96	8	2	1	-1	-1	-1	2.55	0.001	90	2	0	20001100	-1	-1	-1
21	8	20	2011	-1	-1	8427	8	2	1	-1	-1	-1	2.55	0.001	90	1	0	20001100	-1	-1	-1
22	11	27.5	2011	-1	-1	3948.28	8	2	1	-1	-1	-1	2.55	0.001	90	1	0	20001100	-1	-1	-1
23	2	8	1980	-1	-1	1982.26	8	2	1	-1	-1	-1	2.55	0.001	90	0	0	20001100	-1	-1	-1
24	2	6	1980	-1	-1	128.702	8	2	1	-1	-1	-1	2.55	0.001	90	0	0	20001100	-1	-1	-1
25	2	6	1980	-1	-1	217.712	8	2	1	-1	-1	-1	2.55	0.001	90	0	0	20001100	-1	-1	-1
26	2	6	1980	-1	-1	199.368	8	2	1	-1	-1	-1	2.55	0.001	90	0	0	20001100	-1	-1	-1
27	2	6	1980	-1	-1	153.661	8	2	1	-1	-1	-1	2.55	0.001	90	0	0	20001100	-1	-1	-1
28	2	6	1980	-1	-1	43.7642	8	2	1	-1	-1	-1	2.55	0.001	90	0	0	20001100	-1	-1	-1
29	2	6	1980	-1	-1	90.3421	8	2	1	-1	-1	-1	2.55	0.001	90	0	0	20001100	-1	-1	-1
30	2	6	1980	-1	-1	29.431	8	2	1	-1	-1	-1	2.55	0.001	90	0	0	20001100	-1	-1	-1
31	2	6	1980	-1	-1	81.5233	8	2	1	-1	-1	-1	2.55	0.001	90	0	0	20001100	-1	-1	-1
32	2	6	1980	-1	-1	42.3873	8	2	1	-1	-1	-1	2.55	0.001	90	0	0	20001100	-1	-1	-1
33	2	6	1980	-1	-1	48.047	8	2	1	-1	-1	-1	2.55	0.001	90	0	0	20001100	-1	-1	-1
34	3	7.5	1970	-1	-1	1995.91	8	2	1	-1	-1	-1	2.55	0.001	90	0	0	20001100	-1	-1	-1
35	3	7.5	1970	-1	-1	1085.36	8	2	1	-1	-1	-1	2.55	0.001	90	0	0	20001100	-1	-1	-1
36	1	10	2008	-1	-1	10050.7	8	2	1	-1	-1	-1	2.55	0.001	90	3	0	20001100	-1	-1	-1
37	2	10	2009	-1	-1	3764.88	8	2	1	-1	-1	-1	2.55	0.001	90	0	0	20001100	-1	-1	-1
38	1	4.5	1990	-1	-1	3373.31	8	2	1	-1	-1	-1	2.55	0.001	90	0	0	20001100	-1	-1	-1
39	1	10	2001	-1	-1	4070.03	8	2	1	-1	-1	-1	2.55	0.001	90	0	0	20001100	-1	-1	-1
40	5	12.5	1990	-1	-1	549.053	8	2	1	-1	-1	-1	2.55	0.001	90	1	0	20001100	-1	-1	-1
41	5	12.5	1990	-1	-1	504.059	8	2	1	-1	-1	-1	2.55	0.001	90	1	0	20001100	-1	-1	-1
42	5	12.5	1990	-1	-1	553.789	8	2	1	-1	-1	-1	2.55	0.001	90	1	0	20001100	-1	-1	-1
43	2	6.4	1983	-1	-1	1299.22	8	2	1	-1	-1	-1	2.55	0.001	90	0	0	20001100	-1	-1	-1
44	7	17.5	1990	-1	-1	873.308	8	2	1	-1	-1	-1	2.55	0.001	90	1	0	20001100	-1	-1	-1
45	2	5	1970	-1	-1	248.308	8	2	1	-1	-1	-1	2.55	0.001	90	2	0	20001100	-1	-1	-1
46	2	5	1970	-1	-1	164.242	8	2	1	-1	-1	-1	2.55	0.001	90	2	0	20001100	-1	-1	-1
47	5	14	1970	-1	-1	716.509	8	2	1	-1	-1	-1	2.55	0.001	90	2	0	20001100	-1	-1	-1
48	3	9	1980	-1	-1	529.77	8	2	1	-1	-1	-1	2.55	0.001	90	0	0	20001100	-1	-1	-1
49	5	14	1990	-1	-1	693.166	8	2	1	-1	-1	-1	2.55	0.001	90	1	0	20001100	-1	-1	-1
50	5	16	2009	-1	-1	3777.74	8	2	1	-1	-1	-1	2.55	0.001	90	1	0	20001100	-1	-1	-1
51	4	16	1995	-1	-1	630	8	2	1	-1	-1	-1	2.55	0.001	90	0	0	20001100	-1	-1	-1
52	1	4	1995	-1	-1	2473.11	8	2	1	-1	-1	-1	2.55	0.001	90	3	0	20001100	-1	-1	-1
53	2	8	1995	-1	-1	1753.21	8	2	1	-1	-1	-1	2.55	0.001	90	3	0	20001100	-1	-1	-1
54	2	6	1995	-1	-1	199.763	8	2	1	-1	-1	-1	2.55	0.001	90	3	0	20001100	-1	-1	-1
55	2	6	1995	-1	-1	295.67	8	2	1	-1	-1	-1	2.55	0.001	90	3	0	20001100	-1	-1	-1
56	2	12	1995	-1	-1	182.51	8	2	1	-1	-1	-1	2.55	0.001	90	3	0	20001100	-1	-1	-1
57	1	2.8	1995	-1	-1	1199.59	8	2	1	-1	-1	-1	2.55	0.001	90	0	0	20001100	-1	-1	-1
58	2	6	1995	-1	-1	186.4	8	2	1	-1	-1	-1	2.55	0.001	90	3	0	20001100	-1	-1	-1
59	4	11.2	1970	-1	-1	1138.8	8	2	1	-1	-1	-1	2.55	0.001	90	1	0	20001100	-1	-1	-1
60	4	11.2	1970	-1	-1	1107.59	8	2	1	-1	-1	-1	2.55	0.001	90	1	0	20001100	-1	-1	-1
61	1	3	1990	-1	-1	749.366	8	2	1	-1	-1	-1	2.55	0.001	90	0	0	20001100	-1	-1	-1
62	4	11.2	1970	-1	-1	791.23	8	2	1	-1	-1	-1	2.55	0.001	90	1	0	20001100	-1	-1	-1
63	4	11.2	1970	-1	-1	795.606	8	2	1	-1	-1	-1	2.55	0.001	90	1	0	20001100	-1	-1	-1
64	4	12.8	1931	-1	-1	1506.62	8	2	1	-1	-1	-1	2.55	0.001	90	2	0	20001100	-1	-1	-1
65	4	12.8	2004	-1	-1	1696.53	8	2	1	-1	-1	-1	2.55	0.001	90	1	0	20001100	-1	-1	-1
66	3	9.6	1932	-1	-1	782.064	8	2	1	-1	-1	-1	2.55	0.001	90	2	0	20001100	-1	-1	-1
67	3	9.6	1934	-1	-1	958.194	8	2	1	-1	-1	-1	2.55	0.001	90	2	0	20001100	-1	-1	-1
68	3	9.6	1930	-1	-1	1559.1	8	2	1	-1	-1	-1	2.55	0.001	90	2	0	20001100	-1	-1	-1
69	3	9.6	1934	-1	-1	1733.46	8	2	1	-1	-1	-1	2.55	0.001	90	2	0	20001100	-1	-1	-1
70	2	6.4	1934	-1	-1	1388.11	8	2	1	-1	-1	-1	2.55	0.001	90	0	0	20001100	-1	-1	-1
71	4	12.8	1954	-1	-1	2098.59	8	2	1	-1	-1	-1	2.55	0.001	90	2	0	20001100	-1	-1	-1
72	4	12.8	1954	-1	-1	2410.25	8	2	1	-1	-1	-1	2.55	0.001	90	2	0	20001100	-1	-1	-1
73	4	12.8	1954	-1	-1	869.034	8	2	1	-1	-1	-1	2.55	0.001	90	2	0	20001100	-1	-1	-1
74	4	12.8	1954	-1	-1	872.564	8	2	1	-1	-1	-1	2.55	0.001	90	2	0	20001100	-1	-1	-1
75	3	9.6	1951	-1	-1	681.189	8	2	1	-1	-1	-1	2.55	0.001	90	2	0	20001100	-1	-1	-1
76	3	9.6	1951	-1	-1	669.242	8	2	1	-1	-1	-1	2.55	0.001	90	2	0	20001100	-1	-1	-1
77	4	14	1999	-1	-1	2958.18	8	2	1	-1	-1	-1	2.55	0.001	90	1	0	20001100	-1	-1	-1
78	2	12	1971	-1	-1	4641.32	8	2	1	-1	-1	-1	2.55	0.001	90	0	0	20001100	-1	-1	-1
79	4	16	1987	-1	-1	1104.77	8	2	1	-1	-1	-1	2.55	0.001	90	0	0	20001100	-1	-1	-1
80	2	8	1987	-1	-1	1467.28	8	2	1	-1	-1	-1	2.55	0.001	90	0	0	20001100	-1	-1	-1
81	1	3.2	1970	-1	-1	948.178	8	2	1	-1	-1	-1	2.55	0.001	90	0	0	20001100	-1	-1	-1
82	4	14	1986	-1	-1	1452.7	8	2	1	-1	-1	-1	2.55	0.001	90	3	0	20001100	-1	-1	-1
83	1	3.2	1972	-1	-1	1371.68	8	2	1	-1	-1	-1	2.55	0.001	90	0	0	20001100	-1	-1	-1
84	3	9.6	1932	-1	-1	1018.25	8	2	1	-1	-1	-1	2.55	0.001	90	0	0	20001100	-1	-1	-1
85	2	6.4	1922	-1	-1	1100.35	8	2	1	-1	-1	-1	2.55	0.001	90	0	0	20001100	-1	-1	-1
86	3	9	1954	-1	-1	845.181	8	2	1	-1	-1	-1	2.55	0.001	90	0	0	20001100	-1	-1	-1
87	2	6	1952	-1	-1	650.773	8	2	1	-1	-1	-1	2.55	0.001	90	2	0	20001100	-1	-1	-1
88	3	9.6	1919	-1	-1	1319.63	8	2	1	-1	-1	-1	2.55	0.001	90	2	0	20001100	-1	-1	-1
89	1	3.6	1915	-1	-1	954.371	8	2	1	-1	-1	-1	2.55	0.001	90	2	0	20001100	-1	-1	-1
90	1	3.6	1915	-1	-1	2008.52	8	2	1	-1	-1	-1	2.55	0.001	90	2	0	20001100	-1	-1	-1
91	4	12.8	1932	-1	-1	739.594	8	2	1	-1	-1	-1	2.55	0.001	90	2	0	20001100	-1	-1	-1
92	4	12.8	1930	-1	-1	1400.69	8	2	1	-1	-1	-1	2.55	0.001	90	1	0	20001100	-1	-1	-1
93	3	9.6	1954	-1	-1	285.514	8	2	1	-1	-1	-1	2.55	0.001	90	2	0	20001100	-1	-1	-1
94	3	9.6	1954	-1	-1	1507.37	8	2	1	-1	-1	-1	2.55	0.001	90	2	0	20001100	-1	-1	-1
95	4	12.8	1954	-1	-1	395.873	8	2	1	-1	-1	-1	2.55	0.001	90	2	0	20001100	-1	-1	-1
96	3	9.6	1954	-1	-1	1501.07	8	2	1	-1	-1	-1	2.55	0.001	90	2	0	20001100	-1	-1	-1
97	3	9.6	1954	-1	-1	250.977	8	2	1	-1	-1	-1	2.55	0.001	90	2	0	20001100	-1	-1	-1
98	5	16	1954	-1	-1	1290.58	8	2	1	-1	-1	-1	2.55	0.001	90	2	0	20001100	-1	-1	-1
99	6	19.2	1954	-1	-1	1941.71	8	2	1	-1	-1	-1	2.55	0.001	90	2	0	20001100	-1	-1	-1
100	4	12.8	1950	-1	-1	984.994	8	2	1	-1	-1	-1	2.55	0.001	90	1	0	20001100	-1	-1	-1
101	1	3.2	1950	-1	-1	438.699	8	2	1	-1	-1	-1	2.55	0.001	90	0	0	20001100	-1	-1	-1
102	2	6.4	1950	-1	-1	671.142	8	2	1	-1	-1	-1	2.55	0.001	90	2	0	20001100	-1	-1	-1
103	1	3.2	1950	-1	-1	1033.91	8	2	1	-1	-1	-1	2.55	0.001	90	2	0	20001100	-1	-1	-1
104	7	24.5	1987	-1	-1	889.73	8	2	1	-1	-1	-1	2.55	0.001	90	1	0	20001100	-1	-1	-1
105	2	6.4	1980	-1	-1	435.581	8	2	1	-1	-1	-1	2.55	0.001	90	3	0	20001100	-1	-1	-1
106	1	3.2	1930	-1	-1	361.812	8	2	1	-1	-1	-1	2.55	0.001	90	2	0	20001100	-1	-1	-1
107	1	3.2	1989	-1	-1	367.541	8	2	1	-1	-1	-1	2.55	0.001	90	0	0	20001100	-1	-1	-1
108	1	3.2	1970	-1	-1	134.803	8	2	1	-1	-1	-1	2.55	0.001	90	0	0	20001100	-1	-1	-1
109	1	3.2	1980	-1	-1	997.127	8	2	1	-1	-1	-1	2.55	0.001	90	0	0	20001100	-1	-1	-1
110	3	9.6	1951	-1	-1	375.023	8	2	1	-1	-1	-1	2.55	0.001	90	2	0	20001100	-1	-1	-1
111	3	9.6	1940	-1	-1	700.709	8	2	1	-1	-1	-1	2.55	0.001	90	2	0	20001100	-1	-1	-1
112	4	12.8	1988	-1	-1	2311.68	8	2	1	-1	-1	-1	2.55	0.001	90	0	0	20001100	-1	-1	-1
113	2	6.4	1911	-1	-1	368.749	8	2	1	-1	-1	-1	2.55	0.001	90	2	0	20001100	-1	-1	-1
114	3	9.6	1955	-1	-1	3721.79	8	2	1	-1	-1	-1	2.55	0.001	90	0	0	20001100	-1	-1	-1
115	3	9.6	1934	-1	-1	1037.58	8	2	1	-1	-1	-1	2.55	0.001	90	0	0	20001100	-1	-1	-1
116	2	6.4	1920	-1	-1	562.672	8	2	1	-1	-1	-1	2.55	0.001	90	2	0	20001100	-1	-1	-1
117	1	3.2	1950	-1	-1	1704.46	8	2	1	-1	-1	-1	2.55	0.001	90	2	0	20001100	-1	-1	-1
118	1	3.2	1999	-1	-1	343.357	8	2	1	-1	-1	-1	2.55	0.001	90	3	0	20001100	-1	-1	-1
119	3	9.6	2001	-1	-1	3513.29	8	2	1	-1	-1	-1	2.55	0.001	90	0	0	20001100	-1	-1	-1
120	3	9.6	1990	-1	-1	1807.23	8	2	1	-1	-1	-1	2.55	0.001	90	0	0	20001100	-1	-1	-1
121	1	3.2	1980	-1	-1	779.529	8	2	1	-1	-1	-1	2.55	0.001	90	3	0	20001100	-1	-1	-1
122	1	3.2	1980	-1	-1	656.988	8	2	1	-1	-1	-1	2.55	0.001	90	3	0	20001100	-1	-1	-1
123	1	3.2	1980	-1	-1	1045.74	8	2	1	-1	-1	-1	2.55	0.001	90	3	0	20001100	-1	-1	-1
124	1	3.2	1980	-1	-1	433.914	8	2	1	-1	-1	-1	2.55	0.001	90	3	0	20001100	-1	-1	-1
125	1	3.2	1980	-1	-1	206.369	8	2	1	-1	-1	-1	2.55	0.001	90	3	0	20001100	-1	-1	-1
126	3	10.5	1995	-1	-1	2315.04	8	2	1	-1	-1	-1	2.55	0.001	90	0	0	20001100	-1	-1	-1
127	2	6.4	1916	-1	-1	2944.65	8	2	1	-1	-1	-1	2.55	0.001	90	2	0	20001100	-1	-1	-1
128	3	10.5	2006	-1	-1	8221.19	8	2	1	-1	-1	-1	2.55	0.001	90	0	0	20001100	-1	-1	-1
129	3	9.6	2000	-1	-1	818.214	8	2	1	-1	-1	-1	2.55	0.001	90	0	0	20001100	-1	-1	-1
130	4	14	1988	-1	-1	784.17	8	2	1	-1	-1	-1	2.55	0.001	90	3	0	20001100	-1	-1	-1
131	2	7	1988	-1	-1	2129.84	8	2	1	-1	-1	-1	2.55	0.001	90	0	0	20001100	-1	-1	-1
132	3	9.6	1935	-1	-1	650.94	8	2	1	-1	-1	-1	2.55	0.001	90	2	0	20001100	-1	-1	-1
133	2	7	1935	-1	-1	1135.96	8	2	1	-1	-1	-1	2.55	0.001	90	2	0	20001100	-1	-1	-1
134	1	3.2	1981	-1	-1	646.693	8	2	1	-1	-1	-1	2.55	0.001	90	0	0	20001100	-1	-1	-1
135	1	5	1981	-1	-1	650.268	8	2	1	-1	-1	-1	2.55	0.001	90	0	0	20001100	-1	-1	-1
136	2	6.4	1981	-1	-1	1057.75	8	2	1	-1	-1	-1	2.55	0.001	90	0	0	20001100	-1	-1	-1
137	1	3.2	1952	-1	-1	397.666	8	2	1	-1	-1	-1	2.55	0.001	90	0	0	20001100	-1	-1	-1
138	2	7	1952	-1	-1	1471.89	8	2	1	-1	-1	-1	2.55	0.001	90	0	0	20001100	-1	-1	-1
139	4	14.4	1987	-1	-1	6928.86	8	2	1	-1	-1	-1	2.55	0.001	90	3	0	20001100	-1	-1	-1
140	4	14	1916	-1	-1	3602.07	8	2	1	-1	-1	-1	2.55	0.001	90	2	0	20001100	-1	-1	-1
141	2	7.2	1960	-1	-1	1247.47	8	2	1	-1	-1	-1	2.55	0.001	90	1	0	20001100	-1	-1	-1
142	2	7.2	1960	-1	-1	144.02	8	2	1	-1	-1	-1	2.55	0.001	90	1	0	20001100	-1	-1	-1
143	2	7.2	1960	-1	-1	999.734	8	2	1	-1	-1	-1	2.55	0.001	90	1	0	20001100	-1	-1	-1
144	2	7.2	1960	-1	-1	374.881	8	2	1	-1	-1	-1	2.55	0.001	90	1	0	20001100	-1	-1	-1
145	2	7.2	1960	-1	-1	622.921	8	2	1	-1	-1	-1	2.55	0.001	90	1	0	20001100	-1	-1	-1
146	2	7.2	1960	-1	-1	177.212	8	2	1	-1	-1	-1	2.55	0.001	90	1	0	20001100	-1	-1	-1
147	2	7.2	1960	-1	-1	399.742	8	2	1	-1	-1	-1	2.55	0.001	90	1	0	20001100	-1	-1	-1
148	2	7.2	1960	-1	-1	363.062	8	2	1	-1	-1	-1	2.55	0.001	90	1	0	20001100	-1	-1	-1
149	2	7.2	1960	-1	-1	510.938	8	2	1	-1	-1	-1	2.55	0.001	90	1	0	20001100	-1	-1	-1
150	2	7.2	1960	-1	-1	57.0238	8	2	1	-1	-1	-1	2.55	0.001	90	1	0	20001100	-1	-1	-1
151	2	7.2	1960	-1	-1	122.468	8	2	1	-1	-1	-1	2.55	0.001	90	1	0	20001100	-1	-1	-1
152	2	7.2	1960	-1	-1	122.761	8	2	1	-1	-1	-1	2.55	0.001	90	1	0	20001100	-1	-1	-1
153	2	7.2	1960	-1	-1	23.3939	8	2	1	-1	-1	-1	2.55	0.001	90	1	0	20001100	-1	-1	-1
154	3	10.5	1999	-1	-1	4586.19	8	2	1	-1	-1	-1	2.55	0.001	90	3	0	20001100	-1	-1	-1
155	1	3.5	1990	-1	-1	198.053	8	2	1	-1	-1	-1	2.55	0.001	90	3	0	20001100	-1	-1	-1
156	1	3.5	1990	-1	-1	202.609	8	2	1	-1	-1	-1	2.55	0.001	90	3	0	20001100	-1	-1	-1
157	1	3.5	1990	-1	-1	185.591	8	2	1	-1	-1	-1	2.55	0.001	90	3	0	20001100	-1	-1	-1
158	1	3.5	1990	-1	-1	21.7974	8	2	1	-1	-1	-1	2.55	0.001	90	3	0	20001100	-1	-1	-1
159	1	3.5	1990	-1	-1	119.662	8	2	1	-1	-1	-1	2.55	0.001	90	3	0	20001100	-1	-1	-1
160	1	3.5	1990	-1	-1	85.2714	8	2	1	-1	-1	-1	2.55	0.001	90	3	0	20001100	-1	-1	-1
161	1	3.5	1990	-1	-1	142.299	8	2	1	-1	-1	-1	2.55	0.001	90	3	0	20001100	-1	-1	-1
162	1	3.5	1990	-1	-1	142.945	8	2	1	-1	-1	-1	2.55	0.001	90	3	0	20001100	-1	-1	-1
163	1	3.5	1990	-1	-1	136.176	8	2	1	-1	-1	-1	2.55	0.001	90	3	0	20001100	-1	-1	-1
164	1	3.5	1990	-1	-1	136.015	8	2	1	-1	-1	-1	2.55	0.001	90	3	0	20001100	-1	-1	-1
165	1	3.5	1990	-1	-1	40.7071	8	2	1	-1	-1	-1	2.55	0.001	90	3	0	20001100	-1	-1	-1
166	1	3.5	1990	-1	-1	148.75	8	2	1	-1	-1	-1	2.55	0.001	90	3	0	20001100	-1	-1	-1
167	1	3.5	1990	-1	-1	166.896	8	2	1	-1	-1	-1	2.55	0.001	90	3	0	20001100	-1	-1	-1
168	1	3.5	1990	-1	-1	141.968	8	2	1	-1	-1	-1	2.55	0.001	90	3	0	20001100	-1	-1	-1
169	1	3.5	1990	-1	-1	183.873	8	2	1	-1	-1	-1	2.55	0.001	90	3	0	20001100	-1	-1	-1
170	1	3.5	1990	-1	-1	152.686	8	2	1	-1	-1	-1	2.55	0.001	90	3	0	20001100	-1	-1	-1
171	1	3.5	1990	-1	-1	107.643	8	2	1	-1	-1	-1	2.55	0.001	90	3	0	20001100	-1	-1	-1
172	1	3.5	1990	-1	-1	42.1054	8	2	1	-1	-1	-1	2.55	0.001	90	3	0	20001100	-1	-1	-1
173	1	3.5	1990	-1	-1	22.693	8	2	1	-1	-1	-1	2.55	0.001	90	3	0	20001100	-1	-1	-1
174	1	3.5	1990	-1	-1	45.5319	8	2	1	-1	-1	-1	2.55	0.001	90	3	0	20001100	-1	-1	-1
175	1	3.5	1990	-1	-1	168.389	8	2	1	-1	-1	-1	2.55	0.001	90	3	0	20001100	-1	-1	-1
176	1	3.5	1990	-1	-1	159.548	8	2	1	-1	-1	-1	2.55	0.001	90	3	0	20001100	-1	-1	-1
177	1	3.5	1990	-1	-1	32.3802	8	2	1	-1	-1	-1	2.55	0.001	90	3	0	20001100	-1	-1	-1
178	1	3.5	1990	-1	-1	32.8956	8	2	1	-1	-1	-1	2.55	0.001	90	3	0	20001100	-1	-1	-1
179	1	3.5	1990	-1	-1	39.0753	8	2	1	-1	-1	-1	2.55	0.001	90	3	0	20001100	-1	-1	-1
180	1	3.5	1990	-1	-1	306.453	8	2	1	-1	-1	-1	2.55	0.001	90	3	0	20001100	-1	-1	-1
181	1	3.5	1990	-1	-1	160.597	8	2	1	-1	-1	-1	2.55	0.001	90	3	0	20001100	-1	-1	-1
182	1	3.5	1990	-1	-1	161.921	8	2	1	-1	-1	-1	2.55	0.001	90	3	0	20001100	-1	-1	-1
183	1	3.5	1990	-1	-1	43.6437	8	2	1	-1	-1	-1	2.55	0.001	90	3	0	20001100	-1	-1	-1
184	1	3.5	1990	-1	-1	162.842	8	2	1	-1	-1	-1	2.55	0.001	90	3	0	20001100	-1	-1	-1
185	1	3.5	1990	-1	-1	146.462	8	2	1	-1	-1	-1	2.55	0.001	90	3	0	20001100	-1	-1	-1
186	1	3.5	1990	-1	-1	45.6993	8	2	1	-1	-1	-1	2.55	0.001	90	3	0	20001100	-1	-1	-1
187	1	3.5	1990	-1	-1	150.237	8	2	1	-1	-1	-1	2.55	0.001	90	3	0	20001100	-1	-1	-1
188	1	3.5	1990	-1	-1	114.379	8	2	1	-1	-1	-1	2.55	0.001	90	3	0	20001100	-1	-1	-1
189	1	3.5	1990	-1	-1	35.7481	8	2	1	-1	-1	-1	2.55	0.001	90	3	0	20001100	-1	-1	-1
190	1	3.5	1990	-1	-1	43.1496	8	2	1	-1	-1	-1	2.55	0.001	90	3	0	20001100	-1	-1	-1
191	1	3.5	1990	-1	-1	44.4598	8	2	1	-1	-1	-1	2.55	0.001	90	3	0	20001100	-1	-1	-1
192	1	3.5	1990	-1	-1	143.399	8	2	1	-1	-1	-1	2.55	0.001	90	3	0	20001100	-1	-1	-1
193	1	3.5	1990	-1	-1	113.941	8	2	1	-1	-1	-1	2.55	0.001	90	3	0	20001100	-1	-1	-1
194	1	3.5	1990	-1	-1	14.2903	8	2	1	-1	-1	-1	2.55	0.001	90	3	0	20001100	-1	-1	-1
195	1	3.5	1990	-1	-1	37.5506	8	2	1	-1	-1	-1	2.55	0.001	90	3	0	20001100	-1	-1	-1
196	1	3.5	1990	-1	-1	21.9647	8	2	1	-1	-1	-1	2.55	0.001	90	3	0	20001100	-1	-1	-1
197	1	3.5	1990	-1	-1	122.923	8	2	1	-1	-1	-1	2.55	0.001	90	3	0	20001100	-1	-1	-1
198	1	3.5	1990	-1	-1	127.585	8	2	1	-1	-1	-1	2.55	0.001	90	3	0	20001100	-1	-1	-1
199	1	3.5	1990	-1	-1	390.207	8	2	1	-1	-1	-1	2.55	0.001	90	3	0	20001100	-1	-1	-1
200	1	3.5	1990	-1	-1	148.926	8	2	1	-1	-1	-1	2.55	0.001	90	3	0	20001100	-1	-1	-1
201	1	3.5	1990	-1	-1	147.627	8	2	1	-1	-1	-1	2.55	0.001	90	3	0	20001100	-1	-1	-1
202	1	3.5	1990	-1	-1	15.046	8	2	1	-1	-1	-1	2.55	0.001	90	3	0	20001100	-1	-1	-1
203	1	3.5	1990	-1	-1	145.597	8	2	1	-1	-1	-1	2.55	0.001	90	3	0	20001100	-1	-1	-1
204	1	3.5	1990	-1	-1	29.2713	8	2	1	-1	-1	-1	2.55	0.001	90	3	0	20001100	-1	-1	-1
205	1	3.5	1990	-1	-1	146.267	8	2	1	-1	-1	-1	2.55	0.001	90	3	0	20001100	-1	-1	-1
206	1	3.5	1990	-1	-1	15.9361	8	2	1	-1	-1	-1	2.55	0.001	90	3	0	20001100	-1	-1	-1
207	1	3.5	1990	-1	-1	16.7099	8	2	1	-1	-1	-1	2.55	0.001	90	3	0	20001100	-1	-1	-1
208	1	3.5	1990	-1	-1	14.5954	8	2	1	-1	-1	-1	2.55	0.001	90	3	0	20001100	-1	-1	-1
209	1	3.5	1990	-1	-1	146.237	8	2	1	-1	-1	-1	2.55	0.001	90	3	0	20001100	-1	-1	-1
210	1	3.5	1990	-1	-1	16.4787	8	2	1	-1	-1	-1	2.55	0.001	90	3	0	20001100	-1	-1	-1
211	1	3.5	1990	-1	-1	146.786	8	2	1	-1	-1	-1	2.55	0.001	90	3	0	20001100	-1	-1	-1
212	1	3.5	1990	-1	-1	29.7107	8	2	1	-1	-1	-1	2.55	0.001	90	3	0	20001100	-1	-1	-1
213	1	3.5	1990	-1	-1	15.9274	8	2	1	-1	-1	-1	2.55	0.001	90	3	0	20001100	-1	-1	-1
214	1	3.5	1990	-1	-1	15.8471	8	2	1	-1	-1	-1	2.55	0.001	90	3	0	20001100	-1	-1	-1
215	1	3.5	1990	-1	-1	17.8388	8	2	1	-1	-1	-1	2.55	0.001	90	3	0	20001100	-1	-1	-1
216	1	3.5	1990	-1	-1	31.7565	8	2	1	-1	-1	-1	2.55	0.001	90	3	0	20001100	-1	-1	-1
217	1	3.5	1990	-1	-1	16.5782	8	2	1	-1	-1	-1	2.55	0.001	90	3	0	20001100	-1	-1	-1
218	1	3.5	1990	-1	-1	17.4281	8	2	1	-1	-1	-1	2.55	0.001	90	3	0	20001100	-1	-1	-1
219	1	3.5	1990	-1	-1	15.6483	8	2	1	-1	-1	-1	2.55	0.001	90	3	0	20001100	-1	-1	-1
220	1	3.5	1990	-1	-1	14.3153	8	2	1	-1	-1	-1	2.55	0.001	90	3	0	20001100	-1	-1	-1
221	1	3.5	1990	-1	-1	14.9469	8	2	1	-1	-1	-1	2.55	0.001	90	3	0	20001100	-1	-1	-1
222	1	3.5	1990	-1	-1	29.5698	8	2	1	-1	-1	-1	2.55	0.001	90	3	0	20001100	-1	-1	-1
223	1	3.5	1990	-1	-1	13.6017	8	2	1	-1	-1	-1	2.55	0.001	90	3	0	20001100	-1	-1	-1
224	1	3.5	1990	-1	-1	15.4418	8	2	1	-1	-1	-1	2.55	0.001	90	3	0	20001100	-1	-1	-1
225	1	3.5	1990	-1	-1	15.3778	8	2	1	-1	-1	-1	2.55	0.001	90	3	0	20001100	-1	-1	-1
226	1	3.5	1990	-1	-1	29.3782	8	2	1	-1	-1	-1	2.55	0.001	90	3	0	20001100	-1	-1	-1
227	1	3.5	1990	-1	-1	13.9301	8	2	1	-1	-1	-1	2.55	0.001	90	3	0	20001100	-1	-1	-1
228	1	3.5	1990	-1	-1	200.692	8	2	1	-1	-1	-1	2.55	0.001	90	3	0	20001100	-1	-1	-1
229	1	3.5	1990	-1	-1	87.9334	8	2	1	-1	-1	-1	2.55	0.001	90	3	0	20001100	-1	-1	-1
230	1	3.5	1990	-1	-1	271.237	8	2	1	-1	-1	-1	2.55	0.001	90	3	0	20001100	-1	-1	-1
231	1	3.6	1990	-1	-1	240.668	8	2	1	-1	-1	-1	2.55	0.001	90	0	0	20001100	-1	-1	-1
232	1	3.6	1990	-1	-1	96.6257	8	2	1	-1	-1	-1	2.55	0.001	90	0	0	20001100	-1	-1	-1
233	1	3.6	1990	-1	-1	52.2815	8	2	1	-1	-1	-1	2.55	0.001	90	0	0	20001100	-1	-1	-1
234	1	3.6	1990	-1	-1	48.8427	8	2	1	-1	-1	-1	2.55	0.001	90	0	0	20001100	-1	-1	-1
235	1	3.6	1990	-1	-1	150.768	8	2	1	-1	-1	-1	2.55	0.001	90	0	0	20001100	-1	-1	-1
236	1	3.6	1990	-1	-1	31.5685	8	2	1	-1	-1	-1	2.55	0.001	90	0	0	20001100	-1	-1	-1
237	1	3.6	1990	-1	-1	39.2497	8	2	1	-1	-1	-1	2.55	0.001	90	0	0	20001100	-1	-1	-1
238	1	3.6	1990	-1	-1	19.6232	8	2	1	-1	-1	-1	2.55	0.001	90	0	0	20001100	-1	-1	-1
239	1	3.6	1990	-1	-1	133.813	8	2	1	-1	-1	-1	2.55	0.001	90	0	0	20001100	-1	-1	-1
240	1	3.6	1990	-1	-1	198.857	8	2	1	-1	-1	-1	2.55	0.001	90	0	0	20001100	-1	-1	-1
241	1	3.6	1990	-1	-1	193.604	8	2	1	-1	-1	-1	2.55	0.001	90	0	0	20001100	-1	-1	-1
242	1	3.6	1990	-1	-1	29.5085	8	2	1	-1	-1	-1	2.55	0.001	90	0	0	20001100	-1	-1	-1
243	1	3.6	1990	-1	-1	153.231	8	2	1	-1	-1	-1	2.55	0.001	90	0	0	20001100	-1	-1	-1
244	1	3.6	1990	-1	-1	198.468	8	2	1	-1	-1	-1	2.55	0.001	90	0	0	20001100	-1	-1	-1
245	1	3.6	1990	-1	-1	261.75	8	2	1	-1	-1	-1	2.55	0.001	90	0	0	20001100	-1	-1	-1
246	1	3.6	1990	-1	-1	331.601	8	2	1	-1	-1	-1	2.55	0.001	90	0	0	20001100	-1	-1	-1
247	1	3.6	1990	-1	-1	342.123	8	2	1	-1	-1	-1	2.55	0.001	90	0	0	20001100	-1	-1	-1
248	1	3.6	1990	-1	-1	68.1643	8	2	1	-1	-1	-1	2.55	0.001	90	0	0	20001100	-1	-1	-1
249	1	3.6	1990	-1	-1	374.067	8	2	1	-1	-1	-1	2.55	0.001	90	0	0	20001100	-1	-1	-1
250	1	3.6	1990	-1	-1	378.325	8	2	1	-1	-1	-1	2.55	0.001	90	0	0	20001100	-1	-1	-1
251	1	3.6	1990	-1	-1	818.734	8	2	1	-1	-1	-1	2.55	0.001	90	0	0	20001100	-1	-1	-1
252	1	3.6	1990	-1	-1	316.632	8	2	1	-1	-1	-1	2.55	0.001	90	0	0	20001100	-1	-1	-1
253	1	3.6	1780	-1	-1	275.337	8	2	1	-1	-1	-1	2.55	0.001	90	2	0	20001100	-1	-1	-1
254	1	3.6	1780	-1	-1	442.462	8	2	1	-1	-1	-1	2.55	0.001	90	2	0	20001100	-1	-1	-1
255	1	3.6	1780	-1	-1	94.2022	8	2	1	-1	-1	-1	2.55	0.001	90	2	0	20001100	-1	-1	-1
256	1	3.6	1780	-1	-1	22.6938	8	2	1	-1	-1	-1	2.55	0.001	90	2	0	20001100	-1	-1	-1
257	1	3.6	1780	-1	-1	109.131	8	2	1	-1	-1	-1	2.55	0.001	90	2	0	20001100	-1	-1	-1
258	1	3.6	1780	-1	-1	255.371	8	2	1	-1	-1	-1	2.55	0.001	90	2	0	20001100	-1	-1	-1
259	1	3.6	1780	-1	-1	53.2649	8	2	1	-1	-1	-1	2.55	0.001	90	2	0	20001100	-1	-1	-1
260	1	3.6	1780	-1	-1	82.0635	8	2	1	-1	-1	-1	2.55	0.001	90	2	0	20001100	-1	-1	-1
261	1	3.6	1780	-1	-1	92.1699	8	2	1	-1	-1	-1	2.55	0.001	90	2	0	20001100	-1	-1	-1
262	1	3.6	1780	-1	-1	83.0713	8	2	1	-1	-1	-1	2.55	0.001	90	2	0	20001100	-1	-1	-1
263	1	3.6	1780	-1	-1	80.5934	8	2	1	-1	-1	-1	2.55	0.001	90	2	0	20001100	-1	-1	-1
264	1	3.6	1780	-1	-1	105.471	8	2	1	-1	-1	-1	2.55	0.001	90	2	0	20001100	-1	-1	-1
265	1	3.6	1780	-1	-1	76.1572	8	2	1	-1	-1	-1	2.55	0.001	90	2	0	20001100	-1	-1	-1
266	1	3.6	1780	-1	-1	212.925	8	2	1	-1	-1	-1	2.55	0.001	90	2	0	20001100	-1	-1	-1
267	1	3.6	1780	-1	-1	115.487	8	2	1	-1	-1	-1	2.55	0.001	90	2	0	20001100	-1	-1	-1
268	1	3.6	1822	-1	-1	155.178	8	2	1	-1	-1	-1	2.55	0.001	90	2	0	20001100	-1	-1	-1
269	1	3.6	1822	-1	-1	369.846	8	2	1	-1	-1	-1	2.55	0.001	90	2	0	20001100	-1	-1	-1
270	1	3.6	1822	-1	-1	198.387	8	2	1	-1	-1	-1	2.55	0.001	90	2	0	20001100	-1	-1	-1
271	1	3.6	1822	-1	-1	143.238	8	2	1	-1	-1	-1	2.55	0.001	90	2	0	20001100	-1	-1	-1
272	1	3.5	1912	-1	-1	88.8212	8	2	1	-1	-1	-1	2.55	0.001	90	2	0	20001100	-1	-1	-1
273	2	7	1911	-1	-1	1956.22	8	2	1	-1	-1	-1	2.55	0.001	90	2	0	20001100	-1	-1	-1
274	1	6	1917	-1	-1	1152.68	8	2	1	-1	-1	-1	2.55	0.001	90	2	0	20001100	-1	-1	-1
275	1	3.6	1911	-1	-1	336.587	8	2	1	-1	-1	-1	2.55	0.001	90	2	0	20001100	-1	-1	-1
276	2	7	1980	-1	-1	103.445	8	2	1	-1	-1	-1	2.55	0.001	90	0	0	20001100	-1	-1	-1
277	3	15	2003	-1	-1	2389.79	8	2	1	-1	-1	-1	2.55	0.001	90	1	0	20001100	-1	-1	-1
278	4	20	2003	-1	-1	2339	8	2	1	-1	-1	-1	2.55	0.001	90	1	0	20001100	-1	-1	-1
279	2	9	2003	-1	-1	818.845	8	2	1	-1	-1	-1	2.55	0.001	90	1	0	20001100	-1	-1	-1
280	2	9	2003	-1	-1	835.313	8	2	1	-1	-1	-1	2.55	0.001	90	1	0	20001100	-1	-1	-1
281	7	24.5	2000	-1	-1	871.955	8	2	1	-1	-1	-1	2.55	0.001	90	1	0	20001100	-1	-1	-1
282	7	24.5	2003	-1	-1	3328.15	8	2	1	-1	-1	-1	2.55	0.001	90	1	0	20001100	-1	-1	-1
283	7	24.5	2003	-1	-1	2740.87	8	2	1	-1	-1	-1	2.55	0.001	90	1	0	20001100	-1	-1	-1
284	7	24.5	2003	-1	-1	1513.19	8	2	1	-1	-1	-1	2.55	0.001	90	1	0	20001100	-1	-1	-1
285	7	24.5	2003	-1	-1	2703.48	8	2	1	-1	-1	-1	2.55	0.001	90	1	0	20001100	-1	-1	-1
286	7	24.5	2003	-1	-1	3550.07	8	2	1	-1	-1	-1	2.55	0.001	90	1	0	20001100	-1	-1	-1
287	7	24.5	2003	-1	-1	3276.05	8	2	1	-1	-1	-1	2.55	0.001	90	1	0	20001100	-1	-1	-1
288	7	24.5	2003	-1	-1	1400.2	8	2	1	-1	-1	-1	2.55	0.001	90	1	0	20001100	-1	-1	-1
289	7	24.5	2003	-1	-1	2302.94	8	2	1	-1	-1	-1	2.55	0.001	90	1	0	20001100	-1	-1	-1
290	7	24.5	2003	-1	-1	2121.28	8	2	1	-1	-1	-1	2.55	0.001	90	1	0	20001100	-1	-1	-1
291	7	24.5	2003	-1	-1	1223.44	8	2	1	-1	-1	-1	2.55	0.001	90	1	0	20001100	-1	-1	-1
292	7	24.5	2003	-1	-1	1982.24	8	2	1	-1	-1	-1	2.55	0.001	90	1	0	20001100	-1	-1	-1
293	7	24.5	2003	-1	-1	1443.5	8	2	1	-1	-1	-1	2.55	0.001	90	1	0	20001100	-1	-1	-1
294	7	24.5	2003	-1	-1	823.917	8	2	1	-1	-1	-1	2.55	0.001	90	1	0	20001100	-1	-1	-1
295	15	52.5	2003	-1	-1	1967.18	8	2	1	-1	-1	-1	2.55	0.001	90	1	0	20001100	-1	-1	-1
296	15	52.5	2003	-1	-1	1680.85	8	2	1	-1	-1	-1	2.55	0.001	90	1	0	20001100	-1	-1	-1
297	15	52.5	2003	-1	-1	1501.11	8	2	1	-1	-1	-1	2.55	0.001	90	1	0	20001100	-1	-1	-1
298	15	52.5	2003	-1	-1	1474.97	8	2	1	-1	-1	-1	2.55	0.001	90	1	0	20001100	-1	-1	-1
299	12	42	2003	-1	-1	1188.99	8	2	1	-1	-1	-1	2.55	0.001	90	1	0	20001100	-1	-1	-1
300	12	42	2003	-1	-1	1321.55	8	2	1	-1	-1	-1	2.55	0.001	90	1	0	20001100	-1	-1	-1
301	12	42	2003	-1	-1	1301.08	8	2	1	-1	-1	-1	2.55	0.001	90	1	0	20001100	-1	-1	-1
302	12	42	2003	-1	-1	1334.57	8	2	1	-1	-1	-1	2.55	0.001	90	1	0	20001100	-1	-1	-1
303	12	42	2003	-1	-1	1268.61	8	2	1	-1	-1	-1	2.55	0.001	90	1	0	20001100	-1	-1	-1
304	12	42	2003	-1	-1	1389.04	8	2	1	-1	-1	-1	2.55	0.001	90	1	0	20001100	-1	-1	-1
305	7	24.5	2000	-1	-1	897.954	8	2	1	-1	-1	-1	2.55	0.001	90	1	0	20001100	-1	-1	-1
306	7	24.5	2000	-1	-1	896.365	8	2	1	-1	-1	-1	2.55	0.001	90	1	0	20001100	-1	-1	-1
307	7	24.5	2000	-1	-1	809.307	8	2	1	-1	-1	-1	2.55	0.001	90	1	0	20001100	-1	-1	-1
308	6	21	2000	-1	-1	855.833	8	2	1	-1	-1	-1	2.55	0.001	90	1	0	20001100	-1	-1	-1
309	6	21	2000	-1	-1	868.294	8	2	1	-1	-1	-1	2.55	0.001	90	1	0	20001100	-1	-1	-1
310	6	21	2000	-1	-1	733.409	8	2	1	-1	-1	-1	2.55	0.001	90	1	0	20001100	-1	-1	-1
311	5	17.5	1988	-1	-1	1082.54	8	2	1	-1	-1	-1	2.55	0.001	90	1	0	20001100	-1	-1	-1
312	5	17.5	1988	-1	-1	641.375	8	2	1	-1	-1	-1	2.55	0.001	90	1	0	20001100	-1	-1	-1
313	5	17.5	1988	-1	-1	619.778	8	2	1	-1	-1	-1	2.55	0.001	90	1	0	20001100	-1	-1	-1
314	6	21	1989	-1	-1	1107.3	8	2	1	-1	-1	-1	2.55	0.001	90	1	0	20001100	-1	-1	-1
315	6	21	1991	-1	-1	758.5	8	2	1	-1	-1	-1	2.55	0.001	90	1	0	20001100	-1	-1	-1
316	5	17.5	1990	-1	-1	1866.18	8	2	1	-1	-1	-1	2.55	0.001	90	1	0	20001100	-1	-1	-1
317	1	4	1992	-1	-1	2007.88	8	2	1	-1	-1	-1	2.55	0.001	90	0	0	20001100	-1	-1	-1
318	1	4	1988	-1	-1	2092.48	8	2	1	-1	-1	-1	2.55	0.001	90	0	0	20001100	-1	-1	-1
319	2	7	2003	-1	-1	395.025	8	2	1	-1	-1	-1	2.55	0.001	90	0	0	20001100	-1	-1	-1
320	4	14	2003	-1	-1	1793.85	8	2	1	-1	-1	-1	2.55	0.001	90	1	0	20001100	-1	-1	-1
321	6	21	2004	-1	-1	3153.84	8	2	1	-1	-1	-1	2.55	0.001	90	1	0	20001100	-1	-1	-1
322	5	17.5	2004	-1	-1	2802.85	8	2	1	-1	-1	-1	2.55	0.001	90	1	0	20001100	-1	-1	-1
323	5	15	2000	-1	-1	1878.02	8	2	1	-1	-1	-1	2.55	0.001	90	1	0	20001100	-1	-1	-1
324	7	21	2000	-1	-1	881.441	8	2	1	-1	-1	-1	2.55	0.001	90	1	0	20001100	-1	-1	-1
325	9	27	2000	-1	-1	1856.58	8	2	1	-1	-1	-1	2.55	0.001	90	1	0	20001100	-1	-1	-1
326	13	36.4	2002	-1	-1	1253.03	8	2	1	-1	-1	-1	2.55	0.001	90	1	0	20001100	-1	-1	-1
327	3	8.4	2002	-1	-1	294.936	8	2	1	-1	-1	-1	2.55	0.001	90	1	0	20001100	-1	-1	-1
328	13	36.4	2002	-1	-1	1253.03	8	2	1	-1	-1	-1	2.55	0.001	90	1	0	20001100	-1	-1	-1
329	3	8.4	2002	-1	-1	294.936	8	2	1	-1	-1	-1	2.55	0.001	90	1	0	20001100	-1	-1	-1
330	10	30	2002	-1	-1	1253.03	8	2	1	-1	-1	-1	2.55	0.001	90	1	0	20001100	-1	-1	-1
331	6	18	2002	-1	-1	426.765	8	2	1	-1	-1	-1	2.55	0.001	90	1	0	20001100	-1	-1	-1
332	12	36	2004	-1	-1	2153.43	8	2	1	-1	-1	-1	2.55	0.001	90	1	0	20001100	-1	-1	-1
333	26	78	2002	-1	-1	1902.19	8	2	1	-1	-1	-1	2.55	0.001	90	1	0	20001100	-1	-1	-1
334	26	78	2002	-1	-1	1781.67	8	2	1	-1	-1	-1	2.55	0.001	90	1	0	20001100	-1	-1	-1
335	26	78	2002	-1	-1	1902.19	8	2	1	-1	-1	-1	2.55	0.001	90	1	0	20001100	-1	-1	-1
336	26	78	2002	-1	-1	1781.67	8	2	1	-1	-1	-1	2.55	0.001	90	1	0	20001100	-1	-1	-1
337	6	18	1995	-1	-1	1914.94	8	2	1	-1	-1	-1	2.55	0.001	90	1	0	20001100	-1	-1	-1
338	3	9	1995	-1	-1	507.584	8	2	1	-1	-1	-1	2.55	0.001	90	1	0	20001100	-1	-1	-1
339	7	21	1995	-1	-1	805.259	8	2	1	-1	-1	-1	2.55	0.001	90	1	0	20001100	-1	-1	-1
340	6	18	1995	-1	-1	931.12	8	2	1	-1	-1	-1	2.55	0.001	90	1	0	20001100	-1	-1	-1
341	13	36.4	2004	-1	-1	4749.7	8	2	1	-1	-1	-1	2.55	0.001	90	1	0	20001100	-1	-1	-1
342	9	27	1995	-1	-1	1394.13	8	2	1	-1	-1	-1	2.55	0.001	90	1	0	20001100	-1	-1	-1
343	3	9	1995	-1	-1	933.482	8	2	1	-1	-1	-1	2.55	0.001	90	1	0	20001100	-1	-1	-1
344	9	27	1995	-1	-1	599.569	8	2	1	-1	-1	-1	2.55	0.001	90	1	0	20001100	-1	-1	-1
345	17	51	2002	-1	-1	774.814	8	2	1	-1	-1	-1	2.55	0.001	90	1	0	20001100	-1	-1	-1
346	17	51	2002	-1	-1	708.163	8	2	1	-1	-1	-1	2.55	0.001	90	1	0	20001100	-1	-1	-1
347	12	36	2002	-1	-1	2174.6	8	2	1	-1	-1	-1	2.55	0.001	90	1	0	20001100	-1	-1	-1
348	3	9	2002	-1	-1	1319.73	8	2	1	-1	-1	-1	2.55	0.001	90	1	0	20001100	-1	-1	-1
349	6	21	2004	-1	-1	615.253	8	2	1	-1	-1	-1	2.55	0.001	90	1	0	20001100	-1	-1	-1
350	2	7	1956	-1	-1	321.826	8	2	1	-1	-1	-1	2.55	0.001	90	2	0	20001100	-1	-1	-1
351	3	10.5	1956	-1	-1	685.735	8	2	1	-1	-1	-1	2.55	0.001	90	2	0	20001100	-1	-1	-1
352	5	17.5	1984	-1	-1	522.867	8	2	1	-1	-1	-1	2.55	0.001	90	0	0	20001100	-1	-1	-1
353	5	17.5	1984	-1	-1	828.558	8	2	1	-1	-1	-1	2.55	0.001	90	0	0	20001100	-1	-1	-1
354	5	17.5	1981	-1	-1	858.896	8	2	1	-1	-1	-1	2.55	0.001	90	0	0	20001100	-1	-1	-1
355	5	17.5	1982	-1	-1	801.364	8	2	1	-1	-1	-1	2.55	0.001	90	0	0	20001100	-1	-1	-1
356	5	17.5	1983	-1	-1	733.298	8	2	1	-1	-1	-1	2.55	0.001	90	0	0	20001100	-1	-1	-1
357	5	17.5	1983	-1	-1	764.887	8	2	1	-1	-1	-1	2.55	0.001	90	0	0	20001100	-1	-1	-1
358	5	17.5	1984	-1	-1	483.279	8	2	1	-1	-1	-1	2.55	0.001	90	0	0	20001100	-1	-1	-1
359	2	7	1956	-1	-1	308.678	8	2	1	-1	-1	-1	2.55	0.001	90	2	0	20001100	-1	-1	-1
360	2	7	1956	-1	-1	374.339	8	2	1	-1	-1	-1	2.55	0.001	90	2	0	20001100	-1	-1	-1
361	5	17.5	1984	-1	-1	497.51	8	2	1	-1	-1	-1	2.55	0.001	90	0	0	20001100	-1	-1	-1
362	5	17.5	1982	-1	-1	457.824	8	2	1	-1	-1	-1	2.55	0.001	90	0	0	20001100	-1	-1	-1
363	5	17.5	1982	-1	-1	966.85	8	2	1	-1	-1	-1	2.55	0.001	90	0	0	20001100	-1	-1	-1
364	5	17.5	1980	-1	-1	936.116	8	2	1	-1	-1	-1	2.55	0.001	90	0	0	20001100	-1	-1	-1
365	5	17.5	1981	-1	-1	1010.25	8	2	1	-1	-1	-1	2.55	0.001	90	0	0	20001100	-1	-1	-1
366	5	17.5	1980	-1	-1	997.801	8	2	1	-1	-1	-1	2.55	0.001	90	0	0	20001100	-1	-1	-1
367	5	17.5	1981	-1	-1	980.402	8	2	1	-1	-1	-1	2.55	0.001	90	0	0	20001100	-1	-1	-1
368	5	17.5	1982	-1	-1	324.404	8	2	1	-1	-1	-1	2.55	0.001	90	0	0	20001100	-1	-1	-1
369	5	17.5	1982	-1	-1	351.819	8	2	1	-1	-1	-1	2.55	0.001	90	0	0	20001100	-1	-1	-1
370	5	17.5	1982	-1	-1	294.313	8	2	1	-1	-1	-1	2.55	0.001	90	0	0	20001100	-1	-1	-1
371	5	17.5	1983	-1	-1	322.881	8	2	1	-1	-1	-1	2.55	0.001	90	0	0	20001100	-1	-1	-1
372	5	17.5	1983	-1	-1	354.495	8	2	1	-1	-1	-1	2.55	0.001	90	0	0	20001100	-1	-1	-1
373	5	17.5	1983	-1	-1	360.805	8	2	1	-1	-1	-1	2.55	0.001	90	0	0	20001100	-1	-1	-1
374	1	3.3	1937	-1	-1	171.514	8	2	1	-1	-1	-1	2.55	0.001	90	2	0	20001100	-1	-1	-1
375	1	3.3	1937	-1	-1	167.209	8	2	1	-1	-1	-1	2.55	0.001	90	2	0	20001100	-1	-1	-1
376	1	3.3	1937	-1	-1	171.71	8	2	1	-1	-1	-1	2.55	0.001	90	2	0	20001100	-1	-1	-1
377	1	3.3	1937	-1	-1	168.094	8	2	1	-1	-1	-1	2.55	0.001	90	2	0	20001100	-1	-1	-1
378	1	3.3	1937	-1	-1	173.351	8	2	1	-1	-1	-1	2.55	0.001	90	2	0	20001100	-1	-1	-1
379	1	3.3	1937	-1	-1	154.514	8	2	1	-1	-1	-1	2.55	0.001	90	2	0	20001100	-1	-1	-1
380	1	3.3	1937	-1	-1	165.161	8	2	1	-1	-1	-1	2.55	0.001	90	2	0	20001100	-1	-1	-1
381	1	3.3	1937	-1	-1	176.55	8	2	1	-1	-1	-1	2.55	0.001	90	2	0	20001100	-1	-1	-1
382	1	3.3	1937	-1	-1	136.771	8	2	1	-1	-1	-1	2.55	0.001	90	2	0	20001100	-1	-1	-1
383	1	3.3	1937	-1	-1	151.443	8	2	1	-1	-1	-1	2.55	0.001	90	2	0	20001100	-1	-1	-1
384	1	3.3	1937	-1	-1	96.8281	8	2	1	-1	-1	-1	2.55	0.001	90	2	0	20001100	-1	-1	-1
385	1	3.3	1937	-1	-1	101.093	8	2	1	-1	-1	-1	2.55	0.001	90	2	0	20001100	-1	-1	-1
386	1	3.3	1937	-1	-1	125.989	8	2	1	-1	-1	-1	2.55	0.001	90	2	0	20001100	-1	-1	-1
387	1	3.3	1937	-1	-1	112.437	8	2	1	-1	-1	-1	2.55	0.001	90	2	0	20001100	-1	-1	-1
388	1	3.3	1937	-1	-1	74.4437	8	2	1	-1	-1	-1	2.55	0.001	90	2	0	20001100	-1	-1	-1
389	1	3.3	1937	-1	-1	168.081	8	2	1	-1	-1	-1	2.55	0.001	90	2	0	20001100	-1	-1	-1
390	1	3	1937	-1	-1	176.959	8	2	1	-1	-1	-1	2.55	0.001	90	2	0	20001100	-1	-1	-1
391	1	3	1937	-1	-1	209.845	8	2	1	-1	-1	-1	2.55	0.001	90	2	0	20001100	-1	-1	-1
392	1	3.3	1937	-1	-1	96.4764	8	2	1	-1	-1	-1	2.55	0.001	90	2	0	20001100	-1	-1	-1
393	1	3.3	1937	-1	-1	103.487	8	2	1	-1	-1	-1	2.55	0.001	90	2	0	20001100	-1	-1	-1
394	1	3.3	1937	-1	-1	70.8516	8	2	1	-1	-1	-1	2.55	0.001	90	2	0	20001100	-1	-1	-1
395	1	3.3	1937	-1	-1	101.577	8	2	1	-1	-1	-1	2.55	0.001	90	2	0	20001100	-1	-1	-1
396	1	3.3	1937	-1	-1	107.446	8	2	1	-1	-1	-1	2.55	0.001	90	2	0	20001100	-1	-1	-1
397	1	3.3	1937	-1	-1	151.489	8	2	1	-1	-1	-1	2.55	0.001	90	2	0	20001100	-1	-1	-1
398	1	3.3	1937	-1	-1	136.697	8	2	1	-1	-1	-1	2.55	0.001	90	2	0	20001100	-1	-1	-1
399	1	3.3	1937	-1	-1	141.93	8	2	1	-1	-1	-1	2.55	0.001	90	2	0	20001100	-1	-1	-1
400	1	3.3	1937	-1	-1	249.406	8	2	1	-1	-1	-1	2.55	0.001	90	2	0	20001100	-1	-1	-1
401	1	3.3	1937	-1	-1	132.825	8	2	1	-1	-1	-1	2.55	0.001	90	2	0	20001100	-1	-1	-1
402	1	3.3	1937	-1	-1	177.957	8	2	1	-1	-1	-1	2.55	0.001	90	2	0	20001100	-1	-1	-1
403	1	3.3	1937	-1	-1	142.369	8	2	1	-1	-1	-1	2.55	0.001	90	2	0	20001100	-1	-1	-1
404	1	3.3	1937	-1	-1	173.495	8	2	1	-1	-1	-1	2.55	0.001	90	2	0	20001100	-1	-1	-1
405	1	3.3	1937	-1	-1	184.264	8	2	1	-1	-1	-1	2.55	0.001	90	2	0	20001100	-1	-1	-1
406	1	3.3	1937	-1	-1	200.856	8	2	1	-1	-1	-1	2.55	0.001	90	2	0	20001100	-1	-1	-1
407	6	21	1983	-1	-1	1066.93	8	2	1	-1	-1	-1	2.55	0.001	90	0	0	20001100	-1	-1	-1
408	1	3	1978	-1	-1	604.607	8	2	1	-1	-1	-1	2.55	0.001	90	2	0	20001100	-1	-1	-1
409	5	17.5	1976	-1	-1	652.649	8	2	1	-1	-1	-1	2.55	0.001	90	2	0	20001100	-1	-1	-1
410	5	17.5	1973	-1	-1	659.75	8	2	1	-1	-1	-1	2.55	0.001	90	2	0	20001100	-1	-1	-1
411	5	17.5	1973	-1	-1	679.692	8	2	1	-1	-1	-1	2.55	0.001	90	2	0	20001100	-1	-1	-1
412	5	17.5	1973	-1	-1	702.504	8	2	1	-1	-1	-1	2.55	0.001	90	2	0	20001100	-1	-1	-1
413	5	17.5	1986	-1	-1	850.861	8	2	1	-1	-1	-1	2.55	0.001	90	3	0	20001100	-1	-1	-1
414	5	17.5	1986	-1	-1	844.365	8	2	1	-1	-1	-1	2.55	0.001	90	3	0	20001100	-1	-1	-1
415	6	21	1986	-1	-1	963.262	8	2	1	-1	-1	-1	2.55	0.001	90	3	0	20001100	-1	-1	-1
416	18	64.8	1999	-1	-1	708.033	8	2	1	-1	-1	-1	2.55	0.001	90	1	0	20001100	-1	-1	-1
417	19	68.4	1999	-1	-1	708.033	8	2	1	-1	-1	-1	2.55	0.001	90	1	0	20001100	-1	-1	-1
418	19	68.4	1999	-1	-1	708.033	8	2	1	-1	-1	-1	2.55	0.001	90	1	0	20001100	-1	-1	-1
419	19	68.4	1999	-1	-1	708.033	8	2	1	-1	-1	-1	2.55	0.001	90	1	0	20001100	-1	-1	-1
420	19	68.4	1999	-1	-1	708.033	8	2	1	-1	-1	-1	2.55	0.001	90	1	0	20001100	-1	-1	-1
421	19	68.4	1999	-1	-1	708.033	8	2	1	-1	-1	-1	2.55	0.001	90	1	0	20001100	-1	-1	-1
422	20	72	1999	-1	-1	708.033	8	2	1	-1	-1	-1	2.55	0.001	90	1	0	20001100	-1	-1	-1
423	19	68.4	1999	-1	-1	708.033	8	2	1	-1	-1	-1	2.55	0.001	90	1	0	20001100	-1	-1	-1
424	18	64.8	1999	-1	-1	708.033	8	2	1	-1	-1	-1	2.55	0.001	90	1	0	20001100	-1	-1	-1
425	20	72	1999	-1	-1	708.033	8	2	1	-1	-1	-1	2.55	0.001	90	1	0	20001100	-1	-1	-1
426	9	32.4	1998	-1	-1	1308.98	8	2	1	-1	-1	-1	2.55	0.001	90	1	0	20001100	-1	-1	-1
427	6	21.6	1998	-1	-1	1517.09	8	2	1	-1	-1	-1	2.55	0.001	90	1	0	20001100	-1	-1	-1
428	1	4	1995	-1	-1	1646.78	8	2	1	-1	-1	-1	2.55	0.001	90	3	0	20001100	-1	-1	-1
429	6	21	1990	-1	-1	990.096	8	2	1	-1	-1	-1	2.55	0.001	90	3	0	20001100	-1	-1	-1
430	5	17.5	1990	-1	-1	1081.95	8	2	1	-1	-1	-1	2.55	0.001	90	3	0	20001100	-1	-1	-1
431	6	21	1990	-1	-1	1258.59	8	2	1	-1	-1	-1	2.55	0.001	90	3	0	20001100	-1	-1	-1
432	5	17.5	1990	-1	-1	1281.98	8	2	1	-1	-1	-1	2.55	0.001	90	3	0	20001100	-1	-1	-1
433	6	21	1990	-1	-1	790.771	8	2	1	-1	-1	-1	2.55	0.001	90	3	0	20001100	-1	-1	-1
434	4	14	1990	-1	-1	364.777	8	2	1	-1	-1	-1	2.55	0.001	90	3	0	20001100	-1	-1	-1
435	5	17.5	1990	-1	-1	358.721	8	2	1	-1	-1	-1	2.55	0.001	90	3	0	20001100	-1	-1	-1
436	5	17.5	1990	-1	-1	347.801	8	2	1	-1	-1	-1	2.55	0.001	90	3	0	20001100	-1	-1	-1
437	5	17.5	1990	-1	-1	313.487	8	2	1	-1	-1	-1	2.55	0.001	90	3	0	20001100	-1	-1	-1
438	5	17.5	1990	-1	-1	309.783	8	2	1	-1	-1	-1	2.55	0.001	90	3	0	20001100	-1	-1	-1
439	6	21	1990	-1	-1	998.072	8	2	1	-1	-1	-1	2.55	0.001	90	3	0	20001100	-1	-1	-1
440	6	21	1990	-1	-1	922.272	8	2	1	-1	-1	-1	2.55	0.001	90	3	0	20001100	-1	-1	-1
441	6	21	1990	-1	-1	1024.49	8	2	1	-1	-1	-1	2.55	0.001	90	3	0	20001100	-1	-1	-1
442	6	21	1990	-1	-1	554.031	8	2	1	-1	-1	-1	2.55	0.001	90	3	0	20001100	-1	-1	-1
443	5	17.5	1990	-1	-1	656.433	8	2	1	-1	-1	-1	2.55	0.001	90	3	0	20001100	-1	-1	-1
444	5	17.5	1990	-1	-1	688.885	8	2	1	-1	-1	-1	2.55	0.001	90	3	0	20001100	-1	-1	-1
445	5	17.5	1990	-1	-1	926.006	8	2	1	-1	-1	-1	2.55	0.001	90	3	0	20001100	-1	-1	-1
446	5	17.5	1990	-1	-1	1018.64	8	2	1	-1	-1	-1	2.55	0.001	90	3	0	20001100	-1	-1	-1
447	5	17.5	1990	-1	-1	976.75	8	2	1	-1	-1	-1	2.55	0.001	90	3	0	20001100	-1	-1	-1
448	17	59.5	2000	-1	-1	595.457	8	2	1	-1	-1	-1	2.55	0.001	90	1	0	20001100	-1	-1	-1
449	17	59.5	2000	-1	-1	610.898	8	2	1	-1	-1	-1	2.55	0.001	90	1	0	20001100	-1	-1	-1
450	5	17.5	1995	-1	-1	509.898	8	2	1	-1	-1	-1	2.55	0.001	90	3	0	20001100	-1	-1	-1
451	5	17.5	1995	-1	-1	513.445	8	2	1	-1	-1	-1	2.55	0.001	90	3	0	20001100	-1	-1	-1
452	5	17.5	1995	-1	-1	603.248	8	2	1	-1	-1	-1	2.55	0.001	90	3	0	20001100	-1	-1	-1
453	5	17.5	1995	-1	-1	612.736	8	2	1	-1	-1	-1	2.55	0.001	90	3	0	20001100	-1	-1	-1
454	5	17.5	1995	-1	-1	501.346	8	2	1	-1	-1	-1	2.55	0.001	90	3	0	20001100	-1	-1	-1
455	5	17.5	1995	-1	-1	485.833	8	2	1	-1	-1	-1	2.55	0.001	90	3	0	20001100	-1	-1	-1
456	5	17.5	1995	-1	-1	427.937	8	2	1	-1	-1	-1	2.55	0.001	90	3	0	20001100	-1	-1	-1
457	5	17.5	1995	-1	-1	369.338	8	2	1	-1	-1	-1	2.55	0.001	90	3	0	20001100	-1	-1	-1
458	5	17.5	1995	-1	-1	632.729	8	2	1	-1	-1	-1	2.55	0.001	90	3	0	20001100	-1	-1	-1
459	5	17.5	1995	-1	-1	588.756	8	2	1	-1	-1	-1	2.55	0.001	90	3	0	20001100	-1	-1	-1
460	5	17.5	1995	-1	-1	489.176	8	2	1	-1	-1	-1	2.55	0.001	90	3	0	20001100	-1	-1	-1
461	5	17.5	1995	-1	-1	466.958	8	2	1	-1	-1	-1	2.55	0.001	90	3	0	20001100	-1	-1	-1
462	5	17.5	1995	-1	-1	551.867	8	2	1	-1	-1	-1	2.55	0.001	90	3	0	20001100	-1	-1	-1
463	5	17.5	1995	-1	-1	632.729	8	2	1	-1	-1	-1	2.55	0.001	90	3	0	20001100	-1	-1	-1
464	5	17.5	1995	-1	-1	633.223	8	2	1	-1	-1	-1	2.55	0.001	90	3	0	20001100	-1	-1	-1
465	5	17.5	1995	-1	-1	557.94	8	2	1	-1	-1	-1	2.55	0.001	90	3	0	20001100	-1	-1	-1
466	5	17.5	1995	-1	-1	610.971	8	2	1	-1	-1	-1	2.55	0.001	90	3	0	20001100	-1	-1	-1
467	5	17.5	1995	-1	-1	615.59	8	2	1	-1	-1	-1	2.55	0.001	90	3	0	20001100	-1	-1	-1
468	5	17.5	1995	-1	-1	627.849	8	2	1	-1	-1	-1	2.55	0.001	90	3	0	20001100	-1	-1	-1
469	5	17.5	1995	-1	-1	524.096	8	2	1	-1	-1	-1	2.55	0.001	90	3	0	20001100	-1	-1	-1
470	5	17.5	1995	-1	-1	524.201	8	2	1	-1	-1	-1	2.55	0.001	90	3	0	20001100	-1	-1	-1
471	5	17.5	1995	-1	-1	473.61	8	2	1	-1	-1	-1	2.55	0.001	90	3	0	20001100	-1	-1	-1
472	5	17.5	1995	-1	-1	495.845	8	2	1	-1	-1	-1	2.55	0.001	90	3	0	20001100	-1	-1	-1
473	5	17.5	1995	-1	-1	467.988	8	2	1	-1	-1	-1	2.55	0.001	90	3	0	20001100	-1	-1	-1
474	5	17.5	1995	-1	-1	675.75	8	2	1	-1	-1	-1	2.55	0.001	90	3	0	20001100	-1	-1	-1
475	5	17.5	1995	-1	-1	631.348	8	2	1	-1	-1	-1	2.55	0.001	90	3	0	20001100	-1	-1	-1
476	5	17.5	1995	-1	-1	175.647	8	2	1	-1	-1	-1	2.55	0.001	90	3	0	20001100	-1	-1	-1
477	5	17.5	1995	-1	-1	199.614	8	2	1	-1	-1	-1	2.55	0.001	90	3	0	20001100	-1	-1	-1
478	5	17.5	1995	-1	-1	187.694	8	2	1	-1	-1	-1	2.55	0.001	90	3	0	20001100	-1	-1	-1
479	5	17.5	1995	-1	-1	865.49	8	2	1	-1	-1	-1	2.55	0.001	90	3	0	20001100	-1	-1	-1
480	5	17.5	1995	-1	-1	915.033	8	2	1	-1	-1	-1	2.55	0.001	90	3	0	20001100	-1	-1	-1
481	5	17.5	1995	-1	-1	913.312	8	2	1	-1	-1	-1	2.55	0.001	90	3	0	20001100	-1	-1	-1
482	5	17.5	1995	-1	-1	528.585	8	2	1	-1	-1	-1	2.55	0.001	90	3	0	20001100	-1	-1	-1
483	5	17.5	1995	-1	-1	581.634	8	2	1	-1	-1	-1	2.55	0.001	90	3	0	20001100	-1	-1	-1
484	5	17.5	1995	-1	-1	951.907	8	2	1	-1	-1	-1	2.55	0.001	90	3	0	20001100	-1	-1	-1
485	5	17.5	1995	-1	-1	853.813	8	2	1	-1	-1	-1	2.55	0.001	90	3	0	20001100	-1	-1	-1
486	5	17.5	1995	-1	-1	889.227	8	2	1	-1	-1	-1	2.55	0.001	90	3	0	20001100	-1	-1	-1
487	1	4.5	2005	-1	-1	714.824	8	2	1	-1	-1	-1	2.55	0.001	90	1	0	20001100	-1	-1	-1
488	1	4.5	2005	-1	-1	482.479	8	2	1	-1	-1	-1	2.55	0.001	90	0	0	20001100	-1	-1	-1
489	2	8	2000	-1	-1	810.534	8	2	1	-1	-1	-1	2.55	0.001	90	0	0	20001100	-1	-1	-1
490	5	17.5	1995	-1	-1	563.301	8	2	1	-1	-1	-1	2.55	0.001	90	1	0	20001100	-1	-1	-1
491	6	21	1994	-1	-1	500.65	8	2	1	-1	-1	-1	2.55	0.001	90	1	0	20001100	-1	-1	-1
492	6	21	1986	-1	-1	395.277	8	2	1	-1	-1	-1	2.55	0.001	90	1	0	20001100	-1	-1	-1
493	6	21	1986	-1	-1	395.151	8	2	1	-1	-1	-1	2.55	0.001	90	1	0	20001100	-1	-1	-1
494	6	21	1987	-1	-1	395.329	8	2	1	-1	-1	-1	2.55	0.001	90	1	0	20001100	-1	-1	-1
495	6	21	1987	-1	-1	397.851	8	2	1	-1	-1	-1	2.55	0.001	90	1	0	20001100	-1	-1	-1
496	4	14	2002	-1	-1	2470.98	8	2	1	-1	-1	-1	2.55	0.001	90	1	0	20001100	-1	-1	-1
497	4	14	2002	-1	-1	1235.65	8	2	1	-1	-1	-1	2.55	0.001	90	1	0	20001100	-1	-1	-1
498	4	12	1958	-1	-1	957.789	8	2	1	-1	-1	-1	2.55	0.001	90	1	0	20001100	-1	-1	-1
499	2	6	1995	-1	-1	319.254	8	2	1	-1	-1	-1	2.55	0.001	90	1	0	20001100	-1	-1	-1
500	2	6	1995	-1	-1	388.589	8	2	1	-1	-1	-1	2.55	0.001	90	1	0	20001100	-1	-1	-1
501	3	9	1995	-1	-1	995.404	8	2	1	-1	-1	-1	2.55	0.001	90	1	0	20001100	-1	-1	-1
502	6	18	1997	-1	-1	861.861	8	2	1	-1	-1	-1	2.55	0.001	90	1	0	20001100	-1	-1	-1
503	6	18	1997	-1	-1	769.672	8	2	1	-1	-1	-1	2.55	0.001	90	1	0	20001100	-1	-1	-1
504	6	18	1997	-1	-1	864.827	8	2	1	-1	-1	-1	2.55	0.001	90	1	0	20001100	-1	-1	-1
505	6	18	1997	-1	-1	866.437	8	2	1	-1	-1	-1	2.55	0.001	90	1	0	20001100	-1	-1	-1
506	6	18	1997	-1	-1	810.42	8	2	1	-1	-1	-1	2.55	0.001	90	1	0	20001100	-1	-1	-1
507	6	21	1958	-1	-1	461.652	8	2	1	-1	-1	-1	2.55	0.001	90	2	0	20001100	-1	-1	-1
508	1	3.5	1958	-1	-1	892.943	8	2	1	-1	-1	-1	2.55	0.001	90	2	0	20001100	-1	-1	-1
509	1	3	1958	-1	-1	78.4775	8	2	1	-1	-1	-1	2.55	0.001	90	2	0	20001100	-1	-1	-1
510	1	3	1958	-1	-1	83.2768	8	2	1	-1	-1	-1	2.55	0.001	90	2	0	20001100	-1	-1	-1
511	1	3.5	1958	-1	-1	239.862	8	2	1	-1	-1	-1	2.55	0.001	90	2	0	20001100	-1	-1	-1
512	6	18	1993	-1	-1	903.101	8	2	1	-1	-1	-1	2.55	0.001	90	3	0	20001100	-1	-1	-1
513	6	18	1993	-1	-1	903.411	8	2	1	-1	-1	-1	2.55	0.001	90	3	0	20001100	-1	-1	-1
514	6	18	1993	-1	-1	354.624	8	2	1	-1	-1	-1	2.55	0.001	90	3	0	20001100	-1	-1	-1
515	6	18	1993	-1	-1	598.532	8	2	1	-1	-1	-1	2.55	0.001	90	3	0	20001100	-1	-1	-1
516	6	18	1993	-1	-1	554.505	8	2	1	-1	-1	-1	2.55	0.001	90	3	0	20001100	-1	-1	-1
517	6	18	1993	-1	-1	260.136	8	2	1	-1	-1	-1	2.55	0.001	90	3	0	20001100	-1	-1	-1
518	6	18	1993	-1	-1	1081.91	8	2	1	-1	-1	-1	2.55	0.001	90	3	0	20001100	-1	-1	-1
519	6	18	1993	-1	-1	669.363	8	2	1	-1	-1	-1	2.55	0.001	90	3	0	20001100	-1	-1	-1
520	6	18	1993	-1	-1	260.609	8	2	1	-1	-1	-1	2.55	0.001	90	3	0	20001100	-1	-1	-1
521	6	18	1993	-1	-1	1092.84	8	2	1	-1	-1	-1	2.55	0.001	90	3	0	20001100	-1	-1	-1
522	6	18	1993	-1	-1	726.96	8	2	1	-1	-1	-1	2.55	0.001	90	3	0	20001100	-1	-1	-1
523	6	16.2	1993	-1	-1	434	8	2	1	-1	-1	-1	2.55	0.001	90	3	0	20001100	-1	-1	-1
524	6	18	1993	-1	-1	542.159	8	2	1	-1	-1	-1	2.55	0.001	90	3	0	20001100	-1	-1	-1
525	6	18	1993	-1	-1	745.136	8	2	1	-1	-1	-1	2.55	0.001	90	3	0	20001100	-1	-1	-1
526	6	18	1993	-1	-1	685.189	8	2	1	-1	-1	-1	2.55	0.001	90	3	0	20001100	-1	-1	-1
527	6	18	1993	-1	-1	721.344	8	2	1	-1	-1	-1	2.55	0.001	90	3	0	20001100	-1	-1	-1
528	1	4	1994	-1	-1	537.438	8	2	1	-1	-1	-1	2.55	0.001	90	0	0	20001100	-1	-1	-1
529	6	21	1994	-1	-1	1704.75	8	2	1	-1	-1	-1	2.55	0.001	90	1	0	20001100	-1	-1	-1
530	7	24.5	2002	-1	-1	1637.75	8	2	1	-1	-1	-1	2.55	0.001	90	1	0	20001100	-1	-1	-1
531	7	24.5	2002	-1	-1	1748.11	8	2	1	-1	-1	-1	2.55	0.001	90	1	0	20001100	-1	-1	-1
532	7	24.5	2002	-1	-1	1262.84	8	2	1	-1	-1	-1	2.55	0.001	90	1	0	20001100	-1	-1	-1
533	7	24.5	2002	-1	-1	1008.87	8	2	1	-1	-1	-1	2.55	0.001	90	1	0	20001100	-1	-1	-1
534	7	24.5	2002	-1	-1	1253.97	8	2	1	-1	-1	-1	2.55	0.001	90	1	0	20001100	-1	-1	-1
535	7	24.5	2002	-1	-1	1539.85	8	2	1	-1	-1	-1	2.55	0.001	90	1	0	20001100	-1	-1	-1
536	7	24.5	2002	-1	-1	1232.63	8	2	1	-1	-1	-1	2.55	0.001	90	1	0	20001100	-1	-1	-1
537	7	24.5	2002	-1	-1	1055.01	8	2	1	-1	-1	-1	2.55	0.001	90	1	0	20001100	-1	-1	-1
538	9	31.5	2002	-1	-1	1549.09	8	2	1	-1	-1	-1	2.55	0.001	90	1	0	20001100	-1	-1	-1
539	9	29.7	2002	-1	-1	1356.18	8	2	1	-1	-1	-1	2.55	0.001	90	1	0	20001100	-1	-1	-1
540	7	24.5	2002	-1	-1	1199.47	8	2	1	-1	-1	-1	2.55	0.001	90	1	0	20001100	-1	-1	-1
541	7	24.5	2002	-1	-1	727.388	8	2	1	-1	-1	-1	2.55	0.001	90	1	0	20001100	-1	-1	-1
542	7	24.5	2002	-1	-1	991.556	8	2	1	-1	-1	-1	2.55	0.001	90	1	0	20001100	-1	-1	-1
543	2	7	2002	-1	-1	724.943	8	2	1	-1	-1	-1	2.55	0.001	90	1	0	20001100	-1	-1	-1
544	7	24.5	2002	-1	-1	1045.87	8	2	1	-1	-1	-1	2.55	0.001	90	1	0	20001100	-1	-1	-1
545	4	14	2002	-1	-1	366.607	8	2	1	-1	-1	-1	2.55	0.001	90	1	0	20001100	-1	-1	-1
546	5	17.5	2002	-1	-1	1121.71	8	2	1	-1	-1	-1	2.55	0.001	90	1	0	20001100	-1	-1	-1
547	4	14	2002	-1	-1	536.049	8	2	1	-1	-1	-1	2.55	0.001	90	1	0	20001100	-1	-1	-1
548	4	14	2002	-1	-1	1161.9	8	2	1	-1	-1	-1	2.55	0.001	90	1	0	20001100	-1	-1	-1
549	3	10.5	2002	-1	-1	349.793	8	2	1	-1	-1	-1	2.55	0.001	90	1	0	20001100	-1	-1	-1
550	5	17.5	2002	-1	-1	2010.99	8	2	1	-1	-1	-1	2.55	0.001	90	1	0	20001100	-1	-1	-1
551	4	13.2	2002	-1	-1	3195.2	8	2	1	-1	-1	-1	2.55	0.001	90	1	0	20001100	-1	-1	-1
552	2	7	1995	-1	-1	1527.56	8	2	1	-1	-1	-1	2.55	0.001	90	1	0	20001100	-1	-1	-1
553	5	15	2002	-1	-1	1209.69	8	2	1	-1	-1	-1	2.55	0.001	90	1	0	20001100	-1	-1	-1
554	4	14	2002	-1	-1	1798.62	8	2	1	-1	-1	-1	2.55	0.001	90	1	0	20001100	-1	-1	-1
555	3	10.5	1986	-1	-1	993.961	8	2	1	-1	-1	-1	2.55	0.001	90	3	0	20001100	-1	-1	-1
556	2	7	1986	-1	-1	126.899	8	2	1	-1	-1	-1	2.55	0.001	90	3	0	20001100	-1	-1	-1
557	1	3.5	1958	-1	-1	663.425	8	2	1	-1	-1	-1	2.55	0.001	90	2	0	20001100	-1	-1	-1
558	1	3	1958	-1	-1	229.437	8	2	1	-1	-1	-1	2.55	0.001	90	2	0	20001100	-1	-1	-1
559	3	10.5	1958	-1	-1	529.612	8	2	1	-1	-1	-1	2.55	0.001	90	2	0	20001100	-1	-1	-1
560	9	36	2006	-1	-1	1386.92	8	2	1	-1	-1	-1	2.55	0.001	90	1	0	20001100	-1	-1	-1
561	6	24	2006	-1	-1	3521.77	8	2	1	-1	-1	-1	2.55	0.001	90	1	0	20001100	-1	-1	-1
562	4	28	2006	-1	-1	694.854	8	2	1	-1	-1	-1	2.55	0.001	90	0	0	20001100	-1	-1	-1
563	10	42	2000	-1	-1	4582.96	8	2	1	-1	-1	-1	2.55	0.001	90	1	0	20001100	-1	-1	-1
564	3	18	2011	-1	-1	2074.73	8	2	1	-1	-1	-1	2.55	0.001	90	1	0	20001100	-1	-1	-1
565	3	18	2010	-1	-1	3674.16	8	2	1	-1	-1	-1	2.55	0.001	90	1	0	20001100	-1	-1	-1
566	4	24	2011	-1	-1	1556.08	8	2	1	-1	-1	-1	2.55	0.001	90	1	0	20001100	-1	-1	-1
567	5	17.5	2003	-1	-1	2524.02	8	2	1	-1	-1	-1	2.55	0.001	90	1	0	20001100	-1	-1	-1
568	5	17.5	1999	-1	-1	2748	8	2	1	-1	-1	-1	2.55	0.001	90	1	0	20001100	-1	-1	-1
569	4	16	1965	-1	-1	5728.97	8	2	1	-1	-1	-1	2.55	0.001	90	0	0	20001100	-1	-1	-1
570	4	16	2005	-1	-1	2068.55	8	2	1	-1	-1	-1	2.55	0.001	90	0	0	20001100	-1	-1	-1
571	5	20	1998	-1	-1	7305.36	8	2	1	-1	-1	-1	2.55	0.001	90	1	0	20001100	-1	-1	-1
572	4	14	2001	-1	-1	2369.14	8	2	1	-1	-1	-1	2.55	0.001	90	0	0	20001100	-1	-1	-1
573	10	35	2006	-1	-1	3164.58	8	2	1	-1	-1	-1	2.55	0.001	90	1	0	20001100	-1	-1	-1
574	11	44	2008	-1	-1	2055.82	8	2	1	-1	-1	-1	2.55	0.001	90	1	0	20001100	-1	-1	-1
575	11	44	2009	-1	-1	717.814	8	2	1	-1	-1	-1	2.55	0.001	90	1	0	20001100	-1	-1	-1
576	11	44	2008	-1	-1	666.048	8	2	1	-1	-1	-1	2.55	0.001	90	1	0	20001100	-1	-1	-1
577	5	20	2005	-1	-1	17201.6	8	2	1	-1	-1	-1	2.55	0.001	90	1	0	20001100	-1	-1	-1
578	3	12	1980	-1	-1	1123.48	8	2	1	-1	-1	-1	2.55	0.001	90	0	0	20001100	-1	-1	-1
579	3	12	1980	-1	-1	1101.02	8	2	1	-1	-1	-1	2.55	0.001	90	0	0	20001100	-1	-1	-1
580	5	20	1980	-1	-1	1484.43	8	2	1	-1	-1	-1	2.55	0.001	90	1	0	20001100	-1	-1	-1
581	4	16	1957	-1	-1	4900.3	8	2	1	-1	-1	-1	2.55	0.001	90	2	0	20001100	-1	-1	-1
582	4	16.8	1956	-1	-1	5860.45	8	2	1	-1	-1	-1	2.55	0.001	90	0	0	20001100	-1	-1	-1
583	3	12	1960	-1	-1	1967.35	8	2	1	-1	-1	-1	2.55	0.001	90	2	0	20001100	-1	-1	-1
584	4	16.8	1956	-1	-1	5633.12	8	2	1	-1	-1	-1	2.55	0.001	90	0	0	20001100	-1	-1	-1
585	2	7	1960	-1	-1	530.435	8	2	1	-1	-1	-1	2.55	0.001	90	0	0	20001100	-1	-1	-1
586	2	6	1970	-1	-1	4872.02	8	2	1	-1	-1	-1	2.55	0.001	90	1	0	20001100	-1	-1	-1
587	3	9	1975	-1	-1	3323.2	8	2	1	-1	-1	-1	2.55	0.001	90	0	0	20001100	-1	-1	-1
588	5	20	1995	-1	-1	7774.64	8	2	1	-1	-1	-1	2.55	0.001	90	1	0	20001100	-1	-1	-1
589	4	14	1983	-1	-1	2907.68	8	2	1	-1	-1	-1	2.55	0.001	90	0	0	20001100	-1	-1	-1
590	5	20	1985	-1	-1	1342.88	8	2	1	-1	-1	-1	2.55	0.001	90	1	0	20001100	-1	-1	-1
591	5	17.5	1987	-1	-1	1580.85	8	2	1	-1	-1	-1	2.55	0.001	90	1	0	20001100	-1	-1	-1
592	7	28	1987	-1	-1	1069.57	8	2	1	-1	-1	-1	2.55	0.001	90	1	0	20001100	-1	-1	-1
593	5	20	1992	-1	-1	3271.55	8	2	1	-1	-1	-1	2.55	0.001	90	1	0	20001100	-1	-1	-1
594	12	42	2000	-1	-1	4592.99	8	2	1	-1	-1	-1	2.55	0.001	90	1	0	20001100	-1	-1	-1
595	2	7	2000	-1	-1	488.355	8	2	1	-1	-1	-1	2.55	0.001	90	0	0	20001100	-1	-1	-1
596	3	18	2014	-1	-1	10106.9	8	2	1	-1	-1	-1	2.55	0.001	90	1	0	20001100	-1	-1	-1
597	3	9	1982	-1	-1	769.715	8	2	1	-1	-1	-1	2.55	0.001	90	3	0	20001100	-1	-1	-1
598	3	9	1982	-1	-1	564.736	8	2	1	-1	-1	-1	2.55	0.001	90	3	0	20001100	-1	-1	-1
599	2	6	1982	-1	-1	72.7863	8	2	1	-1	-1	-1	2.55	0.001	90	3	0	20001100	-1	-1	-1
600	2	6	1982	-1	-1	56.1953	8	2	1	-1	-1	-1	2.55	0.001	90	3	0	20001100	-1	-1	-1
601	2	6	1982	-1	-1	379.238	8	2	1	-1	-1	-1	2.55	0.001	90	3	0	20001100	-1	-1	-1
602	2	6	1982	-1	-1	432.771	8	2	1	-1	-1	-1	2.55	0.001	90	3	0	20001100	-1	-1	-1
603	2	6	1982	-1	-1	130.413	8	2	1	-1	-1	-1	2.55	0.001	90	3	0	20001100	-1	-1	-1
604	3	9	1982	-1	-1	346.506	8	2	1	-1	-1	-1	2.55	0.001	90	3	0	20001100	-1	-1	-1
605	2	6	1982	-1	-1	91.3581	8	2	1	-1	-1	-1	2.55	0.001	90	3	0	20001100	-1	-1	-1
606	2	6	1982	-1	-1	636.333	8	2	1	-1	-1	-1	2.55	0.001	90	3	0	20001100	-1	-1	-1
607	2	6	1982	-1	-1	321.401	8	2	1	-1	-1	-1	2.55	0.001	90	3	0	20001100	-1	-1	-1
608	2	6	1982	-1	-1	306.273	8	2	1	-1	-1	-1	2.55	0.001	90	3	0	20001100	-1	-1	-1
609	2	6	1982	-1	-1	180.574	8	2	1	-1	-1	-1	2.55	0.001	90	3	0	20001100	-1	-1	-1
610	2	6	1982	-1	-1	90.3941	8	2	1	-1	-1	-1	2.55	0.001	90	3	0	20001100	-1	-1	-1
611	2	6	1982	-1	-1	269.416	8	2	1	-1	-1	-1	2.55	0.001	90	3	0	20001100	-1	-1	-1
612	2	6	1982	-1	-1	194.489	8	2	1	-1	-1	-1	2.55	0.001	90	3	0	20001100	-1	-1	-1
613	2	6	1982	-1	-1	369.176	8	2	1	-1	-1	-1	2.55	0.001	90	3	0	20001100	-1	-1	-1
614	2	6	1982	-1	-1	138.776	8	2	1	-1	-1	-1	2.55	0.001	90	3	0	20001100	-1	-1	-1
615	2	6	1982	-1	-1	115.993	8	2	1	-1	-1	-1	2.55	0.001	90	3	0	20001100	-1	-1	-1
616	2	6	1982	-1	-1	414.675	8	2	1	-1	-1	-1	2.55	0.001	90	3	0	20001100	-1	-1	-1
617	2	6	1982	-1	-1	429.375	8	2	1	-1	-1	-1	2.55	0.001	90	3	0	20001100	-1	-1	-1
618	2	6	1982	-1	-1	1243.5	8	2	1	-1	-1	-1	2.55	0.001	90	3	0	20001100	-1	-1	-1
619	2	6	1980	-1	-1	104.523	8	2	1	-1	-1	-1	2.55	0.001	90	3	0	20001100	-1	-1	-1
