  0.1985E-02  0.1450E-02  0.1231E-02  0.7085E-03  0.2000E+01  0.1717E+01  0.2178E+01  0.2556E+01  0.3310E+01  0.4702E-04
  0.3093E-02  0.2636E-02  0.1960E-02  0.9439E-03  0.2000E+01  0.2088E+01  0.2345E+01  0.3054E+01  0.3664E+01  0.2531E-05
  0.3139E-02  0.2637E-02  0.1817E-02  0.1107E-02  0.2000E+01  0.2299E+01  0.2605E+01  0.3107E+01  0.3834E+01  0.1220E-04
  0.2667E-02  0.1847E-02  0.1314E-02  0.6686E-03  0.2000E+01  0.2397E+01  0.2327E+01  0.2733E+01  0.3321E+01  0.7649E-04
  0.2202E-02  0.2329E-02  0.1992E-02  0.1094E-02  0.2000E+01  0.1839E+01  0.2317E+01  0.3062E+01  0.3752E+01  0.1154E-03
  0.3722E-02  0.2681E-02  0.1680E-02  0.7649E-03  0.2000E+01  0.2678E+01  0.2999E+01  0.3065E+01  0.3336E+01  0.6353E-04
  0.3949E-02  0.2893E-02  0.1699E-02  0.6916E-03  0.2000E+01  0.2486E+01  0.2940E+01  0.3023E+01  0.3345E+01  0.4801E-05
  0.4796E-02  0.3259E-02  0.1946E-02  0.7967E-03  0.2000E+01  0.2461E+01  0.2833E+01  0.3170E+01  0.3400E+01  0.1679E-03
  0.2870E-02  0.2398E-02  0.1717E-02  0.8853E-03  0.2000E+01  0.2247E+01  0.2556E+01  0.2981E+01  0.3621E+01  0.3699E-04
  0.2555E-02  0.2312E-02  0.1762E-02  0.9051E-03  0.2000E+01  0.1797E+01  0.2440E+01  0.3009E+01  0.3601E+01  0.4513E-04
  0.2307E-02  0.2052E-02  0.1504E-02  0.7683E-03  0.2000E+01  0.1921E+01  0.2495E+01  0.2944E+01  0.3408E+01  0.2633E-06
