0	bld-00	IDR	PFA	PFV	residual
0.002342	0.001884	0.001606	0.0009159	2.55	2.292	2.364	2.712	3.569	5.43e-05
0.003951	0.003272	0.002315	0.001178	2.55	2.468	2.947	3.298	4.003	3.111e-05
0.004045	0.003385	0.002211	0.001143	2.55	2.69	2.769	3.363	3.867	1.514e-05
0.005273	0.003527	0.001891	0.0008313	2.55	2.845	3.143	3.254	3.555	0.0001775
0.002728	0.00252	0.002193	0.001235	2.55	2.345	2.63	3.029	3.907	9.361e-05
0.004768	0.003868	0.002793	0.001462	2.55	3.174	3.375	3.554	4.101	7.374e-06
0.004659	0.003183	0.002062	0.0009313	2.55	2.876	3.342	3.235	3.586	3.583e-05
0.00769	0.005523	0.00332	0.001422	2.55	3.394	3.813	3.977	4.162	0.0001791
0.004256	0.003086	0.001931	0.0008475	2.55	2.596	3.048	3.099	3.555	2.532e-06
0.00305	0.002797	0.002162	0.001134	2.55	2.385	2.616	3.107	3.895	3.735e-05
0.002832	0.002513	0.001993	0.001109	2.55	2.437	2.749	3.18	3.669	5.041e-05
0.00276615	0.00247487	0.00225163	0.0012982	2.55	2.48676	2.81231	3.09109	3.95036	6.76267e-06
0.00559197	0.00360217	0.00199407	0.000883018	2.55	3.29201	3.43367	3.3682	3.49048	1.4283e-05
0.00200008	0.00195402	0.00183341	0.00119369	2.55	2.22608	2.19558	2.88157	3.79211	4.92846e-05
0.00256799	0.00210456	0.00157514	0.00085357	2.55	2.19897	2.31551	2.71172	3.59805	0.000114405
0.00353688	0.003248	0.00276463	0.00159388	2.55	2.7075	2.94665	3.42817	4.23294	1.66628e-05
0.00336397	0.00274683	0.00201755	0.00102336	2.55	2.53356	2.7286	3.06998	3.73325	1.58081e-05
0.00304641	0.00269938	0.00216846	0.00115575	2.55	2.4325	2.70866	3.12404	3.83026	3.64827e-05
0.00325312	0.00246636	0.00164012	0.000839899	2.55	2.35774	2.54783	2.93551	3.6021	1.5744e-05
0.00365706	0.00309164	0.00249352	0.0014124	2.55	2.6975	2.968	3.29289	4.13092	1.17583e-05
0.00721266	0.00523581	0.00264821	0.00113131	2.55	3.01477	3.54861	3.82451	4.01179	6.9257e-05
0.00225333	0.00250023	0.00246607	0.00155227	2.55	2.2127	2.45674	3.09227	4.19502	2.26585e-05
0.0049372	0.00382805	0.002801	0.00140177	2.55	3.18486	3.36385	3.49261	4.06031	2.24146e-05
0.00542809	0.00390647	0.00226456	0.000979678	2.55	2.95282	3.09896	3.37446	3.74512	1.0189e-05
0.00472921	0.00325407	0.00197709	0.000851994	2.55	2.676	3.03947	3.13128	3.63229	1.64085e-05
0.00354163	0.00252693	0.00192777	0.000966696	2.55	2.76354	3.03394	2.93053	3.60659	3.95405e-05
0.00290232	0.00246048	0.00199515	0.00107214	2.55	2.46127	2.72016	3.04773	3.70525	3.92228e-05
0.00387565	0.00313301	0.00202502	0.00103574	2.55	2.63493	2.86476	3.29454	3.70786	1.33224e-05
0.00380412	0.00339594	0.00245552	0.00128537	2.55	2.57665	2.91616	3.4024	3.99803	2.84368e-05
0.00547549	0.00369079	0.00221841	0.000932925	2.55	2.75509	3.27447	3.30954	3.70305	0.000228897
0.00548191	0.00413862	0.00281459	0.00133767	2.55	3.28398	3.53868	3.68805	3.96415	2.46329e-05
0.00466496	0.00443082	0.0032975	0.0017008	2.55	2.78754	3.33664	3.88543	4.32823	2.26833e-05
0.00181566	0.00172026	0.00173112	0.00115738	2.55	2.22797	2.24638	2.75925	3.74524	3.33083e-05
0.00241712	0.002375	0.0021242	0.0012821	2.55	2.29108	2.38589	3.01147	4.02929	1.37218e-06
0.00549228	0.00394881	0.00229925	0.00100257	2.55	2.81853	3.39836	3.49789	3.73919	7.04892e-05
0.00309418	0.00264315	0.00209672	0.00112243	2.55	2.41847	2.7488	3.05456	3.86246	3.46251e-05
0.00540905	0.00350496	0.00221232	0.00092082	2.55	2.91282	3.65167	3.22633	3.64327	2.52539e-05
0.00448482	0.00338945	0.00216212	0.000957424	2.55	2.47893	2.99135	3.2002	3.80143	8.76185e-05
0.00787613	0.00595092	0.00363882	0.0016214	2.55	3.4753	3.86736	4.00883	4.40051	0.000227868
0.00523105	0.00383041	0.00242759	0.00110625	2.55	3.05379	3.60736	3.50291	3.75618	1.99495e-05
0.00434362	0.00315105	0.00201757	0.000975483	2.55	2.75317	3.14932	3.20803	3.71881	0.000162276
0.00627591	0.00422725	0.00232974	0.000952417	2.55	3.04713	3.58263	3.55252	3.68763	0.000335758
0.00374896	0.00315316	0.00232877	0.00120995	2.55	2.61851	2.81364	3.20594	4.00567	1.34654e-05
0.00262721	0.00224784	0.00177112	0.00102752	2.55	2.42119	2.50367	2.9073	3.70503	1.67346e-05
0.00599699	0.00412412	0.00253689	0.00113729	2.55	3.01395	3.38706	3.56548	3.89464	0.00047699
0.00637265	0.00426053	0.00226667	0.000982772	2.55	3.08799	3.35316	3.54621	3.74736	1.01431e-05
0.00540774	0.00416676	0.0026755	0.00130135	2.55	2.96859	3.13583	3.51041	4.11094	0.000308244
0.00339981	0.00310061	0.00248708	0.00134151	2.55	2.47227	2.9247	3.37753	4.00169	0.000209272
0.00422757	0.00336822	0.00249617	0.001255	2.55	2.9226	3.19985	3.3514	3.88431	2.0839e-05
0.00422362	0.0034631	0.00270075	0.0014111	2.55	3.1068	3.15076	3.45137	3.98744	2.25372e-05
0.00512479	0.00359384	0.00236521	0.00110553	2.55	3.06187	3.31495	3.42378	3.79013	0.000170408
0.00257143	0.00225817	0.0016545	0.000826281	2.55	1.95913	2.38466	2.81589	3.60115	2.71484e-05
0.00307427	0.00246545	0.00191321	0.000953318	2.55	2.28206	2.76079	2.98018	3.64348	3.49288e-05
0.0035535	0.0032763	0.00257674	0.00139103	2.55	2.59749	2.83114	3.45643	4.02147	9.6892e-05
0.00527217	0.0035956	0.00204882	0.000869986	2.55	2.86917	3.13845	3.27391	3.66915	6.89737e-05
0.00486576	0.00357321	0.00242693	0.00119425	2.55	3.15266	3.4256	3.45012	3.78084	3.73812e-05
0.00405965	0.00306889	0.00232432	0.00120945	2.55	2.88913	2.9522	3.22682	3.89571	0.000200446
0.00412079	0.00339796	0.00222909	0.00109751	2.55	2.68919	2.942	3.40897	3.77048	3.51739e-05
0.00221084	0.00209958	0.00189629	0.00107293	2.55	2.08673	2.47043	2.92847	3.70699	0.000102089
0.00528283	0.00430954	0.00270035	0.00132648	2.55	2.95447	3.3799	3.75356	4.02672	4.19434e-06
0.00424148	0.00329358	0.00234745	0.00118125	2.55	2.85767	3.14096	3.37356	3.82312	2.51578e-05
0.00422577	0.00333791	0.0026219	0.00143269	2.55	3.06891	3.28245	3.51992	3.98932	5.19345e-05
0.00211825	0.00182824	0.00163467	0.000998368	2.55	2.25601	2.41322	2.74744	3.59669	3.56641e-05
0.00207776	0.00202585	0.00176412	0.00107894	2.55	2.07705	2.22196	2.93454	3.72859	1.93578e-05
0.00439501	0.00376181	0.00230972	0.00111642	2.55	2.54324	2.8341	3.46282	3.91901	5.67455e-06
0.00338333	0.00268165	0.0019195	0.000934508	2.55	2.29546	2.70691	3.00383	3.71496	0.00033898
0.00249934	0.00214065	0.00178852	0.00102166	2.55	2.39109	2.42068	2.85155	3.69725	6.57476e-05
0.00468112	0.00345144	0.0020729	0.000980401	2.55	2.80175	3.05128	3.37905	3.65288	0.000249158
0.00446399	0.00370268	0.00234876	0.00117206	2.55	2.7422	2.9223	3.4898	3.87824	8.24383e-05
0.00360273	0.00296886	0.00207033	0.00105001	2.55	2.60461	2.76132	3.20848	3.70185	1.65947e-05
0.00297729	0.00266635	0.00219275	0.00117192	2.55	2.47918	2.59407	3.05868	3.83495	0.000199835
0.00366954	0.00264157	0.00159595	0.000735227	2.55	2.3129	2.69073	2.91918	3.44627	1.26465e-05
0.00318208	0.0026994	0.00208048	0.00109064	2.55	2.62843	2.57845	3.05151	3.76514	9.88222e-05
0.00431632	0.00306626	0.0020601	0.000931077	2.55	2.6438	3.26055	3.14203	3.6444	1.2386e-05
0.00488913	0.00399239	0.00269684	0.00136043	2.55	2.94917	3.26747	3.61149	4.02968	2.92889e-05
0.00425957	0.00335837	0.00233051	0.00118878	2.55	2.85018	3.00576	3.33428	3.88215	0.000238054
0.00404566	0.00334793	0.00212707	0.00104345	2.55	2.64989	2.80614	3.33438	3.74283	5.84098e-05
0.00531309	0.00359395	0.00227244	0.00105728	2.55	2.92023	3.42725	3.52237	3.71648	0.00255254
0.00379366	0.00274304	0.00185049	0.000887575	2.55	2.49263	2.85054	3.07565	3.58375	0.000375202
0.00381483	0.00298819	0.00203309	0.00101434	2.55	2.47779	2.67265	3.13719	3.80676	0.000347129
0.0060105	0.00488897	0.00305943	0.0014613	2.55	3.14707	3.51558	3.87083	4.15205	7.41994e-05
0.00327119	0.00233804	0.00165655	0.000757379	2.55	2.34003	2.6405	2.71649	3.48525	9.69113e-06
0.00280737	0.00233347	0.00208084	0.00109299	2.55	2.29309	2.66935	2.89504	3.8304	5.685e-05
0.00440271	0.00326865	0.00188443	0.000886499	2.55	2.57488	2.88606	3.20062	3.65365	6.35996e-05
0.00446724	0.00413405	0.00309763	0.0016451	2.55	3.02078	3.44307	3.8141	4.16235	1.53503e-06
0.00472937	0.00316499	0.00191235	0.000895216	2.55	2.84005	3.18237	3.18377	3.59775	1.57713e-05
0.00257613	0.00186468	0.00133252	0.000663775	2.55	2.25322	2.65887	2.66603	3.21718	2.4335e-06
0.00605492	0.00430748	0.00246077	0.00104908	2.55	2.89854	3.20639	3.41538	3.91973	8.89275e-06
0.003415	0.0026591	0.0017387	0.000856927	2.55	2.38508	2.69148	3.02272	3.54834	2.02855e-05
0.00306707	0.00268501	0.00198925	0.00107076	2.55	2.41385	2.60087	3.04966	3.79431	1.26378e-05
0.00314435	0.00281734	0.00201554	0.00106758	2.55	2.2718	2.56777	3.12833	3.83557	4.61122e-05
0.00132424	0.00141667	0.00168613	0.00118943	2.55	2.02057	2.00215	2.59588	3.71248	2.49902e-05
0.00355457	0.0031343	0.00235174	0.00126891	2.55	2.68844	2.9259	3.24307	3.98797	3.98954e-06
0.00324032	0.00286396	0.00216453	0.00112433	2.55	2.40328	2.77419	3.19527	3.84814	1.05206e-05
0.00280232	0.00259676	0.0020103	0.00115681	2.55	2.35017	2.53959	3.14941	3.8547	3.69075e-05
0.00457751	0.00361496	0.00232928	0.00113251	2.55	2.76146	3.13383	3.46838	3.83243	0.000151674
0.00295396	0.00232107	0.00172901	0.000873866	2.55	2.32083	2.64348	2.89802	3.52192	0.000431911
0.00489394	0.00407601	0.00249519	0.00122578	2.55	2.76114	3.01225	3.56995	4.02559	3.82631e-05
0.00425006	0.00263734	0.00159689	0.000741011	2.55	2.72441	2.85236	2.88269	3.45757	4.63873e-05
0.00210342	0.00201051	0.00199369	0.00129104	2.55	2.17966	2.3911	2.93344	3.90806	0.000200934
0.00215023	0.00201058	0.00187078	0.00107311	2.55	2.2161	2.36123	2.86213	3.67627	8.13209e-05
0.0047752	0.00324525	0.00193001	0.000886357	2.55	2.93514	2.92035	3.09803	3.63584	1.8947e-05
0.00419689	0.00299933	0.00209437	0.000980905	2.55	2.68609	3.20427	3.16911	3.67663	6.41152e-05
0.00395848	0.00338777	0.00263794	0.00130715	2.55	2.65951	3.13525	3.42014	3.94294	0.000465077
0.00225448	0.0021051	0.00202632	0.00123672	2.55	2.20982	2.50069	2.90374	3.90534	0.000616586
0.00324806	0.00281646	0.0021725	0.00112645	2.55	2.43769	2.83308	3.16061	3.80299	2.21538e-05
0.00399919	0.00288164	0.00180003	0.00078302	2.55	2.48501	3.09207	3.07046	3.47038	1.3806e-05
0.00197592	0.00190255	0.00156918	0.000949051	2.55	1.94011	2.05823	2.7145	3.70538	7.60223e-06
0.00264137	0.00232452	0.00189481	0.00104584	2.55	2.41557	2.69487	2.99486	3.64387	6.19851e-06
0.00473215	0.00375068	0.00258729	0.00127517	2.55	2.91691	3.33275	3.56429	3.92494	2.02057e-05
0.00292166	0.00210947	0.00163703	0.000838189	2.55	2.43821	2.75061	2.75188	3.50141	0.000261745
0.00174808	0.0018413	0.00164537	0.0009845	2.55	1.85232	2.14319	2.72904	3.68518	7.1748e-06
0.00260857	0.00203494	0.0016116	0.000858277	2.55	2.29482	2.56286	2.72006	3.55143	9.96965e-06
0.00302332	0.00228705	0.00163911	0.000812228	2.55	2.33388	2.77326	2.83633	3.46595	3.1554e-05
0.00387658	0.0031128	0.00224534	0.00116427	2.55	2.7588	2.89094	3.23438	3.85624	4.40282e-05
0.00754571	0.00500085	0.00273348	0.00108976	2.55	3.1431	3.47834	3.72139	3.87622	0.000647169
0.00292386	0.00269411	0.00253639	0.00153631	2.55	2.675	2.87275	3.23099	4.03603	5.56717e-05
0.00385634	0.00342177	0.00249627	0.00130037	2.55	2.64819	2.93575	3.38836	4.00736	5.52895e-05
0.00328051	0.00270392	0.00203107	0.00107947	2.55	2.56189	2.87992	3.11423	3.72167	1.41756e-05
0.00227022	0.00214055	0.00206874	0.00130725	2.55	2.41781	2.44815	2.98314	3.89395	0.000353852
0.00305399	0.00266886	0.00213607	0.00116621	2.55	2.4713	2.61437	3.08427	3.90267	2.25954e-05
0.00295796	0.00265475	0.0022529	0.00131308	2.55	2.61549	2.67743	3.1039	3.94491	0.000423398
0.00533291	0.00342693	0.00186223	0.000813237	2.55	2.91917	3.28671	3.2146	3.49445	5.87024e-05
0.00496782	0.00380732	0.00243712	0.00111006	2.55	2.61355	3.20381	3.41232	3.97247	9.12395e-06
0.00353473	0.00316949	0.00230032	0.00128176	2.55	2.58991	2.82498	3.35224	4.01556	5.05122e-05
0.00268382	0.00247131	0.00200374	0.0011567	2.55	2.3508	2.54718	3.05514	3.83179	2.39409e-05
0.00532705	0.00418162	0.00277327	0.00130963	2.55	2.98319	3.29385	3.53939	4.0734	0.000105022
0.00294079	0.00225608	0.00191113	0.000997767	2.55	2.44053	2.83459	2.93391	3.64458	0.000205906
0.00382057	0.00302876	0.00210557	0.00100019	2.55	2.44873	2.93032	3.15003	3.77037	9.93006e-05
0.00353809	0.00298638	0.00207023	0.00108567	2.55	2.41316	2.73601	3.21416	3.8761	2.1317e-05
0.00380138	0.00274366	0.00186069	0.000871321	2.55	2.56752	3.06197	3.13592	3.48572	7.62004e-05
0.00466098	0.0037401	0.002454	0.0012208	2.55	2.82278	3.00974	3.5134	3.96118	1.4704e-05
0.00253647	0.00204315	0.00166442	0.000917073	2.55	2.35288	2.53281	2.80846	3.54704	1.93257e-05
0.00447502	0.00354649	0.00234248	0.00113952	2.55	2.75855	3.33658	3.51387	3.76414	9.14406e-05
0.00653875	0.00406584	0.00217006	0.000904395	2.55	3.12078	3.49033	3.48556	3.62235	4.23944e-05
0.0045792	0.00334789	0.00213466	0.000981256	2.55	2.68671	3.12342	3.18803	3.76888	1.9136e-05
0.00397958	0.00295381	0.00205988	0.000977822	2.55	2.68034	3.02804	3.08501	3.70393	6.67848e-05
0.00256439	0.00226511	0.00174249	0.00101948	2.55	2.20467	2.44465	2.94022	3.73569	2.07449e-05
0.00485754	0.00356669	0.00217683	0.000991286	2.55	2.86344	3.2916	3.417	3.66816	3.59597e-05
0.00991354	0.00531655	0.00230661	0.000794248	2.55	3.38181	4.16602	3.75486	3.51493	6.00238e-05
0.00550453	0.00365908	0.00225681	0.00108143	2.55	3.01205	3.13163	3.33663	3.88929	0.0013067
0.00526581	0.00362307	0.00219036	0.000973285	2.55	2.96111	3.20188	3.26928	3.72734	1.43324e-05
0.00581615	0.00401952	0.0022535	0.000966947	2.55	2.94703	3.23629	3.41697	3.77367	1.43945e-05
0.00590523	0.00449699	0.00248892	0.00116021	2.55	3.16129	3.21967	3.74554	3.84404	0.000319396
0.0047084	0.0035978	0.00232975	0.00119091	2.55	3.18492	3.08898	3.48998	3.80251	0.000239742
0.00358696	0.00260747	0.00170327	0.000812833	2.55	2.57365	2.71767	2.97092	3.47272	5.76098e-05
0.00501099	0.0037901	0.00249707	0.00115021	2.55	2.97974	3.31636	3.45884	3.82839	3.00474e-05
0.00401452	0.00295203	0.00181959	0.000908514	2.55	2.7895	2.67647	3.08861	3.63391	2.85191e-05
0.00212065	0.00194248	0.0016709	0.000961468	2.55	2.16707	2.40227	2.7751	3.58318	1.71667e-06
0.00296169	0.00245139	0.00204235	0.00108316	2.55	2.51187	2.9286	3.03562	3.67285	1.05515e-05
0.0038776	0.00325033	0.0022547	0.00112549	2.55	2.55213	2.81262	3.27535	3.90149	3.39721e-05
0.00312205	0.00267454	0.00204949	0.0010762	2.55	2.43393	2.62697	3.02543	3.83257	3.4472e-05
0.00309368	0.00247523	0.00179426	0.000909184	2.55	2.47018	2.63066	2.94993	3.54951	3.13326e-05
0.00441588	0.0034789	0.00249149	0.00131172	2.55	2.924	3.203	3.47388	3.9418	3.91185e-05
0.00295406	0.00294816	0.002513	0.00141523	2.55	2.38495	2.676	3.30251	4.08427	8.68854e-05
0.00275918	0.00215303	0.00167149	0.000906026	2.55	2.52614	2.77747	2.91594	3.44176	1.5939e-05
0.00255025	0.0023633	0.001849	0.000968421	2.55	1.99766	2.43912	2.92686	3.75331	3.52434e-05
0.00442667	0.00367487	0.00262098	0.00130325	2.55	2.81362	3.107	3.49229	3.98611	2.72124e-05
0.00272952	0.00215384	0.001616	0.000821094	2.55	2.26542	2.63028	2.80765	3.49164	3.92688e-05
0.00370005	0.00287895	0.00210482	0.00115005	2.55	2.64195	2.75042	3.24754	3.84493	0.000207476
0.00645555	0.00444662	0.00239269	0.000940584	2.55	2.99374	3.64082	3.53882	3.70657	5.57263e-06
0.00548218	0.00362416	0.00204484	0.000876417	2.55	2.85048	3.28476	3.22347	3.65823	0.000119659
0.0019974	0.00187355	0.00170158	0.00105161	2.55	2.18789	2.30494	2.74351	3.69314	9.92333e-06
0.00302187	0.00231013	0.00171243	0.000935714	2.55	2.46669	2.66296	2.9191	3.59568	8.29738e-05
0.00230243	0.0019878	0.00162591	0.000909301	2.55	2.22059	2.32011	2.78727	3.56537	5.96032e-05
0.00345329	0.0028595	0.00179659	0.00089941	2.55	2.29507	2.47501	3.05523	3.70217	5.2842e-05
0.00506795	0.00364777	0.00226628	0.00105079	2.55	2.99883	3.29557	3.42272	3.71095	8.50881e-05
0.00321135	0.00236649	0.00167843	0.000875018	2.55	2.71824	2.88146	3.04578	3.38596	2.79237e-05
0.00388411	0.00298609	0.00205554	0.00104208	2.55	2.57633	2.99864	3.15435	3.7857	4.49926e-05
0.00597183	0.0041328	0.00238265	0.00108714	2.55	3.19409	3.45865	3.54061	3.78966	0.000118324
0.00495058	0.00374202	0.00234064	0.00104234	2.55	2.86348	3.3342	3.48768	3.70431	1.9004e-05
0.00440542	0.00367719	0.00248382	0.00133229	2.55	2.99213	2.97303	3.49329	4.02853	1.35904e-05
0.00267895	0.00253523	0.00239253	0.00140279	2.55	2.53633	2.71944	3.08022	4.0393	6.50289e-06
0.00631259	0.00423357	0.0024113	0.00097081	2.55	3.07782	3.45126	3.54851	3.6647	0.000111828
0.00552125	0.00389985	0.00227388	0.000997227	2.55	3.00408	3.40238	3.46113	3.68599	2.14348e-05
0.00189224	0.00170655	0.00157557	0.000898472	2.55	2.04243	2.31421	2.64272	3.55074	1.17263e-05
0.00514896	0.00439705	0.00300228	0.00154896	2.55	2.97844	3.15388	3.70013	4.30241	0.000163511
0.00348959	0.00273675	0.00190289	0.000895668	2.55	2.50801	2.8965	2.98968	3.60502	4.15743e-06
0.00374782	0.00309434	0.00219047	0.00104277	2.55	2.40722	2.93882	3.22586	3.78377	0.00015964
0.00306807	0.00263126	0.00205978	0.0010101	2.55	2.32585	2.68336	2.99129	3.72907	3.90747e-05
0.00307086	0.00236158	0.00181977	0.000890817	2.55	2.34667	2.7028	2.83407	3.59466	6.28179e-05
0.00406649	0.00309464	0.0021857	0.00111326	2.55	2.64399	3.04158	3.23613	3.85169	0.000623532
0.004128	0.00335011	0.00238332	0.00122977	2.55	2.77231	3.17959	3.4409	3.86966	0.000218066
0.00228063	0.00247885	0.00228655	0.00142205	2.55	2.29342	2.36061	3.18503	3.99326	2.76644e-05
0.00224101	0.00183231	0.0014852	0.000876448	2.55	2.35779	2.37785	2.73805	3.45724	2.03409e-05
0.00484482	0.00367258	0.00234085	0.00103669	2.55	2.84831	3.22746	3.31627	3.75612	5.37329e-06
0.00421928	0.00305803	0.00204029	0.000957358	2.55	2.74147	3.08476	3.08372	3.72066	1.27233e-05
0.00393132	0.00333591	0.00229319	0.00115766	2.55	2.58092	2.95955	3.42133	3.84496	3.11606e-05
0.00348612	0.00263251	0.00163207	0.000751631	2.55	2.34174	2.69229	2.91542	3.48567	1.25325e-05
0.00474243	0.00365697	0.00245706	0.0011225	2.55	2.79691	3.24128	3.45057	3.7987	0.000169348
0.00461099	0.00369695	0.00219863	0.00102111	2.55	2.53863	2.78171	3.26411	3.89817	2.59682e-05
0.00331976	0.00274744	0.00218087	0.00117507	2.55	2.63106	2.85022	3.15958	3.83609	1.84155e-05
0.00443968	0.00337937	0.00242097	0.00122246	2.55	3.02762	3.38162	3.36112	3.85517	1.23466e-05
0.00399094	0.00399453	0.00338647	0.00181803	2.55	2.74664	3.04034	3.64482	4.42878	6.35919e-05
0.00531027	0.00357741	0.00190209	0.000823904	2.55	2.86046	3.08619	3.34018	3.51067	0.00049424
0.00424532	0.00344172	0.00250749	0.00123195	2.55	2.73801	3.02764	3.30995	3.99256	0.0001064
0.00304204	0.00255148	0.0019723	0.00104602	2.55	2.41881	2.76883	3.01046	3.74622	2.4273e-05
0.00232315	0.00200132	0.00174646	0.0010102	2.55	2.25887	2.4591	2.78555	3.71534	5.9956e-05
0.004891	0.00390389	0.00260302	0.00121644	2.55	2.89135	3.36717	3.487	3.90476	2.592e-05
0.00193599	0.00181976	0.0015474	0.000956257	2.55	2.00445	1.99618	2.63664	3.72954	2.5002e-05
0.00176783	0.00166401	0.00151306	0.00095397	2.55	2.017	2.124	2.6692	3.57696	4.45504e-05
0.00567549	0.00410554	0.00281565	0.00136254	2.55	3.19587	3.5254	3.66984	4.01285	6.51425e-05
0.00362995	0.00278312	0.00196597	0.000991152	2.55	2.65619	2.82717	3.1328	3.60428	3.96765e-05
0.00284028	0.00259575	0.00199267	0.00108075	2.55	2.37545	2.46753	3.04023	3.78144	3.08522e-05
0.00583547	0.00456151	0.00262299	0.00126657	2.55	3.21995	3.36696	3.72592	3.97158	1.78179e-05
0.00364937	0.00249948	0.0016376	0.000787902	2.55	2.56584	2.8687	2.89104	3.44572	5.51129e-06
0.00335097	0.00297596	0.00213959	0.00110608	2.55	2.3845	2.74976	3.21052	3.84752	8.32923e-05
0.00263851	0.00254868	0.00219298	0.00122929	2.55	2.10229	2.4359	2.98701	4.08205	8.95269e-05
0.00296325	0.0028497	0.00232801	0.00129635	2.55	2.39242	2.73904	3.27723	3.98637	3.96671e-06
0.00678138	0.00478808	0.00278167	0.00118091	2.55	3.25447	3.5832	3.65178	3.96918	1.26187e-05
0.00638916	0.00380481	0.0019729	0.000799582	2.55	3.14294	3.41177	3.32635	3.5035	1.29751e-05
0.00503472	0.00367828	0.00214819	0.000989104	2.55	2.81731	3.16966	3.42259	3.68563	9.01233e-05
0.00208661	0.00194957	0.00183956	0.00115061	2.55	2.18675	2.35524	2.83686	3.7942	0.000209843
0.00540858	0.00387985	0.00219395	0.000996872	2.55	2.85542	3.09423	3.39974	3.77933	9.12028e-05
0.002649	0.00217454	0.00178874	0.00101972	2.55	2.48301	2.50709	2.89333	3.62981	0.000145331
0.0022332	0.00219815	0.00185469	0.00108453	2.55	2.15962	2.18007	2.80969	3.85785	1.62466e-05
0.00347764	0.00288438	0.00238248	0.00128333	2.55	2.56666	2.75575	3.13461	4.04224	8.10842e-05
0.00341919	0.00249976	0.00182974	0.00090354	2.55	2.69219	2.92574	2.9931	3.48989	0.000109135
0.00392114	0.00275613	0.00175646	0.000815406	2.55	2.55869	2.88287	3.03402	3.49751	9.94895e-05
0.00368489	0.00268778	0.00183712	0.000909464	2.55	2.62608	2.84309	2.99423	3.61173	2.49154e-05
0.00336668	0.00272781	0.0019785	0.000984153	2.55	2.40908	2.81418	3.17369	3.65696	5.35093e-05
0.00547536	0.00409397	0.00250077	0.00111353	2.55	2.69435	3.25742	3.46548	3.99321	0.000119291
0.00484859	0.00359766	0.00224945	0.00107989	2.55	2.9567	3.29496	3.43319	3.73309	4.89368e-06
0.00388184	0.00277897	0.00173197	0.00083957	2.55	2.60355	2.73751	2.97988	3.57649	0.000318156
0.00409831	0.00316111	0.00207648	0.000996711	2.55	2.69385	3.04351	3.27644	3.64319	5.27376e-06
0.00340012	0.00325836	0.00246283	0.0013382	2.55	2.48796	2.78011	3.35145	4.05894	6.75838e-06
0.00602288	0.00380794	0.00182989	0.00072242	2.55	2.7661	3.24757	3.32813	3.44467	2.58719e-05
0.00363514	0.00308155	0.00218851	0.00108929	2.55	2.70471	2.89659	3.21796	3.73784	2.95334e-06
0.00375861	0.00268137	0.00170089	0.000821057	2.55	2.54098	2.73453	2.94279	3.52822	3.13081e-05
0.00277326	0.00230501	0.0018652	0.00102337	2.55	2.42442	2.59623	2.93172	3.72226	1.45271e-06
0.0043993	0.00362356	0.00239546	0.00121187	2.55	2.61938	3.03851	3.34093	4.07603	5.18225e-05
0.00372292	0.0031397	0.0022551	0.00115654	2.55	2.53321	2.83346	3.23553	3.95397	2.58575e-05
0.00390819	0.00298233	0.00203436	0.00105956	2.55	2.91965	3.07027	3.23376	3.64246	5.37058e-05
0.0032382	0.00285621	0.00219352	0.00127095	2.55	2.56603	2.64038	3.21005	3.98408	3.09282e-05
0.00501739	0.00392022	0.00266645	0.00119316	2.55	2.83366	3.42031	3.44834	3.96103	4.00144e-05
0.00444182	0.00351596	0.00239483	0.00115869	2.55	2.64943	2.99405	3.33755	3.93156	1.4662e-05
0.00377666	0.00326583	0.00249498	0.00128005	2.55	2.55994	2.94577	3.2906	4.03136	2.90265e-05
0.00743601	0.00525329	0.00295818	0.00127761	2.55	3.41463	3.71248	3.82298	4.03796	6.73756e-05
0.00414617	0.00286988	0.00183841	0.000840218	2.55	2.72725	3.18658	3.10905	3.44776	4.31221e-05
0.0046159	0.00384704	0.00261606	0.00125137	2.55	2.72066	3.12933	3.45907	4.01953	6.02155e-05
0.00508208	0.00400616	0.00254738	0.00122429	2.55	2.86144	3.30464	3.5944	3.95008	1.39266e-05
0.00327232	0.00306867	0.00238334	0.00135024	2.55	2.58844	2.73735	3.29812	4.02529	3.417e-05
0.00422772	0.00291142	0.00186771	0.000941166	2.55	2.95526	2.91519	3.14446	3.57202	0.000172541
0.0027454	0.00223638	0.00173698	0.000887958	2.55	2.36311	2.65333	2.81174	3.5217	1.16782e-06
0.00406655	0.00298558	0.00191872	0.000900014	2.55	2.66339	3.03786	3.11783	3.59875	7.17449e-06
0.00251223	0.0019163	0.00140397	0.000751579	2.55	2.28026	2.50633	2.69718	3.34979	4.79131e-06
0.00349788	0.00334664	0.00262093	0.00150992	2.55	2.60745	2.75201	3.45797	4.18866	0.0001366
0.00591018	0.00353433	0.00195941	0.000773689	2.55	3.12312	3.62072	3.29645	3.36171	1.52444e-05
0.00316963	0.00265	0.00212614	0.00120807	2.55	2.42589	2.64689	3.04005	3.99002	2.26611e-05
0.00235517	0.00235233	0.00211753	0.00129339	2.55	2.26131	2.37321	2.95284	4.02143	1.57918e-05
0.00434625	0.00369906	0.00278611	0.00154516	2.55	2.87749	3.18225	3.58469	4.17579	0.00106337
0.00273493	0.00253689	0.00202664	0.00105457	2.55	2.24561	2.50074	2.95741	3.79239	3.03167e-06
0.0051833	0.00370886	0.00216995	0.00098068	2.55	2.81145	3.17006	3.32414	3.79071	5.59773e-05
0.00306464	0.00278837	0.00241551	0.00130133	2.55	2.58589	2.79654	3.15276	3.95536	2.08169e-05
0.00359229	0.00285434	0.00212885	0.00108233	2.55	2.52104	2.8007	3.14544	3.79966	0.000125337
0.00454449	0.00314955	0.00209065	0.000905102	2.55	2.57444	3.17944	3.16925	3.66326	0.000315767
0.00244284	0.00236198	0.00179403	0.00101033	2.55	2.25218	2.41627	3.02261	3.63829	7.6492e-06
0.00345372	0.00299162	0.00230953	0.00121713	2.55	2.61835	3.00312	3.24819	3.88836	1.15496e-05
0.00336375	0.00276402	0.00210951	0.00110389	2.55	2.45114	2.78865	3.1212	3.82633	0.000162946
0.00514952	0.00412882	0.00281746	0.00133292	2.55	2.89134	3.55726	3.60162	4.03426	2.73973e-05
0.00566575	0.00477313	0.00330349	0.00157831	2.55	3.07255	3.54039	3.83216	4.28856	6.54474e-06
0.00289647	0.00247821	0.00173999	0.000948264	2.55	2.45137	2.57021	3.07431	3.53594	0.00015681
0.00580828	0.00395427	0.00213876	0.000927015	2.55	3.19008	3.52212	3.50036	3.53652	2.02339e-05
0.0034543	0.00281847	0.0020171	0.000986756	2.55	2.50639	2.81469	3.04811	3.71283	2.21677e-05
0.0032503	0.00209643	0.00138162	0.000666365	2.55	2.57027	2.76792	2.72981	3.19572	2.57731e-05
0.00345903	0.00315478	0.00258675	0.00146282	2.55	2.53373	2.80167	3.31831	4.20407	2.62579e-05
0.00183058	0.00171017	0.00151876	0.000879183	2.55	1.98326	2.19292	2.63371	3.52759	6.21211e-05
0.00344625	0.00279482	0.00195805	0.00103988	2.55	2.58361	2.87797	3.24519	3.6409	4.51498e-05
0.00835847	0.00522938	0.00265971	0.00105065	2.55	3.41835	3.9159	3.7708	3.81727	1.52152e-05
0.00375988	0.0027754	0.00208089	0.00105072	2.55	2.7571	2.98678	3.0975	3.73773	1.72753e-05
0.00491721	0.00335948	0.00192843	0.000885298	2.55	2.96844	3.19457	3.29708	3.53217	0.000208035
0.00152377	0.00134953	0.00130154	0.000766618	2.55	1.92603	2.14195	2.40632	3.3056	9.85497e-06
0.00421069	0.00342659	0.00230567	0.00111859	2.55	2.46993	2.84659	3.29376	3.94255	5.78561e-05
0.00393169	0.00292445	0.00195707	0.000972753	2.55	2.7552	2.82075	3.10257	3.65164	3.46033e-05
0.00454766	0.00370226	0.00273086	0.00139701	2.55	2.93257	3.268	3.53208	4.01235	0.000159498
0.00496409	0.00436634	0.00297416	0.00145808	2.55	2.79474	3.16434	3.72743	4.17918	2.29623e-05
0.00855841	0.00548341	0.00280181	0.00111392	2.55	3.5525	4.12971	3.95495	3.81168	2.61797e-05
0.0035454	0.00277003	0.00200312	0.000971275	2.55	2.54277	2.88525	3.07896	3.65119	1.25238e-05
0.00396803	0.00274582	0.00157445	0.000723375	2.55	2.40659	2.79904	3.07241	3.39225	7.69969e-05
0.00438827	0.00349327	0.0026565	0.00133762	2.55	3.05428	3.43713	3.49206	3.89894	1.4108e-05
0.00297534	0.00234496	0.0018001	0.000917788	2.55	2.50166	2.58731	2.89274	3.56319	7.5478e-05
0.00419978	0.0029115	0.00195487	0.000937619	2.55	2.66291	2.98244	3.06766	3.69967	7.24642e-05
0.00217478	0.00199072	0.00175559	0.00100369	2.55	2.22869	2.44833	2.88707	3.57078	1.17915e-05
0.00649858	0.0052641	0.00298098	0.00135304	2.55	2.89322	3.30551	3.91459	4.2394	0.000390234
0.00353207	0.00285776	0.00210542	0.0011037	2.55	2.69348	2.80955	3.12392	3.78154	5.45506e-05
0.00256459	0.00219835	0.00183625	0.00104626	2.55	2.34817	2.61478	2.94368	3.65949	0.000148047
0.00266248	0.00218984	0.00167495	0.000885366	2.55	2.36354	2.46447	2.84524	3.5189	7.89267e-05
0.00515262	0.00395253	0.00263216	0.00124114	2.55	2.80545	3.3599	3.54281	4.0173	3.61404e-05
0.00333575	0.00240789	0.00167767	0.000844343	2.55	2.4833	2.80645	2.91671	3.486	0.000169527
0.00509324	0.0033761	0.00189606	0.000827673	2.55	2.84413	3.20856	3.29298	3.48701	0.000294373
0.0043708	0.00348217	0.00239281	0.00108796	2.55	2.48844	3.01099	3.26623	3.92521	5.5873e-05
0.00256145	0.00232156	0.00187296	0.00097908	2.55	2.13154	2.58553	2.90645	3.7076	3.23431e-05
0.00264282	0.00244714	0.00206364	0.00127988	2.55	2.49917	2.59903	3.12618	3.90793	4.18077e-05
0.0033623	0.00323402	0.00257806	0.00150716	2.55	2.66221	2.79951	3.41309	4.13824	1.57283e-05
0.00420461	0.0032086	0.00205893	0.000978603	2.55	2.58918	3.02467	3.27982	3.71289	0.000101146
0.00224835	0.00218049	0.0019384	0.00119564	2.55	2.27459	2.50901	2.97447	3.8258	2.08147e-05
0.00592067	0.00399284	0.00250886	0.00112612	2.55	3.27049	3.61473	3.51702	3.80922	9.8538e-05
0.00385397	0.00360391	0.00293586	0.00161822	2.55	2.73843	3.02979	3.5137	4.28897	1.46359e-05
0.00206556	0.00179149	0.00139537	0.000779848	2.55	1.98398	2.15219	2.67013	3.40877	1.08189e-05
0.00306752	0.00269489	0.00223078	0.00120836	2.55	2.61578	3.00037	3.23991	3.73186	1.06147e-05
0.00603196	0.00451462	0.00285033	0.00134085	2.55	3.19351	3.45308	3.70947	4.06365	3.37586e-05
0.00578818	0.00427005	0.00259853	0.00119812	2.55	3.12308	3.37296	3.58205	3.93463	9.55738e-05
0.00310787	0.00252144	0.00174443	0.000897494	2.55	2.35849	2.66817	2.97796	3.61453	3.14182e-05
0.00251394	0.002301	0.00190965	0.000996963	2.55	2.14688	2.57499	2.87159	3.72851	5.35635e-06
0.00502151	0.00453558	0.00311681	0.00157969	2.55	2.90068	3.20408	3.78184	4.27696	7.63939e-05
0.00348586	0.00288753	0.00202871	0.00101656	2.55	2.38335	2.82567	3.09186	3.84739	3.55326e-05
0.00317616	0.00275981	0.00212283	0.00113616	2.55	2.47558	2.57485	3.05378	3.90472	4.96118e-05
0.00471724	0.00339908	0.00222811	0.001031	2.55	2.69347	3.10702	3.28236	3.80076	0.000150878
0.00445801	0.00314021	0.00194725	0.000944294	2.55	2.56378	2.9881	3.22391	3.74526	0.000214106
0.00542183	0.0043738	0.00264709	0.00119358	2.55	2.73109	3.21988	3.58682	4.0463	1.58906e-05
0.00442148	0.00317315	0.00216833	0.001013	2.55	2.98902	3.23579	3.24277	3.64355	5.49185e-06
0.00372097	0.00243875	0.00158186	0.000768842	2.55	2.85513	2.98891	2.91859	3.30657	1.7426e-05
0.00432276	0.00327255	0.00214085	0.00103496	2.55	2.75384	3.00391	3.19959	3.79559	0.000135558
0.00382918	0.00322085	0.00246945	0.00137698	2.55	2.76945	3.07665	3.46835	3.93918	3.96846e-05
0.00415499	0.00314362	0.00213867	0.00107191	2.55	2.84557	3.02689	3.29708	3.71974	4.61007e-05
0.00434257	0.00367273	0.00276728	0.00144101	2.55	2.95705	3.2921	3.44781	4.14305	1.13662e-05
0.00376491	0.0030766	0.00192351	0.00101214	2.55	2.57085	2.62288	3.21805	3.74316	0.000159569
0.00396995	0.00340345	0.00255269	0.00137387	2.55	2.64296	2.78229	3.38273	4.1464	0.00134873
0.00388415	0.00301161	0.00193496	0.000973418	2.55	2.66697	2.90599	3.21993	3.64372	4.4949e-05
0.00278196	0.00279427	0.00247956	0.00145806	2.55	2.38931	2.6266	3.22948	4.1256	8.7334e-05
0.00318605	0.00261801	0.00190905	0.000979942	2.55	2.54849	2.85339	3.09068	3.57934	2.47314e-05
0.00344058	0.00250176	0.00162808	0.000801843	2.55	2.48547	2.86934	2.97146	3.4304	1.19675e-06
0.00292456	0.00273627	0.00226364	0.00126243	2.55	2.30537	2.57833	3.18752	4.00508	0.000132692
0.00435217	0.00360447	0.00258906	0.00124087	2.55	2.60418	3.2422	3.43647	3.99264	1.03876e-05
0.00382741	0.00304513	0.00197262	0.000925202	2.55	2.49525	2.69977	3.05448	3.70952	9.68948e-06
0.00333219	0.00251524	0.00189263	0.00102751	2.55	2.84088	2.89392	2.99934	3.62888	6.62605e-06
0.00318741	0.00294979	0.00249644	0.00147473	2.55	2.62214	2.80835	3.26637	4.12025	7.06809e-05
0.0031145	0.00263345	0.0020415	0.00103145	2.55	2.37964	2.82132	2.98463	3.74432	1.0775e-05
0.00215973	0.00196906	0.00176289	0.00102147	2.55	2.20168	2.46072	2.81973	3.61032	8.08467e-05
0.00271607	0.0019743	0.00136161	0.000677503	2.55	2.22118	2.45653	2.63441	3.31448	4.18964e-05
0.00601647	0.00438406	0.00240083	0.00107881	2.55	2.94267	3.23362	3.56094	3.88291	4.94061e-06
0.00390928	0.00316768	0.00216427	0.00106578	2.55	2.75285	2.8537	3.31149	3.71196	1.56425e-05
0.00368527	0.00325114	0.00240479	0.00127747	2.55	2.53349	2.79805	3.31618	4.02324	2.4884e-05
0.00515381	0.00388795	0.0022666	0.00110878	2.55	3.12824	3.30193	3.59715	3.67882	5.24807e-05
0.00432817	0.00328839	0.00207956	0.00101293	2.55	2.70394	2.94515	3.33596	3.71209	5.75419e-05
0.00284724	0.00266733	0.00236841	0.00134196	2.55	2.40006	2.65918	3.08189	4.08837	1.20096e-05
0.00286448	0.00226022	0.00176768	0.000927397	2.55	2.26532	2.64311	2.92417	3.59664	6.80145e-05
0.00305148	0.00259953	0.00180528	0.000972779	2.55	2.18379	2.36351	2.98181	3.82853	3.18391e-05
0.00279983	0.00223269	0.00179141	0.000978836	2.55	2.39559	2.61481	2.88735	3.64245	4.34747e-05
0.00422853	0.00332197	0.00216874	0.00104888	2.55	2.61217	2.97215	3.26979	3.83984	4.08336e-05
0.00332384	0.00257907	0.00215602	0.00119942	2.55	2.76614	2.95848	3.10375	3.81703	0.000240611
0.00418935	0.00336794	0.00230801	0.00110036	2.55	2.74096	3.09299	3.31637	3.78065	4.59332e-06
0.00505985	0.00379819	0.00228024	0.000977261	2.55	2.7193	3.16858	3.39459	3.7207	3.52416e-05
0.00367947	0.00311727	0.0024195	0.00134244	2.55	2.70776	2.89649	3.28766	4.06593	3.21219e-05
0.00336471	0.00257816	0.00191411	0.000975201	2.55	2.52478	2.88866	2.98465	3.69041	1.94424e-06
0.0019463	0.00180067	0.00158216	0.00089822	2.55	2.04592	2.31909	2.68521	3.52271	1.09086e-05
0.00170936	0.0018751	0.00180596	0.00113505	2.55	1.97264	2.16249	2.79697	3.7507	5.23317e-05
0.00450615	0.00326536	0.00196949	0.000922298	2.55	2.79866	3.09714	3.26692	3.62429	8.68369e-06
0.003696	0.00296555	0.00197299	0.00097662	2.55	2.60552	2.74347	3.21525	3.6552	3.93964e-05
0.0030967	0.00235324	0.00177638	0.000969945	2.55	2.54025	2.70114	2.89435	3.68356	4.77217e-05
0.00297873	0.00251694	0.00195003	0.00101591	2.55	2.33272	2.48077	2.90119	3.84497	1.74139e-05
0.00294274	0.00240388	0.00181332	0.000860995	2.55	2.20419	2.57967	2.92622	3.5303	0.000732591
0.00395793	0.00317961	0.00216529	0.00111618	2.55	2.57049	2.93257	3.30867	3.85887	8.41032e-05
0.00575023	0.00424936	0.00260947	0.00115122	2.55	3.01843	3.31865	3.52949	3.92652	1.11666e-05
0.00484467	0.00377852	0.00234617	0.00111609	2.55	2.78511	2.92256	3.33893	3.96864	7.74327e-06
0.00271265	0.00245761	0.00204495	0.00121587	2.55	2.52267	2.60221	3.01387	3.862	7.16798e-06
0.00369653	0.00285991	0.00219074	0.00119051	2.55	2.78469	2.77774	3.13749	3.89175	0.000138864
0.00609399	0.00481963	0.0029785	0.00143761	2.55	3.09349	3.34936	3.77362	4.23331	0.000578582
0.00320631	0.00266351	0.00216731	0.00122419	2.55	2.58992	2.88014	3.18365	3.84924	3.03401e-05
0.00459263	0.00389803	0.00283755	0.00134059	2.55	2.76705	3.53063	3.68717	3.95449	0.000135127
0.00422109	0.00366996	0.00299686	0.00161242	2.55	3.04317	3.25771	3.47607	4.20065	6.74322e-05
0.0101531	0.00571731	0.0026467	0.000978754	2.55	3.71605	4.1605	3.79574	3.77785	0.000180178
0.00503893	0.00339525	0.00225857	0.00104294	2.55	3.05804	3.43858	3.37697	3.65897	0.00021032
0.00221669	0.00164602	0.00131792	0.00072251	2.55	2.24055	2.45226	2.56908	3.30132	3.03638e-05
0.00408894	0.00334195	0.00236654	0.00119173	2.55	2.68196	3.01078	3.30886	3.92163	8.31819e-05
0.00423807	0.00344432	0.00232446	0.00114174	2.55	2.72324	2.96732	3.30298	3.90015	3.51123e-05
0.00243884	0.00212074	0.00182181	0.00102114	2.55	2.25374	2.47684	2.84186	3.68476	2.68515e-05
0.00339273	0.00298003	0.0022477	0.00118288	2.55	2.43918	2.72623	3.31395	3.89269	0.000200588
0.00804596	0.00545801	0.0027752	0.00112241	2.55	3.312	3.69399	3.90854	3.93648	3.02858e-05
0.00549198	0.00336385	0.00178954	0.000760723	2.55	2.85074	3.09251	3.15432	3.5042	5.17826e-05
0.00346555	0.00267535	0.00197303	0.000960612	2.55	2.53542	2.88015	3.0122	3.65139	1.7238e-05
0.00396962	0.00294813	0.00210889	0.00105776	2.55	2.73464	2.99622	3.18947	3.76648	0.000180722
0.00276969	0.00253941	0.00209228	0.00120061	2.55	2.43962	2.55094	3.09604	3.90529	3.01472e-05
0.00473434	0.00347903	0.0020122	0.000920589	2.55	2.71787	3.05814	3.41973	3.60928	4.73819e-05
0.00617767	0.00438634	0.00263449	0.00120409	2.55	3.05222	3.22316	3.57588	4.11015	7.38777e-05
0.00519705	0.00406733	0.00273384	0.00129917	2.55	3.04303	3.22466	3.48241	4.06779	4.93495e-06
0.00658458	0.00499288	0.00316912	0.00148445	2.55	3.13923	3.60952	3.80388	4.28643	0.000124784
0.00477862	0.00325941	0.00193426	0.00090402	2.55	3.00675	3.08792	3.22922	3.5737	1.28614e-05
0.00337029	0.00306474	0.00229919	0.00129705	2.55	2.54164	2.72985	3.27258	4.02752	3.17628e-05
0.0022895	0.0020655	0.00161484	0.000927268	2.55	2.30077	2.44077	2.90522	3.47559	0.000120288
0.00242913	0.00221435	0.00165523	0.000884104	2.55	2.04835	2.31509	2.85882	3.59131	1.29137e-05
0.00261396	0.00229735	0.00210119	0.00121642	2.55	2.45677	2.68551	2.96672	3.84823	2.14029e-05
0.00220823	0.0022006	0.00180881	0.00105779	2.55	2.08758	2.26742	2.91174	3.74647	1.20219e-05
0.00259505	0.00259445	0.00263751	0.00153643	2.55	2.4985	2.85611	3.22927	4.02947	3.92263e-05
0.00400016	0.00359772	0.00289513	0.00157566	2.55	2.80582	3.10128	3.56386	4.18298	4.56928e-05
0.00293557	0.00238214	0.00192036	0.00104562	2.55	2.49293	2.6515	2.9313	3.76083	4.90224e-05
0.00218513	0.00175735	0.00143957	0.000826964	2.55	2.2102	2.42068	2.73378	3.37007	0.00034036
0.00223982	0.00172966	0.00137086	0.000730542	2.55	2.00933	2.23112	2.52433	3.41028	5.74863e-05
0.00339267	0.0029571	0.00249684	0.00142614	2.55	2.75546	3.06918	3.36814	3.95504	3.39786e-05
0.00413662	0.00341817	0.00244868	0.00120456	2.55	2.49701	2.90805	3.30227	4.03972	8.92787e-05
0.00509258	0.00395703	0.00240787	0.0011355	2.55	2.70422	3.14284	3.48006	3.94134	6.99067e-05
0.00538161	0.00332873	0.00213031	0.000932465	2.55	3.09738	3.6126	3.37034	3.52982	0.000329995
0.0045687	0.0037082	0.00256598	0.00123912	2.55	2.89799	3.42005	3.48261	3.90236	1.73119e-06
0.0030893	0.00275183	0.00231962	0.00137425	2.55	2.63439	2.7565	3.19975	3.99415	0.000154755
0.00224639	0.00206352	0.00171682	0.00090752	2.55	2.12708	2.39923	2.84755	3.50589	2.72541e-05
0.00525931	0.00404509	0.00253716	0.00122646	2.55	2.98362	3.25197	3.68863	3.87884	0.000578263
0.00548664	0.00352934	0.00189611	0.000823783	2.55	2.97418	3.34272	3.26761	3.53506	1.74502e-05
0.00346777	0.00288118	0.0020554	0.00096431	2.55	2.29752	2.68009	3.07546	3.74194	0.000105176
0.00304862	0.0026128	0.00188887	0.000995874	2.55	2.46387	2.7174	3.03971	3.64598	2.17669e-06
0.00542901	0.00432158	0.00298666	0.00142094	2.55	3.19184	3.48442	3.6355	4.12248	1.53058e-06
0.00429399	0.00336782	0.00227033	0.00113173	2.55	2.77693	3.08892	3.34702	3.86173	5.30988e-05
0.00492379	0.00403637	0.0028817	0.00144726	2.55	2.9345	3.58193	3.64078	4.13155	1.07999e-05
0.00426801	0.00312142	0.00223373	0.0010632	2.55	2.72783	3.14154	3.2201	3.77158	9.75194e-05
0.00270326	0.00215628	0.0017386	0.000914329	2.55	2.38351	2.81724	2.91741	3.48218	4.73422e-05
0.00494807	0.00393798	0.0028394	0.00136733	2.55	3.18609	3.34871	3.51315	4.03575	3.05882e-05
0.00358778	0.00269257	0.0016611	0.00076383	2.55	2.34029	2.76837	2.98027	3.45833	4.26313e-06
0.00209716	0.00213773	0.00204124	0.00127024	2.55	2.07361	2.31274	2.94904	3.99231	4.07527e-06
0.00404328	0.00291143	0.0018417	0.00086739	2.55	2.64883	3.03451	3.10744	3.54821	2.77799e-05
0.00544701	0.00349	0.00222684	0.000964793	2.55	3.10032	3.52196	3.28833	3.63382	2.41103e-05
0.00543345	0.00358566	0.00191642	0.000815511	2.55	2.82931	3.18673	3.23773	3.55106	5.5199e-05
0.00710314	0.00521324	0.00274611	0.00113869	2.55	3.2162	3.58162	3.76685	3.92677	3.72826e-05
0.00512116	0.00403293	0.00261232	0.00123596	2.55	2.94211	3.1805	3.5126	4.01067	2.15254e-05
0.00267423	0.00214056	0.00166304	0.00090495	2.55	2.34176	2.55286	2.87745	3.50806	4.50689e-05
0.00468368	0.00392439	0.00298571	0.00157562	2.55	3.00954	3.32773	3.70418	4.18296	0.000142557
0.00286692	0.00253862	0.00233226	0.00125883	2.55	2.33059	2.84996	3.06119	3.92693	0.000108786
0.00198013	0.00178578	0.00165473	0.00102375	2.55	2.08586	2.26066	2.77333	3.6589	0.000255345
0.00293146	0.00264722	0.00217422	0.0011926	2.55	2.38063	2.63487	3.03723	3.91639	1.43932e-05
0.00431074	0.00339313	0.00270912	0.00140596	2.55	2.84691	3.11186	3.34785	4.16743	0.000242639
0.00402784	0.00324012	0.00212359	0.00102783	2.55	2.55274	2.92097	3.27425	3.79808	3.09159e-05
0.00373196	0.0027832	0.00187995	0.000922536	2.55	2.5391	2.87209	3.07557	3.63932	3.19226e-05
0.00263691	0.00219977	0.00183478	0.00101252	2.55	2.36616	2.54584	2.86077	3.70365	1.04636e-05
0.001715	0.00162057	0.00137362	0.00081661	2.55	1.92577	2.10788	2.59067	3.44035	3.89171e-05
0.0065986	0.00424063	0.00227153	0.000963296	2.55	3.1581	3.52155	3.56804	3.68905	9.41923e-05
0.00361726	0.00284999	0.00201408	0.00105383	2.55	2.73673	2.92832	3.16917	3.68788	2.86147e-05
0.00345774	0.00323787	0.00288209	0.00162987	2.55	2.58906	2.86475	3.31287	4.3835	2.2872e-05
0.00291808	0.00239136	0.00184513	0.000985373	2.55	2.46719	2.73013	2.94453	3.6318	6.1624e-05
0.00337313	0.00290072	0.00214354	0.0011275	2.55	2.47229	2.72019	3.23024	3.82144	1.93196e-05
0.00214818	0.00202171	0.00193599	0.00119579	2.55	2.2857	2.3396	2.83271	3.83364	6.64347e-05
0.00270012	0.00234004	0.00179328	0.000985358	2.55	2.22427	2.39415	2.9104	3.73409	3.71906e-05
0.00362975	0.0033462	0.00275107	0.00139875	2.55	2.49166	2.86913	3.38541	4.09492	8.17385e-05
0.0041621	0.00349524	0.0023286	0.00121767	2.55	2.66421	2.97768	3.45022	3.91473	6.80191e-05
0.00453774	0.0034033	0.00193452	0.000823362	2.55	2.31034	2.77799	3.09371	3.73597	0.000144389
0.00344424	0.00333105	0.00264303	0.00156022	2.55	2.61375	2.75144	3.46217	4.23898	6.1522e-05
0.00313865	0.00277497	0.00209209	0.00112681	2.55	2.41733	2.59975	3.12487	3.86799	4.36843e-05
0.00422695	0.0028847	0.00176047	0.000772015	2.55	2.60305	2.95132	3.02012	3.45681	2.98175e-05
0.0040445	0.0033863	0.00249063	0.00125368	2.55	2.8172	3.18393	3.41503	3.85553	0.000154186
0.00494386	0.00321235	0.00186598	0.000807714	2.55	2.85114	3.15195	3.10802	3.50337	4.94281e-05
0.00353375	0.00289326	0.00214035	0.00110914	2.55	2.4516	2.92627	3.16148	3.85724	9.58021e-06
0.00217991	0.00212046	0.00210906	0.00123327	2.55	2.21997	2.53737	2.94719	3.82555	3.0691e-05
0.00334271	0.00255911	0.00166178	0.000826024	2.55	2.35478	2.67047	2.92509	3.55741	2.60838e-05
0.00419728	0.00313192	0.00202702	0.000928022	2.55	2.72837	3.004	3.19024	3.62338	1.57857e-05
0.00413903	0.00367555	0.00276354	0.00146333	2.55	2.90586	3.21014	3.61652	4.02645	1.00878e-05
0.00253512	0.0021677	0.00173301	0.000903329	2.55	2.0824	2.37826	2.74392	3.67475	2.76623e-05
0.00686978	0.00421109	0.00212782	0.000791624	2.55	2.84473	3.59639	3.42147	3.5883	3.72925e-05
0.00437587	0.00343938	0.00247694	0.00126487	2.55	2.78349	3.26748	3.4594	3.94748	9.7647e-05
0.00868436	0.00525017	0.00254862	0.00099803	2.55	3.52115	4.0675	3.89209	3.65821	0.000119857
0.00347335	0.00299323	0.0023253	0.00126473	2.55	2.75585	3.08924	3.34067	3.84665	3.26245e-06
0.00257408	0.00231295	0.00190001	0.00105857	2.55	2.34415	2.597	3.00221	3.6558	1.8603e-05
0.00384092	0.00268167	0.00167423	0.000735637	2.55	2.4951	2.85226	2.96224	3.36587	1.79568e-05
0.00409232	0.00302968	0.00188146	0.000931693	2.55	2.71189	2.82714	3.17247	3.63324	4.90755e-05
0.00257141	0.00210946	0.00175582	0.000922353	2.55	2.19595	2.57273	2.83016	3.5949	0.00012064
0.00469695	0.00322501	0.0020621	0.000954343	2.55	2.87273	3.32569	3.23312	3.63294	1.41221e-05
0.0055512	0.00440614	0.0026728	0.00128194	2.55	2.95274	3.10743	3.70815	4.02218	0.000383835
0.00479212	0.00355769	0.00235739	0.00111769	2.55	2.77649	3.11368	3.30965	3.9241	0.000159273
0.00437179	0.00306857	0.00184239	0.000815681	2.55	2.54095	2.80451	3.02652	3.61144	0.000336815
0.00318898	0.00223267	0.00163165	0.000776348	2.55	2.38257	2.73789	2.80835	3.44295	1.13064e-05
0.00409153	0.00367545	0.00285342	0.00159459	2.55	2.95407	2.81509	3.48725	4.25722	5.40542e-05
0.00338218	0.00268985	0.00202201	0.00108007	2.55	2.56448	2.7792	3.08713	3.81089	3.00813e-05
0.00300735	0.00246044	0.00176014	0.000908442	2.55	2.54666	2.65237	2.9976	3.51114	1.18959e-05
0.00582044	0.00511348	0.00374836	0.00187681	2.55	3.12913	3.39799	3.99356	4.50536	0.000232565
0.00377351	0.00345754	0.00265417	0.00147313	2.55	2.84962	2.83167	3.44189	4.1364	1.17996e-05
0.00382333	0.00323912	0.0023181	0.00124144	2.55	2.59544	2.7532	3.29122	4.00465	0.000867995
0.00630595	0.00443833	0.00232574	0.00102055	2.55	3.02899	3.58451	3.6849	3.72311	6.8834e-06
0.00331861	0.00280086	0.00200357	0.00101355	2.55	2.30864	2.61939	3.06449	3.81191	9.02558e-05
0.00288359	0.00237027	0.00178336	0.00090306	2.55	2.29225	2.60703	2.87531	3.6305	1.02427e-05
0.00191846	0.00197246	0.00187929	0.00115709	2.55	2.0973	2.31119	2.83446	3.8068	3.61309e-06
0.00293706	0.00249388	0.00196354	0.00104534	2.55	2.47399	2.89332	3.0198	3.6614	1.44609e-05
0.00385646	0.00299946	0.00201361	0.000966751	2.55	2.4924	2.87767	3.09057	3.75549	1.74894e-05
0.00281612	0.00268112	0.00244522	0.0014565	2.55	2.50599	2.63979	3.17268	4.10408	7.81349e-06
0.00319356	0.00285071	0.00227285	0.00135945	2.55	2.51385	2.55042	3.25705	4.05952	0.000835257
0.00260503	0.00224378	0.00170924	0.000959556	2.55	2.24282	2.48282	2.95386	3.61339	1.37213e-05
0.00629018	0.00439128	0.00280424	0.00122332	2.55	3.1436	3.87762	3.59078	3.9631	0.000124827
0.00365873	0.00306493	0.00233463	0.00120571	2.55	2.53239	3.10362	3.30087	3.89798	5.54418e-05
0.00244991	0.00225889	0.00209485	0.00130205	2.55	2.46171	2.58312	3.00813	3.89695	0.000163712
0.00447259	0.00378747	0.00233939	0.0011115	2.55	2.65952	3.08408	3.50489	3.82852	8.7571e-05
0.00754079	0.00489514	0.00259251	0.00103449	2.55	3.3289	3.86727	3.60716	3.84756	1.5402e-05
0.00381107	0.00347883	0.00262693	0.00140772	2.55	2.61025	2.84669	3.38264	4.17267	4.07394e-06
0.00543096	0.00411504	0.00237106	0.000999339	2.55	2.70548	3.30747	3.41434	3.83539	8.69607e-06
0.00340999	0.00296557	0.00217876	0.00112615	2.55	2.35408	2.67683	3.12808	3.90886	9.79807e-05
0.00446538	0.00329644	0.00223553	0.001054	2.55	2.95474	3.23134	3.23254	3.73126	7.16776e-06
0.00353357	0.00306434	0.00254904	0.00136129	2.55	2.64132	2.98504	3.27807	4.05874	7.72377e-05
0.00334696	0.00281077	0.00196	0.00103937	2.55	2.62696	2.7942	3.22289	3.60694	2.47508e-05
0.00966729	0.00556959	0.00257116	0.000949872	2.55	3.57064	4.09776	3.71306	3.80022	3.52286e-05
0.00450307	0.00293739	0.00198557	0.000924641	2.55	2.85436	3.2153	3.07014	3.59657	0.000121461
0.0026802	0.00234642	0.00190665	0.0010717	2.55	2.42465	2.52939	2.95958	3.70188	3.52658e-05
0.00413076	0.00325526	0.00222639	0.00113409	2.55	2.72599	2.87201	3.24427	3.90308	1.65761e-05
0.00565092	0.00488515	0.00327149	0.00157933	2.55	3.0627	3.31606	3.82553	4.29999	1.68994e-05
0.00310533	0.00271123	0.00199744	0.00108064	2.55	2.45656	2.62	3.14672	3.75072	4.54919e-05
0.00418166	0.00308241	0.00197871	0.000960078	2.55	2.74055	2.93689	3.18104	3.65844	1.90082e-05
0.00400931	0.00335124	0.00227896	0.00111725	2.55	2.67008	3.00406	3.35853	3.79646	1.25967e-05
0.00849593	0.00530324	0.00272	0.00108171	2.55	3.55606	4.02651	3.79192	3.80148	1.15828e-05
0.00497857	0.00395099	0.00244079	0.00111885	2.55	2.82086	3.23709	3.46609	3.88249	9.35315e-06
0.00179506	0.001529	0.00137323	0.000856398	2.55	2.13126	2.19294	2.56186	3.43692	0.000188866
0.00361845	0.00313974	0.00236965	0.00132304	2.55	2.84687	2.88713	3.24532	4.00234	7.96806e-06
0.00491357	0.00419146	0.00285621	0.00149407	2.55	3.13855	3.36764	3.8064	4.02393	6.68409e-05
0.001836	0.00164901	0.00144766	0.0008811	2.55	2.12844	2.17749	2.62318	3.46743	6.25316e-05
0.00279582	0.00229863	0.00191451	0.000981029	2.55	2.24785	2.59416	2.87915	3.73281	0.000198331
0.00807903	0.00479353	0.00251581	0.000972268	2.55	3.41592	4.20981	3.71234	3.6562	3.71609e-05
0.00333937	0.00282264	0.00213747	0.00114973	2.55	2.58143	2.83362	3.32697	3.74147	0.000119425
0.0052207	0.00428048	0.00314636	0.00145476	2.55	3.08762	3.68618	3.75456	4.02049	5.18922e-05
0.00258936	0.00222681	0.0016581	0.000887948	2.55	2.03285	2.41169	2.82651	3.68376	3.76259e-05
0.00510316	0.00372074	0.00245458	0.00112125	2.55	2.92522	3.34464	3.39021	3.85763	3.9225e-05
0.0040063	0.00337151	0.00247685	0.00126194	2.55	2.77869	2.994	3.33273	3.9674	2.06653e-05
0.00632009	0.00379197	0.00177973	0.000701092	2.55	2.99198	3.38128	3.32122	3.37009	9.32515e-05
0.00314797	0.00274708	0.00219911	0.00118305	2.55	2.64733	2.85564	3.16242	3.80898	6.71806e-06
0.00265273	0.0022713	0.00189727	0.00111869	2.55	2.4174	2.49075	2.9238	3.80668	3.92938e-05
0.00351558	0.00281262	0.0019206	0.000951317	2.55	2.44783	2.63195	3.04147	3.72189	0.00104754
0.00253241	0.00216143	0.00187681	0.00102525	2.55	2.28352	2.59767	2.88647	3.67652	4.99837e-05
0.00255368	0.00221698	0.00217009	0.00122773	2.55	2.38288	2.81614	2.92717	3.83518	1.01671e-05
0.00440739	0.00357513	0.00231326	0.00112561	2.55	2.75994	3.06781	3.44572	3.81392	9.30349e-05
0.00314719	0.00269502	0.0022457	0.00125642	2.55	2.63662	2.82766	3.18632	3.88173	2.20643e-05
0.00308082	0.00289405	0.00268253	0.00146263	2.55	2.57951	2.91985	3.22665	4.08358	2.96737e-05
0.00317132	0.00295199	0.00233707	0.00128183	2.55	2.3442	2.73989	3.17684	4.05492	5.58317e-05
0.00275609	0.00272119	0.00264492	0.00159444	2.55	2.67559	3.02297	3.31124	4.0309	8.34241e-05
0.00375091	0.00314248	0.00239021	0.00119702	2.55	2.55816	3.04211	3.29481	3.90673	1.05573e-05
0.00379724	0.00341309	0.002538	0.00131852	2.55	2.5134	2.81272	3.34508	4.12092	5.38245e-05
0.00431425	0.00297611	0.00190608	0.000856238	2.55	2.71302	3.08019	3.10253	3.53359	1.12258e-05
0.00546105	0.00452655	0.0029768	0.00151365	2.55	2.99876	3.17367	3.68426	4.30591	2.8066e-05
0.00330978	0.00257674	0.00196517	0.000970206	2.55	2.44195	3.04668	3.0672	3.62578	2.13967e-05
0.0028819	0.00229841	0.00196148	0.00113179	2.55	2.60607	2.87046	2.97309	3.77078	7.73358e-06
0.00339376	0.00324289	0.00282053	0.00159248	2.55	2.50469	2.84711	3.40571	4.30116	1.28727e-05
0.00303469	0.00271269	0.0020976	0.00118559	2.55	2.53769	2.61915	3.13681	3.88732	8.77924e-05
0.00249059	0.00232186	0.00191637	0.00111127	2.55	2.21976	2.39366	2.97245	3.81263	0.000100559
0.0033902	0.00264727	0.0018308	0.000927541	2.55	2.58535	2.87412	3.06681	3.55486	1.15066e-05
0.00302518	0.00232892	0.00182033	0.00100446	2.55	2.46406	2.82146	2.98032	3.66943	1.03654e-05
0.00298602	0.00224183	0.00149933	0.000745528	2.55	2.28503	2.63167	2.84815	3.37767	3.27606e-05
0.00332748	0.00321641	0.00262131	0.00140082	2.55	2.54568	2.88332	3.43064	4.01571	1.62902e-05
0.00615811	0.00413449	0.00236913	0.00102154	2.55	3.16523	3.56384	3.52166	3.7289	8.58309e-05
0.00319564	0.00283577	0.00242791	0.0014334	2.55	2.56687	2.83037	3.29583	4.10593	0.000127303
0.00280485	0.00229918	0.00169724	0.000890178	2.55	2.26049	2.53221	2.90221	3.58849	5.67703e-05
0.00295957	0.00233961	0.00191414	0.000984058	2.55	2.54531	2.73131	2.90189	3.6007	7.472e-06
0.00558121	0.00391195	0.00238271	0.00110416	2.55	3.19479	3.30099	3.56073	3.75564	0.000414081
0.00421336	0.00356168	0.00247953	0.00124491	2.55	2.71119	2.93482	3.3515	4.01847	6.75237e-05
0.00605557	0.00468693	0.002738	0.0012396	2.55	2.95933	3.27367	3.75536	4.03431	0.000137247
0.00313359	0.0030422	0.00258278	0.0013955	2.55	2.45311	2.822	3.20493	4.12132	6.76469e-06
0.00366992	0.00309131	0.00205954	0.00104594	2.55	2.58429	2.86855	3.30416	3.71567	9.73146e-06
0.00374332	0.00285791	0.0019483	0.0008874	2.55	2.2892	2.82432	3.03978	3.65658	6.7534e-05
0.00262833	0.00205021	0.00168374	0.000854248	2.55	2.28405	2.66188	2.75423	3.4597	4.50095e-05
0.0050845	0.00347924	0.00210532	0.000900867	2.55	2.70215	3.17906	3.21707	3.6689	0.000131482
0.00497244	0.00376727	0.00262787	0.00133959	2.55	3.16971	3.08685	3.53677	3.99142	0.000352991
0.00388749	0.0032343	0.00283854	0.00156819	2.55	2.94062	3.21819	3.47838	4.15623	8.75514e-06
0.00369487	0.0029745	0.00240955	0.00130829	2.55	2.98796	3.1115	3.31603	3.87338	0.000220298
0.00216224	0.00155832	0.00114327	0.000581733	2.55	2.02366	2.33	2.4575	3.13859	7.06082e-05
0.00460009	0.00358309	0.00245064	0.00127747	2.55	2.97706	3.10397	3.41851	3.97246	4.03315e-05
0.00467863	0.00432287	0.00326209	0.00162465	2.55	2.74957	3.12379	3.59113	4.46107	9.80978e-06
0.00436434	0.0034029	0.00235757	0.00115869	2.55	2.93225	3.17685	3.43089	3.73897	0.000280576
0.00494132	0.00384507	0.00267146	0.00140955	2.55	3.04861	3.1593	3.56988	4.13638	0.000385435
0.00555786	0.00402209	0.00253314	0.00113916	2.55	3.06452	3.36487	3.50383	3.8494	0.000360121
0.00417435	0.00326244	0.00217827	0.00108053	2.55	2.87976	2.97945	3.31413	3.74057	3.08875e-05
0.00361372	0.0030226	0.00238976	0.00132566	2.55	2.85165	2.75595	3.26207	3.95303	5.79447e-05
0.00396273	0.00368149	0.00268362	0.00135642	2.55	2.73093	3.01849	3.46714	4.04298	8.76127e-06
0.00420338	0.00293983	0.00190277	0.000866495	2.55	2.62552	3.18445	3.09899	3.56329	1.40577e-05
0.00347813	0.00262319	0.00194548	0.000971282	2.55	2.54554	2.83251	2.99397	3.696	2.85318e-05
0.00453797	0.00352534	0.00227254	0.00113944	2.55	2.80735	3.03419	3.46382	3.83506	0.000591797
0.00593691	0.00417338	0.00269044	0.00115647	2.55	3.05789	3.70975	3.54065	3.86872	1.6013e-05
0.00275359	0.00214234	0.00167201	0.000865923	2.55	2.56345	2.72611	2.90577	3.36635	1.09012e-05
0.00901168	0.00594759	0.00321813	0.0011981	2.55	3.3201	4.00044	3.90742	4.03002	2.04193e-05
0.00350294	0.00286917	0.00208013	0.00104659	2.55	2.53017	2.83834	3.15351	3.75574	1.69343e-05
0.00294884	0.00269091	0.00224356	0.00122039	2.55	2.36522	2.58245	3.10552	3.95109	1.68017e-05
0.00316893	0.00287947	0.00222334	0.00115993	2.55	2.44245	2.8408	3.23606	3.79889	4.44317e-05
0.00395371	0.00318302	0.00248661	0.00127856	2.55	2.74383	3.07122	3.2905	3.97079	7.97012e-05
0.0061497	0.00524125	0.00357763	0.00172342	2.55	3.15106	3.75536	4.06745	4.31175	0.00022476
0.00448713	0.00381476	0.00277025	0.00144684	2.55	2.94755	3.10952	3.5413	4.12084	7.4259e-06
0.00390236	0.00278411	0.0018312	0.000871908	2.55	2.68497	3.01939	3.06378	3.54043	0.00012623
0.00259133	0.00245433	0.00202774	0.00119163	2.55	2.30241	2.52771	3.0346	3.88017	4.70199e-05
0.00404473	0.00251535	0.00143739	0.000646745	2.55	2.68555	2.79024	2.87764	3.22518	0.000165047
0.00367288	0.00288176	0.00180864	0.000821904	2.55	2.43607	2.64798	2.97984	3.57246	1.07542e-05
0.00591512	0.00416373	0.00256494	0.00111907	2.55	3.15006	3.40517	3.46919	3.88342	3.9601e-05
0.00365424	0.00297452	0.00213322	0.00110915	2.55	2.65358	2.90808	3.28543	3.74882	3.90561e-05
0.00378031	0.00310216	0.00235436	0.00121732	2.55	2.6923	3.19076	3.34791	3.80813	8.49937e-06
0.00313352	0.00256648	0.0021035	0.00113753	2.55	2.6916	2.80171	3.03471	3.77081	3.23039e-05
0.00872261	0.00687705	0.00413977	0.00159928	2.55	3.36606	4.14296	4.26208	4.35037	5.69353e-05
0.0033321	0.00273709	0.00192813	0.00101527	2.55	2.58947	2.73058	3.0931	3.67355	2.04861e-05
0.0042577	0.00396105	0.00304567	0.00157705	2.55	2.60027	3.05201	3.59746	4.35531	8.94379e-05
0.00693519	0.00512282	0.00305239	0.00134648	2.55	3.2786	3.81816	3.89556	4.06483	5.02011e-05
0.00338697	0.00278372	0.0020985	0.00105844	2.55	2.5206	2.88572	3.12619	3.71653	3.52222e-05
0.00367191	0.0032772	0.00282072	0.00153071	2.55	2.7859	3.23269	3.49923	4.10047	2.2262e-05
0.0040739	0.00324501	0.00217435	0.00110408	2.55	2.88999	2.9836	3.28979	3.74626	3.43747e-05
0.00426382	0.00346606	0.00230477	0.00116109	2.55	2.65462	2.88376	3.35007	3.93576	5.05079e-05
0.00393526	0.00339545	0.00221615	0.00108761	2.55	2.40539	2.81754	3.19942	3.9516	1.07159e-05
0.00333047	0.00241869	0.00166362	0.000820576	2.55	2.57553	2.76254	2.92197	3.43181	1.69237e-05
0.0025474	0.00230435	0.001905	0.00110357	2.55	2.30671	2.50942	2.99923	3.78294	4.21209e-05
0.00357846	0.00328652	0.00265691	0.00148124	2.55	2.53751	2.83287	3.3569	4.20929	2.29741e-05
0.00254423	0.00218492	0.00172176	0.000991706	2.55	2.44483	2.67019	2.89623	3.59272	1.61737e-05
0.00263355	0.00249268	0.00214764	0.00119213	2.55	2.32341	2.68138	3.08201	3.80294	6.67738e-05
0.00373206	0.0030687	0.00236201	0.00121746	2.55	2.73955	3.03311	3.38078	3.7826	0.000610495
0.00233458	0.00207886	0.00171477	0.00094425	2.55	2.10793	2.42428	2.82131	3.67882	1.57299e-05
0.00189625	0.00169971	0.00157391	0.000952603	2.55	2.13177	2.25004	2.62187	3.61285	5.9896e-05
0.00331672	0.00282464	0.00215459	0.00117699	2.55	2.53428	2.61896	3.18892	3.86521	0.000999064
0.00496601	0.00381701	0.00262468	0.00123886	2.55	2.80678	3.30433	3.52732	3.99465	6.1817e-05
0.00418835	0.00358878	0.00284024	0.00147243	2.55	2.84987	3.24529	3.42472	4.16379	3.19587e-05
0.00507823	0.00384148	0.00224699	0.000997719	2.55	2.74528	3.18885	3.42085	3.75395	1.11218e-05
0.00496578	0.00374576	0.00224134	0.00108911	2.55	2.99796	3.07545	3.42311	3.82373	1.05325e-05
0.00297658	0.0027889	0.00235826	0.00136661	2.55	2.58497	2.60168	3.1803	4.03046	1.16565e-05
0.00645233	0.00485885	0.00283675	0.00130449	2.55	3.16527	3.58511	3.79579	4.0284	7.52267e-06
0.0042843	0.00293572	0.00204375	0.000901582	2.55	2.77675	3.13526	3.04678	3.58981	2.65823e-05
0.00478734	0.00399105	0.00283661	0.00135494	2.55	2.90341	3.33479	3.64543	3.99694	1.27799e-05
0.00322612	0.00265301	0.00193543	0.000958973	2.55	2.32909	2.82707	3.09352	3.64393	2.09629e-05
0.00334012	0.00269765	0.00183756	0.000973786	2.55	2.48371	2.61651	3.10166	3.65087	0.000130421
0.00259887	0.00229296	0.00190485	0.00104948	2.55	2.27643	2.65246	2.95093	3.70761	7.07503e-06
0.00339081	0.0029828	0.00224236	0.00129887	2.55	2.70277	2.7585	3.26209	3.9563	2.40261e-05
0.00375974	0.0027883	0.00203573	0.000981989	2.55	2.78973	3.03703	3.08168	3.61569	8.8698e-06
0.00238997	0.00209841	0.00196627	0.0012054	2.55	2.47792	2.52318	2.90696	3.78839	1.35483e-05
0.00735729	0.00488721	0.00300328	0.00131422	2.55	3.48706	4.02732	3.91905	3.9516	0.000106368
0.00353184	0.00275141	0.00195083	0.00102612	2.55	2.56368	2.83234	3.19826	3.63181	8.49358e-05
0.00653753	0.0045777	0.00282224	0.00127554	2.55	3.20874	3.72846	3.6934	4.03208	0.000193927
0.00464666	0.00348044	0.00234463	0.00106954	2.55	2.723	3.12767	3.27375	3.8888	1.66064e-05
0.0067366	0.0045164	0.00253674	0.00100965	2.55	3.08102	3.67163	3.61172	3.77712	5.51361e-06
0.00442335	0.00386923	0.00290849	0.00146413	2.55	2.88519	3.35041	3.59004	4.10609	1.91951e-06
0.0025276	0.00237155	0.00231337	0.00133279	2.55	2.3607	2.65992	2.94037	4.02005	2.10182e-06
0.00266541	0.00235202	0.00177418	0.000920268	2.55	2.18624	2.49963	2.95194	3.60394	1.92479e-05
0.00374904	0.00295131	0.00209767	0.00108081	2.55	2.63582	2.95755	3.34725	3.69821	8.39453e-05
0.00305948	0.0023253	0.00180073	0.000939157	2.55	2.46683	2.81469	2.92726	3.58825	1.9627e-05
0.00724681	0.0049886	0.00260059	0.00103895	2.55	3.15676	3.46505	3.59499	3.87821	8.83825e-05
0.0022203	0.00210662	0.00185219	0.00110111	2.55	2.22766	2.32752	2.89645	3.73666	3.03151e-05
0.00257537	0.00199266	0.00158814	0.000874299	2.55	2.35492	2.48454	2.81415	3.44262	0.000140608
0.00322247	0.00242591	0.0018293	0.000956444	2.55	2.71339	2.86108	2.97689	3.54405	1.3097e-05
0.00195716	0.00176735	0.00155293	0.000923978	2.55	2.12429	2.28291	2.77403	3.45752	5.79288e-05
0.00201903	0.00218787	0.002027	0.00124899	2.55	2.01941	2.20368	2.89975	3.9462	9.36355e-05
0.00372921	0.00268245	0.0018115	0.000854704	2.55	2.40917	2.78048	2.94057	3.64634	0.000275323
0.00370266	0.00340245	0.00221753	0.00110472	2.55	2.35628	2.66245	3.37828	3.88691	2.66159e-05
0.00497459	0.00398783	0.00274821	0.00137994	2.55	2.97178	3.15236	3.55877	4.10392	3.5598e-05
0.00405936	0.0034313	0.00227432	0.00110648	2.55	2.51063	2.96558	3.38573	3.85729	4.91457e-05
0.00358328	0.00302817	0.0020542	0.00102772	2.55	2.42641	2.74037	3.13628	3.79348	4.05841e-05
0.00421958	0.00318007	0.00220754	0.00103455	2.55	2.89526	3.0538	3.15018	3.74018	3.84746e-05
0.00485536	0.00374683	0.00244576	0.00118122	2.55	3.03838	3.36539	3.52524	3.82643	3.33966e-05
0.00159289	0.00165697	0.00161806	0.00103804	2.55	1.95709	2.16075	2.68753	3.65405	3.77544e-06
0.00529627	0.00404873	0.00267335	0.00121788	2.55	3.02983	3.41498	3.51424	3.94694	3.77797e-06
0.00292763	0.00284414	0.00226871	0.00123512	2.55	2.21178	2.43791	3.19905	4.02527	0.000155887
0.00535229	0.0042968	0.00279674	0.00121758	2.55	2.76166	3.39167	3.59314	3.99655	5.90407e-05
0.00585281	0.00540489	0.00393746	0.00206246	2.55	3.2909	3.5174	4.14886	4.59361	0.000137568
0.00240042	0.00208826	0.00158329	0.000869561	2.55	2.17328	2.33311	2.77935	3.54307	4.25082e-05
0.00334629	0.0030848	0.00250889	0.00140976	2.55	2.60142	2.91796	3.36553	4.04077	4.38975e-06
0.00321101	0.00269359	0.00205643	0.00105237	2.55	2.42429	2.78585	3.09512	3.7512	1.06828e-05
0.00268063	0.00201746	0.00152513	0.000803077	2.55	2.30797	2.51126	2.73644	3.42917	0.000268772
0.00314567	0.00229642	0.00170907	0.000854141	2.55	2.38199	2.67832	2.81799	3.56429	0.000202548
0.00511861	0.0042818	0.00286335	0.00137828	2.55	2.77273	3.22282	3.53064	4.22603	2.8735e-05
0.00344181	0.00250276	0.00180139	0.000908941	2.55	2.611	2.79212	2.97801	3.54374	0.000169411
0.00384799	0.00298736	0.00198924	0.000876815	2.55	2.45261	3.00307	3.06111	3.64572	3.57859e-06
0.00385347	0.00300048	0.0021299	0.00107189	2.55	2.50099	2.85921	3.16045	3.88382	3.09799e-05
0.00449651	0.00376345	0.00252987	0.00129567	2.55	2.84497	3.07462	3.41937	4.06919	2.70595e-06
0.00428826	0.00300645	0.00183062	0.000815472	2.55	2.65393	2.97722	3.09945	3.49724	4.98614e-05
0.0023182	0.00193726	0.00151423	0.000806196	2.55	2.10232	2.50136	2.759	3.41075	3.10482e-05
0.00329739	0.00265969	0.00191963	0.000989319	2.55	2.61683	2.70164	3.06294	3.63487	9.17796e-05
0.00268264	0.00239724	0.0018143	0.000986196	2.55	2.23424	2.46532	3.00825	3.66834	6.92014e-05
0.00278351	0.00266051	0.00242049	0.00137958	2.55	2.37675	2.78468	3.17451	4.01827	9.39896e-05
0.00299963	0.00285438	0.00244598	0.00138405	2.55	2.39502	2.90725	3.28935	4.02466	3.95406e-05
0.0046674	0.00325109	0.00191171	0.00081599	2.55	2.79014	3.09081	3.20149	3.43979	1.67399e-05
0.00396692	0.00313884	0.00218488	0.00111709	2.55	2.67042	3.0615	3.36061	3.77711	5.37203e-05
0.00449312	0.00346767	0.00258821	0.00125796	2.55	2.98217	3.35381	3.46206	3.85904	3.41526e-05
0.00453187	0.00392199	0.00276638	0.00148444	2.55	2.94154	3.07849	3.61781	4.16259	8.80763e-05
0.0058669	0.00457484	0.00284409	0.00129867	2.55	3.02251	3.40931	3.69661	4.07538	4.10595e-05
0.00734022	0.0053898	0.00296674	0.00130692	2.55	3.46161	3.8418	3.93371	3.99586	6.71389e-06
0.0052423	0.00389719	0.00260676	0.00123634	2.55	3.09702	3.34233	3.49265	3.95025	9.17155e-05
0.00442071	0.0033894	0.00218712	0.00105559	2.55	2.75916	3.20526	3.41342	3.72151	6.88105e-05
0.00195931	0.00200419	0.00199599	0.00130357	2.55	2.25536	2.18526	2.89775	3.89127	0.000109457
0.00368103	0.00299301	0.00203115	0.00106545	2.55	2.68845	2.84358	3.29782	3.68891	1.91688e-05
0.00468065	0.00363165	0.00245533	0.00120046	2.55	2.87048	3.21006	3.3886	3.95929	0.000293335
0.00227268	0.00207169	0.00167683	0.000993032	2.55	2.31738	2.30199	2.90499	3.5588	3.39502e-05
0.00450299	0.00352503	0.00239113	0.00120718	2.55	3.00134	3.23675	3.48191	3.84389	7.20393e-06
0.00309397	0.00294341	0.00251144	0.00146003	2.55	2.61918	2.80608	3.37148	4.01399	1.90301e-05
0.0024631	0.00182465	0.00120884	0.00057021	2.55	1.99564	2.45673	2.51572	3.16114	2.05919e-06
0.00376717	0.00296168	0.0021937	0.00115314	2.55	2.75187	3.06882	3.17926	3.85618	1.11446e-06
0.00348494	0.00276	0.00210099	0.00108638	2.55	2.67794	2.89692	3.18411	3.66922	0.000402783
0.00408911	0.00297373	0.00204851	0.00102379	2.55	2.81254	3.12488	3.21636	3.69141	2.91921e-05
0.0029143	0.00258475	0.00207776	0.00108857	2.55	2.25159	2.48702	2.9781	3.87918	0.000121741
0.00424958	0.00328938	0.00229481	0.00112331	2.55	2.69248	3.09206	3.30133	3.87286	1.1154e-05
0.00407512	0.00335126	0.00232298	0.00120765	2.55	2.65931	3.02697	3.32365	3.99345	9.04675e-06
0.0045254	0.00370892	0.0025568	0.0013278	2.55	2.95687	3.0734	3.50114	4.02325	3.61562e-05
0.00517139	0.00379002	0.00255407	0.00118389	2.55	3.1481	3.4042	3.4553	3.8438	2.23948e-05
0.00397605	0.00292743	0.00193285	0.000946834	2.55	2.7262	2.93433	3.0706	3.66015	4.84016e-05
0.00316009	0.00248986	0.00181786	0.000939605	2.55	2.43478	2.69432	3.02481	3.57602	0.000251087
0.00198577	0.001804	0.00154188	0.00089649	2.55	1.98721	2.29643	2.67112	3.58391	7.91167e-06
0.00315821	0.00242346	0.0017676	0.000846779	2.55	2.38456	2.70515	2.88724	3.54935	6.27938e-06
0.00631081	0.00419943	0.00256151	0.00116595	2.55	3.29603	3.50549	3.59534	3.91898	0.000345619
0.00414212	0.00333793	0.00211824	0.00103579	2.55	2.51726	2.87774	3.25826	3.8308	2.60808e-05
0.00239796	0.00217148	0.00200597	0.00119126	2.55	2.29202	2.38809	2.81443	3.92662	3.31209e-05
0.00673086	0.0042829	0.00218893	0.000901185	2.55	3.05014	3.48989	3.39036	3.71549	6.03087e-06
0.0035223	0.00261099	0.0017247	0.000824021	2.55	2.57632	2.82205	3.03716	3.42421	6.74816e-05
0.00579346	0.00461368	0.00291327	0.00141329	2.55	3.21835	3.36011	3.73981	4.14836	3.38052e-05
0.00629267	0.00432791	0.00237142	0.000992825	2.55	3.02288	3.57238	3.55629	3.75555	8.27741e-06
0.00479999	0.00357631	0.00235864	0.00110952	2.55	2.71924	3.15546	3.41527	3.87236	0.000104393
0.00379372	0.00338839	0.00227634	0.00119419	2.55	2.48585	2.67069	3.27142	4.07755	1.78135e-05
0.00356066	0.00309847	0.00230228	0.00118596	2.55	2.48012	2.75783	3.21726	3.95274	2.40383e-05
0.00480354	0.0031672	0.00198887	0.000906546	2.55	2.94069	3.29592	3.14112	3.61411	1.46917e-05
0.00481022	0.00340409	0.00214593	0.00096312	2.55	2.83129	3.29751	3.29805	3.62917	0.000143025
0.00234678	0.00226897	0.00201534	0.00125288	2.55	2.3518	2.4587	3.06965	3.85696	3.405e-06
0.00501705	0.00374309	0.00239321	0.00113535	2.55	2.88085	3.34588	3.41726	3.87921	1.56996e-05
0.00348629	0.00264606	0.00207577	0.00100966	2.55	2.51508	2.91868	3.05185	3.70142	8.36509e-05
0.00583441	0.00428087	0.00254276	0.00116418	2.55	3.13686	3.46193	3.60452	3.86234	3.72412e-06
0.00332372	0.00285574	0.00199566	0.00103947	2.55	2.40825	2.60777	3.17611	3.77648	4.34669e-05
0.00425296	0.00350421	0.0026116	0.00140526	2.55	2.86086	3.09276	3.53626	4.03106	6.32502e-05
0.00373951	0.00311782	0.00226356	0.00111325	2.55	2.63946	3.09547	3.37727	3.6953	0.000262026
0.00332731	0.00295467	0.00240445	0.00139943	2.55	2.72816	2.90209	3.39419	3.96203	6.9039e-06
0.0029916	0.00221408	0.00167346	0.000879968	2.55	2.43033	2.71673	2.80882	3.58766	2.99861e-05
0.0048155	0.00379709	0.00279393	0.0012651	2.55	2.85116	3.16623	3.2642	4.12807	1.90907e-05
0.00288937	0.00223874	0.00164957	0.000811267	2.55	2.34245	2.55905	2.78508	3.48098	1.20882e-05
0.00304777	0.00268259	0.00233116	0.00135468	2.55	2.66445	2.82057	3.1816	3.96952	7.72982e-05
0.0034426	0.00296989	0.00192882	0.00102208	2.55	2.50187	2.6388	3.21064	3.7627	3.93795e-05
0.00458643	0.00372237	0.0026347	0.00128475	2.55	2.85058	3.29012	3.51323	3.97468	1.52007e-05
0.0049085	0.00396736	0.00274474	0.0013032	2.55	2.95746	3.22221	3.58368	3.96849	0.000104037
0.00199407	0.00191154	0.00192766	0.00118113	2.55	2.1438	2.36285	2.82949	3.81008	0.000131382
0.00440456	0.00315916	0.00183162	0.000827905	2.55	2.60113	2.97643	3.1286	3.5551	8.45678e-06
0.00555718	0.00426381	0.00304667	0.00151161	2.55	3.18272	3.42041	3.6373	4.23845	9.70388e-05
0.00330285	0.00267883	0.00197488	0.00102442	2.55	2.38396	2.67596	3.03086	3.81139	3.97014e-05
0.00246606	0.00197945	0.00148728	0.000765576	2.55	2.27811	2.74355	2.77301	3.30146	3.25003e-06
0.00340074	0.00309723	0.00242649	0.00131259	2.55	2.66508	2.9294	3.31097	3.92776	8.58037e-06
0.00199696	0.00187676	0.00156912	0.000927233	2.55	2.0036	2.12016	2.77075	3.59614	0.0001271
0.00537384	0.00425072	0.00291259	0.0014759	2.55	3.31188	3.39387	3.79254	4.06704	1.73888e-05
0.00385403	0.00296921	0.00215929	0.00107113	2.55	2.75648	2.93938	3.21861	3.73361	1.56884e-05
0.00401857	0.00294186	0.00190413	0.000909711	2.55	2.6417	2.98022	3.10733	3.58967	1.93744e-05
0.011219	0.00643808	0.00296213	0.00107436	2.55	3.762	4.41906	3.97061	3.89096	7.47771e-05
0.00282495	0.00290935	0.00248834	0.00148675	2.55	2.50427	2.68486	3.28161	4.0822	4.06729e-06
0.00322997	0.00224514	0.00157771	0.000717935	2.55	2.30048	2.8882	2.80553	3.35871	5.55624e-05
0.00348665	0.00238475	0.00168243	0.000825076	2.55	2.61425	2.83928	2.88425	3.47366	5.80517e-06
0.00647382	0.00450184	0.00248466	0.00102448	2.55	3.09182	3.74603	3.56729	3.79901	8.0069e-06
0.00392092	0.00332199	0.00243462	0.00123783	2.55	2.56091	3.03662	3.38273	3.95503	0.000353444
0.00209159	0.00174086	0.00152456	0.00086192	2.55	2.14332	2.32479	2.63485	3.48875	1.29438e-05
0.00374983	0.00359329	0.00291909	0.00169162	2.55	2.78003	2.87319	3.52235	4.35544	2.66758e-05
0.00481437	0.0039998	0.003012	0.00152178	2.55	2.99582	3.37945	3.60668	4.18063	5.51089e-06
0.00718422	0.0047196	0.00240282	0.000988817	2.55	3.08123	3.53935	3.63403	3.7916	1.47083e-05
0.00458424	0.0029943	0.00185909	0.000847296	2.55	2.94423	3.17038	3.16511	3.47531	9.26933e-05
0.00411277	0.00307795	0.00197885	0.000948026	2.55	2.80229	2.77809	3.21684	3.61499	3.25451e-05
0.00792575	0.0056572	0.00278993	0.00118433	2.55	3.25818	3.48598	3.90857	4.09403	5.92858e-06
0.00319631	0.00297194	0.0024025	0.00139834	2.55	2.65865	2.82768	3.34769	3.94408	1.4465e-05
0.00366643	0.00250702	0.00155699	0.000731374	2.55	2.68392	2.94625	2.9137	3.31639	1.22873e-05
0.00742859	0.00456209	0.00247451	0.00100348	2.55	3.13829	3.58468	3.45849	3.91908	0.000264025
0.00354434	0.00314732	0.00248217	0.00137224	2.55	2.62226	2.85326	3.39055	4.03559	0.00106354
0.00311669	0.00261486	0.00199976	0.00109688	2.55	2.61212	2.64336	3.07987	3.74304	4.99386e-06
0.00558314	0.00493961	0.0033821	0.00162149	2.55	2.97233	3.34724	3.89067	4.3387	3.79283e-05
0.00582853	0.00442903	0.0027976	0.00124222	2.55	2.93529	3.45344	3.61214	4.02042	0.000191453
0.0028605	0.0026567	0.00245228	0.00138103	2.55	2.32379	2.69754	3.14714	4.10377	1.10009e-05
0.00558141	0.00389205	0.00231921	0.00103494	2.55	3.08245	3.35113	3.45475	3.73848	0.000101048
0.00465289	0.00331896	0.00220186	0.00103644	2.55	2.79226	3.20737	3.17177	3.82946	4.54894e-05
0.00387016	0.00312164	0.00202803	0.000991678	2.55	2.43398	2.73277	3.21872	3.77304	6.64136e-05
0.0031776	0.00256364	0.00191917	0.00103269	2.55	2.64613	2.68346	3.01065	3.69448	1.99611e-06
0.00295818	0.00241623	0.00178679	0.000937534	2.55	2.48188	2.60952	2.98812	3.55811	6.97869e-05
0.00163595	0.00138952	0.00113463	0.0006719	2.55	1.8645	1.93536	2.38813	3.29691	2.11491e-05
0.00427073	0.00298948	0.00197767	0.000996891	2.55	2.97819	2.84594	3.16773	3.68048	8.78973e-05
0.00308608	0.00298939	0.00271121	0.00155801	2.55	2.4216	2.62953	3.35768	4.22807	0.000349559
0.00286134	0.00257415	0.00203176	0.00111567	2.55	2.38501	2.7678	3.09729	3.75058	6.57203e-05
0.00609089	0.00401702	0.00220478	0.000896561	2.55	3.02529	3.45004	3.3651	3.64977	3.88132e-06
0.00516866	0.00366276	0.00229344	0.00108658	2.55	3.05828	3.12729	3.32019	3.83309	1.86052e-05
0.00398784	0.00334949	0.00239627	0.00125611	2.55	2.69612	3.01987	3.3394	3.98584	1.63806e-05
0.00395584	0.00362228	0.00298468	0.00159409	2.55	2.68495	2.9739	3.4659	4.29584	2.35126e-05
0.00586663	0.00465538	0.00275651	0.00128186	2.55	3.02615	3.31868	3.72748	4.05109	8.54161e-06
0.0052889	0.00441561	0.00279716	0.00132032	2.55	2.77583	3.1828	3.6535	4.12121	3.86111e-05
0.00613558	0.00398918	0.00228107	0.000908471	2.55	3.01884	3.46984	3.41466	3.63586	2.09721e-05
0.00511399	0.00371571	0.00216958	0.000967285	2.55	2.84436	3.28213	3.37611	3.67604	1.20435e-05
0.00304813	0.00256002	0.00198754	0.00107691	2.55	2.48623	2.51003	3.09698	3.7374	0.00018294
0.00237632	0.00203524	0.00152975	0.000848809	2.55	2.09031	2.16293	2.73282	3.57147	0.000202425
0.00375493	0.00284686	0.00200179	0.00102658	2.55	2.71883	3.01258	3.15763	3.66206	3.21686e-05
0.0081167	0.00493241	0.00252629	0.00098698	2.55	3.47836	3.92374	3.67423	3.74443	2.04543e-05
0.00663756	0.0044602	0.00247471	0.00105248	2.55	3.08078	3.65714	3.62555	3.80521	0.000175051
0.00641229	0.00503926	0.0031832	0.00142934	2.55	3.30779	3.7167	3.89937	4.11246	1.04434e-05
0.00454279	0.00292631	0.00187102	0.000846699	2.55	2.93844	3.29352	3.11005	3.43269	1.44137e-05
0.00212302	0.00204617	0.00187921	0.0011175	2.55	2.13975	2.45601	2.86439	3.79305	3.21709e-05
0.00173596	0.00176112	0.00170443	0.00108559	2.55	1.95151	2.27124	2.74773	3.70012	1.38815e-05
0.00790908	0.00570991	0.00320618	0.00141356	2.55	3.48137	3.76008	4.00532	4.20961	8.68294e-05
0.00406081	0.00331712	0.00248859	0.00126984	2.55	2.75283	3.09306	3.36025	3.96364	5.80477e-05
0.00384097	0.00327804	0.00240344	0.00126214	2.55	2.68583	2.84454	3.30264	3.97879	3.59199e-05
0.00283367	0.00210822	0.00148003	0.000771423	2.55	2.27748	2.42905	2.78548	3.43738	0.000706657
0.00395336	0.00284403	0.00178489	0.000827597	2.55	2.52378	3.02688	3.11434	3.49886	1.20958e-05
0.00285543	0.00247666	0.00176404	0.000915025	2.55	2.36576	2.47561	2.98754	3.54813	2.40906e-05
0.00305355	0.0032567	0.00271718	0.00157486	2.55	2.48793	2.77859	3.50822	4.14152	4.76563e-05
0.00325534	0.00283388	0.00232372	0.00126743	2.55	2.49644	2.94359	3.20874	3.93591	5.92568e-06
0.00382496	0.0029227	0.0020356	0.000943485	2.55	2.47877	2.88421	3.0617	3.70984	2.52122e-05
0.00514149	0.00447676	0.00362184	0.00197597	2.55	3.26558	3.77961	3.99147	4.39343	5.13594e-05
0.00443555	0.00362111	0.00274445	0.00137318	2.55	2.85531	3.36321	3.46569	4.03832	1.78122e-05
0.00233376	0.0022424	0.00207569	0.00123916	2.55	2.42052	2.7162	3.06984	3.72344	3.42042e-05
0.00452851	0.00351618	0.0024421	0.00114144	2.55	2.80797	3.31702	3.40085	3.80161	1.81637e-05
0.00299588	0.0025233	0.0019791	0.00104257	2.55	2.37929	2.68969	3.00856	3.7557	7.60355e-05
0.00293849	0.00250085	0.00182646	0.000963264	2.55	2.31655	2.49663	2.94634	3.72277	0.000112952
0.00464918	0.00360905	0.002215	0.00105858	2.55	2.75094	3.05551	3.4181	3.78853	9.02111e-05
0.00360512	0.00286531	0.0022778	0.00122597	2.55	2.79171	3.07309	3.28545	3.78086	0.000225266
0.00226996	0.00216913	0.00197393	0.00116772	2.55	2.32773	2.43099	2.92153	3.76826	4.85017e-05
0.00345967	0.00255821	0.00185569	0.000910258	2.55	2.53699	2.88987	3.01671	3.54812	4.49919e-05
0.00644262	0.00413056	0.00230727	0.000944135	2.55	3.10109	3.5234	3.45532	3.70676	1.50795e-05
0.00554878	0.00421961	0.00268073	0.00118066	2.55	2.91405	3.31599	3.58709	3.91714	0.000177146
0.00357529	0.00296035	0.00243226	0.00124169	2.55	2.66781	3.22055	3.27405	3.8846	2.13275e-05
0.00435869	0.0035529	0.00246611	0.00125263	2.55	2.73072	2.97658	3.37037	4.0619	0.000138993
0.00619377	0.00466584	0.00289016	0.00131297	2.55	3.13225	3.82847	3.78926	3.99677	1.40621e-05
0.00891659	0.00607903	0.00323203	0.00128812	2.55	3.28584	4.11241	3.93818	4.16305	9.37564e-05
0.00451874	0.00395853	0.00287651	0.00149166	2.55	2.78268	3.09664	3.60091	4.22283	7.21483e-05
0.0036681	0.00287461	0.00204119	0.00101302	2.55	2.45074	2.7984	3.08806	3.79808	1.5776e-05
0.00338919	0.00289598	0.00204982	0.00114762	2.55	2.59549	2.67224	3.2367	3.85431	4.74392e-05
0.00285079	0.00223501	0.00174654	0.000935348	2.55	2.46422	2.58254	2.8796	3.58008	3.26077e-05
0.00496276	0.00367809	0.00228451	0.0010549	2.55	2.89555	3.14156	3.39348	3.80078	2.678e-05
0.00382491	0.00328678	0.00236975	0.0012989	2.55	2.83809	2.91984	3.33021	3.95861	7.51856e-06
0.00275647	0.00240389	0.00228262	0.00133178	2.55	2.58426	2.67478	3.01672	3.97741	7.84462e-05
0.00593046	0.00419827	0.00261794	0.00117389	2.55	3.17415	3.53317	3.55273	3.90026	7.38404e-06
0.00448651	0.00345805	0.00227079	0.00108808	2.55	2.67712	3.19555	3.4284	3.77968	0.000122841
0.00342803	0.00291146	0.00213763	0.0010509	2.55	2.52346	2.65805	3.10377	3.77218	8.94064e-06
0.00322093	0.00294961	0.00230525	0.00123379	2.55	2.42082	2.60783	3.19967	3.95509	0.000176328
0.00520997	0.00360288	0.00239529	0.00113783	2.55	3.22807	3.53272	3.42998	3.75637	1.56648e-05
0.0032162	0.00306263	0.00239135	0.00130597	2.55	2.30973	2.50764	3.23031	4.16817	4.88061e-05
0.00545051	0.00404125	0.00253758	0.00121457	2.55	3.27117	3.48804	3.63709	3.82039	2.78336e-06
0.00606116	0.00382401	0.00196659	0.000784261	2.55	2.91479	3.41362	3.34086	3.50596	0.000105249
0.00460958	0.00357824	0.00253177	0.00121606	2.55	2.91195	3.11262	3.47616	3.8949	0.000161326
0.00250711	0.00209515	0.00165866	0.000910094	2.55	2.25748	2.47585	2.82239	3.56156	4.67661e-05
0.00372049	0.00307132	0.00246558	0.00134477	2.55	2.93528	3.15257	3.42062	3.86372	4.68147e-05
0.00371475	0.00286394	0.00197593	0.000985973	2.55	2.53755	2.9314	3.15682	3.67077	3.38744e-05
0.00413975	0.00354061	0.00234728	0.00116555	2.55	2.56081	2.81994	3.33181	3.96497	4.36898e-05
0.00684615	0.0042065	0.00257016	0.00104533	2.55	3.22929	4.03635	3.45543	3.82393	4.18896e-06
0.00883174	0.00507833	0.0024487	0.000849806	2.55	3.40606	4.05216	3.56224	3.58014	1.62589e-05
0.00450245	0.00326354	0.00216001	0.00104839	2.55	3.01928	3.16122	3.35578	3.64671	6.49037e-05
0.0040286	0.00289838	0.00187323	0.000916777	2.55	2.67778	2.80724	3.03342	3.66858	0.000209708
0.00325013	0.00265505	0.00209689	0.00112149	2.55	2.56672	2.80641	3.07684	3.80049	5.48451e-05
0.00340542	0.00291183	0.00214212	0.00110885	2.55	2.47532	2.91704	3.1805	3.82523	5.95645e-06
0.0080501	0.005658	0.00327499	0.00141899	2.55	3.72589	3.94939	3.88317	4.14986	1.75235e-05
0.00501219	0.00405554	0.00289596	0.00153448	2.55	3.21512	3.27064	3.65766	4.1744	9.00109e-05
0.00374389	0.00292774	0.00186303	0.000851688	2.55	2.42097	2.83768	3.13439	3.55339	0.000156855
0.00253554	0.00199775	0.00153689	0.000842315	2.55	2.23993	2.60142	2.8006	3.47749	2.57666e-05
0.0018346	0.0015836	0.00144103	0.000836026	2.55	1.97641	2.19918	2.53397	3.46818	0.000444031
0.00305966	0.00262111	0.00203192	0.00110251	2.55	2.32949	2.60103	3.05674	3.87549	5.49385e-05
0.00230226	0.00203634	0.00194152	0.00123507	2.55	2.39905	2.5581	2.88758	3.85313	8.92444e-05
0.00446103	0.00356694	0.00235687	0.00116148	2.55	2.6215	2.92104	3.31805	4.01029	3.24612e-05
0.00269461	0.00234418	0.00224118	0.00134319	2.55	2.70596	2.845	3.13504	3.81336	2.62159e-05
0.00315758	0.00282483	0.00245901	0.00137224	2.55	2.52108	3.0531	3.24727	4.02267	4.74824e-05
0.00471066	0.00348757	0.00223678	0.00106097	2.55	2.83397	3.12419	3.35094	3.78269	0.000162379
0.0029026	0.00224782	0.00164079	0.000868225	2.55	2.45812	2.68571	2.8817	3.48174	3.62462e-05
0.0034058	0.00317631	0.0024956	0.0012627	2.55	2.50319	2.83468	3.31298	3.92056	8.70985e-05
0.00442083	0.00324138	0.0023427	0.00114019	2.55	2.9481	3.21519	3.36707	3.75015	0.000196155
0.00362446	0.00311957	0.00232841	0.00118777	2.55	2.58738	2.94449	3.27643	3.87864	2.55915e-06
0.00421383	0.00377228	0.00240633	0.00111779	2.55	2.38935	2.91406	3.4093	3.96367	7.47229e-05
0.00700437	0.00543252	0.00344546	0.00154967	2.55	3.28548	3.79009	3.98207	4.27528	2.26187e-05
0.00602863	0.00421874	0.00248327	0.00107485	2.55	2.92128	3.31953	3.50526	3.89587	9.0772e-05
0.00511584	0.00311792	0.00179326	0.000780387	2.55	2.92152	3.17763	3.1039	3.45802	0.000295785
0.00374287	0.00295433	0.00208743	0.00109194	2.55	2.83751	3.00966	3.29106	3.64778	3.29939e-05
0.00452054	0.00315636	0.0019296	0.000863338	2.55	2.65671	3.08029	3.20315	3.58228	1.82319e-05
0.00630694	0.00415588	0.00249735	0.00105265	2.55	3.26279	3.52433	3.45786	3.80015	3.40305e-05
0.00316214	0.00263548	0.00192937	0.00105138	2.55	2.45814	2.59273	3.11473	3.73037	7.63124e-05
0.00412677	0.00311422	0.00204296	0.000936257	2.55	2.46974	3.04576	3.22737	3.66948	4.95711e-06
0.00760297	0.00507604	0.00272907	0.00108635	2.55	3.19621	3.92962	3.84634	3.78087	3.12973e-05
0.00270183	0.00225263	0.00189823	0.00109717	2.55	2.36318	2.5421	2.93255	3.78403	0.000104682
0.00554731	0.00463355	0.00296375	0.00141439	2.55	3.06345	3.26358	3.71633	4.13823	4.15091e-05
0.00548382	0.0038895	0.0025859	0.00119125	2.55	3.14126	3.49807	3.45921	3.90701	7.69959e-06
0.0104664	0.00615339	0.00285788	0.0010734	2.55	3.82045	4.42631	3.96627	3.82527	3.82387e-05
0.00497247	0.00348139	0.00198389	0.000891248	2.55	2.76221	3.1782	3.28084	3.59184	9.98705e-05
0.00412618	0.00295002	0.00200699	0.000965823	2.55	2.82057	3.13515	3.17381	3.60389	1.46651e-05
0.00382907	0.00297995	0.00208888	0.0010587	2.55	2.57847	2.84039	3.19474	3.78506	0.000140843
0.00306159	0.00242966	0.00178214	0.000905398	2.55	2.38779	2.745	2.95302	3.58183	1.72916e-05
0.00412202	0.00309266	0.00212819	0.00100209	2.55	2.83237	3.17081	3.16719	3.64409	3.76347e-05
0.0042791	0.00382212	0.00245877	0.00117478	2.55	2.60586	2.98267	3.47251	3.93968	1.30626e-05
0.00315928	0.00265281	0.00208465	0.00107555	2.55	2.40708	2.79089	3.08164	3.77065	3.47387e-05
0.00370979	0.00293202	0.00194504	0.00101199	2.55	2.6685	2.87483	3.22233	3.66664	2.82236e-05
0.00407309	0.00285628	0.00183066	0.00091328	2.55	2.59794	2.91307	3.09807	3.68959	1.88025e-05
0.00505963	0.00328655	0.00170251	0.000700468	2.55	2.68733	3.06672	3.16997	3.37673	4.35922e-05
0.00373523	0.00270771	0.00177567	0.00084678	2.55	2.54333	2.86591	3.07232	3.49419	9.16308e-06
0.00338931	0.00285602	0.00190716	0.000954876	2.55	2.37701	2.57771	3.03237	3.74934	4.16741e-06
0.00500442	0.00349153	0.00191973	0.000851728	2.55	2.69537	2.98704	3.19579	3.63854	0.000234971
0.00449558	0.00323077	0.0021026	0.00102053	2.55	3.07136	3.21377	3.35718	3.55196	6.36567e-05
0.00372675	0.00339695	0.00249497	0.00132083	2.55	2.73619	3.01678	3.47248	3.92465	2.36446e-05
0.00291319	0.00246951	0.0020509	0.00110502	2.55	2.37805	2.84626	3.02704	3.76277	9.14239e-05
0.006047	0.00426433	0.00231913	0.000980221	2.55	2.99823	3.59148	3.61259	3.68664	8.05942e-05
0.00779206	0.00508764	0.00285855	0.00123122	2.55	3.57263	3.91257	3.67158	4.01676	8.3099e-06
0.00443223	0.00295329	0.00194174	0.000864264	2.55	2.77578	3.39566	3.19007	3.43576	6.09137e-05
0.00320769	0.00264272	0.00197445	0.00096767	2.55	2.41645	2.99085	3.07253	3.59236	6.93242e-06
0.00257739	0.00224684	0.00171253	0.000889436	2.55	2.11945	2.44083	2.85376	3.56804	2.65112e-05
0.00243713	0.00187356	0.00150776	0.0008352	2.55	2.35041	2.52289	2.72189	3.42047	3.47091e-05
0.00428958	0.00323774	0.00222365	0.00104267	2.55	2.69617	3.13457	3.23248	3.78194	1.10667e-05
0.00575004	0.0040557	0.00239412	0.00107779	2.55	2.99251	3.20481	3.51393	3.85648	0.000155001
0.00463724	0.00381448	0.00256276	0.00121282	2.55	2.77268	3.21629	3.43132	3.97562	2.57739e-05
0.00410549	0.00312522	0.00220677	0.00102945	2.55	2.60141	3.04179	3.1642	3.80781	8.12683e-06
0.00459119	0.00347101	0.00206611	0.00092632	2.55	2.72493	2.98997	3.25312	3.70398	1.28485e-05
0.00280423	0.00241808	0.00195233	0.00104062	2.55	2.35663	2.82533	3.06848	3.6582	7.53934e-05
0.00593097	0.00338608	0.00192534	0.000770746	2.55	3.10257	3.48371	3.13343	3.48081	2.06173e-06
0.00312046	0.00250114	0.00194284	0.00100506	2.55	2.55193	2.96282	3.05323	3.58255	1.03764e-05
0.00746591	0.0046321	0.00212356	0.000823659	2.55	3.17745	3.73054	3.60655	3.52138	0.000123359
0.00781608	0.00505557	0.00280159	0.0011946	2.55	3.623	3.72648	3.76638	3.88855	0.000111278
0.00529381	0.00398635	0.00239739	0.00109208	2.55	2.93572	3.2541	3.49603	3.84106	2.74033e-05
0.00517034	0.0036583	0.00228997	0.0010281	2.55	2.92799	3.26156	3.34826	3.77985	1.72259e-05
0.00353332	0.00256737	0.00178566	0.000870459	2.55	2.64349	2.89562	2.99286	3.50347	2.27685e-05
0.00433516	0.00323693	0.00193496	0.000886547	2.55	2.72423	3.0951	3.22932	3.57488	3.72217e-06
0.00321927	0.00260641	0.00190637	0.000954263	2.55	2.37822	2.7384	3.04075	3.63909	3.18938e-05
0.00491356	0.00387339	0.00252463	0.00122034	2.55	2.8819	3.2556	3.56301	3.90513	9.22059e-05
0.00564205	0.00412915	0.00239203	0.00101816	2.55	2.85863	3.21815	3.42892	3.85082	3.92116e-05
0.00372456	0.00330361	0.00267567	0.00150326	2.55	2.74211	2.99224	3.42957	4.1314	6.20671e-05
0.00806929	0.00465847	0.0025361	0.000970475	2.55	3.36033	4.08952	3.64081	3.72692	2.47149e-05
0.0057283	0.00382498	0.00255244	0.00115861	2.55	3.02426	3.61214	3.41821	3.9437	6.81489e-05
0.00650312	0.00397182	0.00203849	0.000813454	2.55	3.18815	3.47369	3.33156	3.52865	2.73155e-05
0.00370521	0.00342147	0.00262239	0.00144011	2.55	2.54022	2.83523	3.41892	4.17981	1.54801e-05
0.00318591	0.0027707	0.00240851	0.00132228	2.55	2.63126	2.9272	3.21305	3.92144	0.000145588
0.00271933	0.00245641	0.00212386	0.00114142	2.55	2.22262	2.71921	3.10801	3.78308	2.25259e-05
0.00273089	0.00239188	0.00184461	0.00104684	2.55	2.40961	2.37543	2.94866	3.76781	2.31515e-06
0.00277642	0.00253684	0.00218444	0.00117223	2.55	2.32102	2.74315	3.01571	3.87653	1.35757e-05
0.0047933	0.00348023	0.00220439	0.000999591	2.55	2.70689	3.03961	3.23477	3.7947	4.16094e-05
0.00636596	0.00368678	0.00187732	0.00078544	2.55	3.32387	3.39983	3.21281	3.48502	1.70729e-05
0.00424516	0.00312855	0.00245098	0.00121419	2.55	2.84851	3.21118	3.19758	3.93566	0.000107072
0.00431719	0.00302746	0.00219814	0.00106268	2.55	2.99643	3.29227	3.18961	3.68894	2.42158e-05
0.00334259	0.00267774	0.00219101	0.00119494	2.55	2.72991	3.00381	3.16396	3.78533	4.94414e-05
0.00257599	0.00215797	0.00170339	0.000960185	2.55	2.257	2.50863	2.84369	3.65419	9.34558e-05
0.00449392	0.00342055	0.00230591	0.00113099	2.55	2.81759	3.02565	3.28518	3.8609	0.000254671
0.00421554	0.00348698	0.00249555	0.00127386	2.55	2.65619	3.10952	3.42515	4.01373	0.000125448
0.00474014	0.00349071	0.00240745	0.00109596	2.55	2.90856	3.34428	3.33668	3.79463	3.13076e-05
0.00293271	0.00230506	0.00184148	0.00101992	2.55	2.49534	2.75722	2.95978	3.68102	9.05814e-05
0.00483603	0.00318845	0.00195137	0.000862185	2.55	2.79737	3.3806	3.20624	3.5289	7.15911e-05
0.00598996	0.00442187	0.0025512	0.00111224	2.55	2.9648	3.38823	3.5906	3.87176	4.20693e-05
0.00356579	0.00329888	0.00251906	0.00136955	2.55	2.57255	2.6703	3.29186	4.16128	2.98571e-05
0.00379771	0.00314812	0.00243001	0.00129703	2.55	2.77265	2.93519	3.22912	4.03287	1.87842e-05
0.00430601	0.0035285	0.00230133	0.00109751	2.55	2.6898	3.05705	3.40415	3.78316	3.09354e-05
0.00269194	0.00225814	0.00168643	0.00088037	2.55	2.34413	2.51106	2.82961	3.52917	3.89609e-06
0.00320677	0.00335389	0.00312708	0.00176989	2.55	2.59766	2.84242	3.38576	4.42788	3.97227e-06
0.00699245	0.00475974	0.00272128	0.00117526	2.55	3.26675	3.50214	3.57051	4.01754	3.72156e-06
0.00210658	0.00171668	0.00140401	0.00076698	2.55	2.09186	2.23048	2.57891	3.39853	1.19079e-05
0.00352343	0.00317802	0.00234772	0.0011589	2.55	2.38006	2.74558	3.30586	3.90831	3.22376e-05
0.00325776	0.00304551	0.00258847	0.00146064	2.55	2.61679	2.65876	3.24741	4.16837	5.24634e-05
0.0044126	0.00293644	0.00203191	0.000967997	2.55	3.09101	3.53602	3.26088	3.49509	6.93075e-06
0.00699688	0.00474434	0.00262748	0.00107514	2.55	3.1273	3.90777	3.70081	3.79246	1.31328e-05
0.00360403	0.00288465	0.00215598	0.00110111	2.55	2.62505	3.05102	3.13484	3.80387	2.18652e-05
0.00230051	0.00239622	0.00207385	0.00123857	2.55	2.18265	2.52662	3.09349	3.85085	9.785e-06
0.00496253	0.00341421	0.00209961	0.000948543	2.55	2.95124	3.32159	3.30117	3.64431	6.97446e-05
0.00342796	0.00278625	0.00201575	0.00106271	2.55	2.52181	2.70585	3.08745	3.79304	5.49237e-05
0.00412098	0.00333779	0.00224987	0.00109759	2.55	2.72363	2.79951	3.33632	3.78455	0.000424577
0.00203751	0.00187112	0.00155696	0.000883475	2.55	1.94968	2.13236	2.65735	3.62101	0.000143417
0.0046031	0.00365838	0.00243951	0.00115374	2.55	2.79012	3.16835	3.43452	3.89278	1.93666e-05
0.00410813	0.00300942	0.00185118	0.000857694	2.55	2.55878	3.05965	3.19399	3.51368	1.50937e-05
0.00264958	0.00199239	0.00142314	0.000804086	2.55	2.44799	2.37021	2.75153	3.3935	0.00010921
0.00440559	0.00275367	0.00157218	0.000677306	2.55	2.61689	2.96262	3.01657	3.28473	4.02334e-06
0.00344786	0.00270742	0.00189975	0.000948088	2.55	2.50045	2.89373	3.08939	3.58519	1.41792e-05
0.00269925	0.00227754	0.00169422	0.000895212	2.55	2.23539	2.61928	2.8773	3.57672	1.67744e-05
0.00375243	0.00271734	0.00190792	0.000922629	2.55	2.68505	2.84948	2.97319	3.61336	8.03699e-05
0.0045643	0.00374025	0.00267378	0.00138327	2.55	2.91625	3.23872	3.6101	4.02775	0.000100119
0.00434174	0.00375671	0.00259634	0.00123578	2.55	2.60825	3.02127	3.34602	4.05942	2.14523e-05
0.00514094	0.00388457	0.00225484	0.00101411	2.55	2.74235	3.14677	3.39475	3.79618	2.6855e-05
0.00501293	0.00386056	0.00255875	0.00122458	2.55	2.78131	3.15714	3.43658	4.06088	0.000231811
0.00586434	0.00429668	0.00235185	0.00105163	2.55	2.80579	3.20185	3.56417	3.87903	5.19521e-05
0.00478507	0.00350123	0.00228491	0.00101073	2.55	2.90429	3.48892	3.36865	3.65205	1.86629e-05
0.00760887	0.0053859	0.00308432	0.00138084	2.55	3.53405	3.93822	3.96525	4.10818	3.89045e-06
0.0075452	0.00457749	0.00239531	0.000935641	2.55	3.34658	3.86849	3.6034	3.6657	4.31389e-05
0.00504516	0.00382487	0.0023716	0.00108742	2.55	2.96292	3.05522	3.36881	3.85755	0.000243698
0.0044103	0.00310971	0.00196014	0.000938021	2.55	2.73114	3.15914	3.19259	3.64831	2.87276e-05
0.00445749	0.00357429	0.00282423	0.00143461	2.55	3.20629	3.51227	3.57216	3.93991	4.43485e-05
0.00468006	0.00397482	0.00301951	0.00154334	2.55	2.93949	3.34055	3.56014	4.21045	6.7761e-05
0.00601797	0.00425837	0.00253117	0.00111176	2.55	3.02263	3.43862	3.59199	3.84444	4.2467e-05
0.00407338	0.00357693	0.00266193	0.00141202	2.55	2.6164	3.05591	3.42837	4.15944	9.62069e-06
0.00424199	0.00345831	0.00271289	0.00140826	2.55	2.86316	3.15782	3.53129	3.99619	0.00029516
0.00493424	0.0041584	0.00285843	0.00137525	2.55	2.90253	3.24273	3.64555	4.12283	5.94788e-05
0.00435988	0.00371683	0.00256753	0.00128993	2.55	2.93564	3.21242	3.49369	3.91682	7.77133e-06
0.00479969	0.00373762	0.00247892	0.00110684	2.55	2.72127	3.12996	3.44139	3.84414	4.37396e-06
0.00500163	0.00359883	0.00257058	0.00119613	2.55	3.01814	3.51919	3.41611	3.87801	8.62159e-05
0.00340799	0.00259191	0.00190683	0.000942705	2.55	2.48506	2.78611	3.06881	3.62264	0.00027052
0.00645469	0.00455703	0.00267863	0.00126418	2.55	3.27614	3.52533	3.68463	4.01554	0.000140998
0.00319986	0.00251899	0.00199611	0.00105493	2.55	2.65644	2.84015	3.07152	3.64842	4.81972e-05
0.00395909	0.00267662	0.00175741	0.000792345	2.55	2.69874	3.00858	3.00048	3.39046	0.00026333
0.00585285	0.0039495	0.0022162	0.000930029	2.55	3.00231	3.46679	3.40581	3.66928	2.6994e-05
0.00515284	0.00344024	0.00211482	0.000925662	2.55	2.78629	3.2411	3.27769	3.65938	0.000233107
0.00526649	0.0045851	0.00331726	0.0016616	2.55	3.16167	3.34896	3.80848	4.32921	5.93858e-05
0.00491134	0.00403588	0.00261412	0.00123368	2.55	2.77777	3.15553	3.49003	4.02928	4.95569e-06
0.00143093	0.00140104	0.00149816	0.00100114	2.55	1.8471	1.97614	2.50929	3.68262	2.71888e-05
0.00701062	0.00485371	0.00264153	0.00106784	2.55	3.15071	3.82788	3.71046	3.82392	6.87661e-06
0.00417257	0.00316906	0.00222216	0.00102117	2.55	2.72756	3.22424	3.29344	3.67914	1.25984e-05
0.00299381	0.00297195	0.00252872	0.00139951	2.55	2.2533	2.63324	3.15205	4.19055	4.8278e-05
0.00562736	0.00454977	0.0030137	0.00142424	2.55	3.02352	3.36679	3.73953	4.1453	0.00014161
0.00548117	0.00383707	0.00231096	0.00109445	2.55	3.14855	3.29775	3.53555	3.73021	0.000104869
0.00346852	0.002782	0.00206327	0.00103815	2.55	2.421	2.77508	3.01787	3.84155	3.71625e-05
0.00414567	0.00308737	0.00192618	0.000895611	2.55	2.68747	3.04668	3.15184	3.60334	1.27171e-05
0.00308821	0.00268449	0.0022579	0.00118927	2.55	2.50324	2.8085	3.11752	3.83721	7.43953e-05
0.00486082	0.00331379	0.00177624	0.000784456	2.55	2.72127	2.92743	3.25377	3.45684	0.000165176
0.00402819	0.00382103	0.00326615	0.00179104	2.55	2.87501	3.29426	3.75409	4.2598	8.71254e-05
0.00278999	0.00236705	0.00206558	0.00115943	2.55	2.49965	2.76562	2.97481	3.78393	1.42778e-05
0.00300633	0.00241405	0.00196158	0.0010461	2.55	2.46464	2.82277	2.95934	3.72389	7.34482e-06
0.00190451	0.00169637	0.00162283	0.00100322	2.55	2.30895	2.47257	2.78799	3.46071	1.85612e-05
0.00238534	0.00196446	0.00155098	0.000839553	2.55	2.24636	2.41059	2.71132	3.48165	1.84232e-06
0.00259276	0.0023612	0.00206819	0.0011613	2.55	2.34939	2.66582	2.9866	3.78817	6.38053e-05
0.00376465	0.00298332	0.00223737	0.00119708	2.55	2.81163	2.98064	3.37849	3.76841	0.000181696
0.00421264	0.00297435	0.00196709	0.000940235	2.55	2.70644	3.10661	3.16108	3.63877	7.31764e-05
0.00600523	0.00469904	0.00281869	0.00133233	2.55	3.22774	3.45831	3.80506	4.01729	1.08127e-05
0.00671151	0.00445072	0.00236048	0.00100433	2.55	3.16679	3.44446	3.58214	3.76828	1.35229e-05
0.00472681	0.00400755	0.0031189	0.00163628	2.55	3.10248	3.27945	3.6097	4.23797	2.6908e-05
0.00422228	0.00350519	0.00240439	0.00126454	2.55	2.79169	2.96323	3.40021	3.97105	2.27665e-05
0.00373888	0.00318884	0.00227339	0.00114876	2.55	2.4179	2.85483	3.25267	3.9499	1.95575e-05
0.00453015	0.00322039	0.0020876	0.00101539	2.55	3.07662	3.16695	3.27993	3.59315	6.09765e-05
0.00570353	0.00453404	0.00315366	0.00145719	2.55	3.14998	3.62892	3.59368	4.24949	5.07958e-06
0.00452013	0.00325442	0.00196626	0.000919194	2.55	2.80638	3.10671	3.28226	3.56169	2.98123e-05
0.00462137	0.00381113	0.00280936	0.00154493	2.55	3.50689	3.40598	3.65758	3.96966	1.3694e-05
0.00335118	0.00297811	0.00234841	0.00131618	2.55	2.51271	2.7992	3.20112	4.08159	2.08676e-06
0.00300032	0.00264933	0.00216332	0.00121358	2.55	2.53827	2.7372	3.14529	3.82617	7.45107e-05
0.0040027	0.00340298	0.002589	0.00137476	2.55	2.84913	3.09906	3.51995	3.94178	0.000106731
0.0056153	0.00424425	0.00259822	0.00123953	2.55	3.20728	3.4643	3.72026	3.86006	2.30795e-05
0.00327876	0.00244264	0.00160667	0.000796895	2.55	2.2501	2.54374	2.88396	3.54353	0.000301804
0.0030702	0.00281882	0.00224244	0.00125232	2.55	2.59354	2.85425	3.27819	3.82035	4.71222e-05
0.00454034	0.0035615	0.00229117	0.00108627	2.55	2.73791	2.98103	3.38865	3.83706	4.31842e-05
0.00278909	0.00252521	0.00189745	0.00102419	2.55	2.31309	2.49507	3.00189	3.71969	2.09508e-05
0.00521128	0.00372482	0.00228324	0.00105612	2.55	2.97247	3.46947	3.47274	3.72866	5.24721e-05
0.00475098	0.00346413	0.00248093	0.00119916	2.55	2.98794	3.41805	3.4352	3.84843	0.000136012
0.00182455	0.00175091	0.00148197	0.000862992	2.55	1.89107	2.17431	2.65863	3.53056	2.08512e-05
0.00300355	0.002602	0.00184302	0.000960743	2.55	2.30339	2.60528	3.05145	3.64332	9.94802e-06
0.0034955	0.0026939	0.00192925	0.000984172	2.55	2.62346	2.94114	3.04339	3.66034	6.33636e-06
0.00748548	0.00498853	0.00255888	0.00108985	2.55	3.47381	3.68171	3.85752	3.70644	0.000256963
0.00365689	0.0030654	0.00222461	0.00113032	2.55	2.41453	2.72593	3.15948	3.95447	4.30165e-05
0.00317787	0.00252375	0.00182112	0.000976514	2.55	2.49058	2.61447	2.95342	3.72819	2.32534e-05
0.00151206	0.00141724	0.00127826	0.0007803	2.55	1.83241	2.02941	2.46823	3.37874	3.87134e-05
0.00489294	0.00363315	0.00224567	0.00105569	2.55	2.81082	3.05902	3.36341	3.80132	6.39357e-05
0.00242939	0.00217494	0.0017888	0.000990374	2.55	2.10876	2.48911	2.94758	3.64211	0.000147238
0.00345942	0.00320596	0.00271107	0.00149318	2.55	2.62439	2.96977	3.42917	4.07729	7.47502e-05
0.00417677	0.00358691	0.00251487	0.00120708	2.55	2.60579	3.01925	3.40631	3.95202	1.36908e-05
0.00252775	0.00229451	0.00223759	0.00147467	2.55	2.79288	2.71076	3.10023	3.94007	0.000200505
0.00238888	0.00214295	0.0016495	0.000922037	2.55	2.22662	2.21461	2.79549	3.66264	5.14543e-05
0.00577854	0.00487065	0.00335321	0.00169315	2.55	3.25374	3.48081	3.87812	4.40054	1.38866e-05

