0	bld-00	IDR	PFA	PFV	residual
0.001985	0.00145	0.001231	0.0007085	2	1.717	2.178	2.556	3.31	4.702e-05
0.003093	0.002636	0.00196	0.0009439	2	2.088	2.345	3.054	3.664	2.531e-06
0.003139	0.002637	0.001817	0.001107	2	2.299	2.605	3.107	3.834	1.22e-05
0.002667	0.001847	0.001314	0.0006686	2	2.397	2.327	2.733	3.321	7.649e-05
0.002202	0.002329	0.001992	0.001094	2	1.839	2.317	3.062	3.752	0.0001154
0.003722	0.002681	0.00168	0.0007649	2	2.678	2.999	3.065	3.336	6.353e-05
0.003949	0.002893	0.001699	0.0006916	2	2.486	2.94	3.023	3.345	4.801e-06
0.004796	0.003259	0.001946	0.0007967	2	2.461	2.833	3.17	3.4	0.0001679
0.00287	0.002398	0.001717	0.0008853	2	2.247	2.556	2.981	3.621	3.699e-05
0.002555	0.002312	0.001762	0.0009051	2	1.797	2.44	3.009	3.601	4.513e-05
0.002307	0.002052	0.001504	0.0007683	2	1.921	2.495	2.944	3.408	2.633e-07
0.0026875	0.00271075	0.00194545	0.00110285	2	2.18191	2.54592	3.23084	3.86868	1.6476e-06
0.00302193	0.00186222	0.00128525	0.000655226	2	2.46342	2.36251	2.70983	3.27841	5.65881e-06
0.00406251	0.00348525	0.0023357	0.0011382	2	2.21471	2.58542	3.35493	3.81414	2.84502e-05
0.0048866	0.00334789	0.00194345	0.000796975	2	2.45853	3.0256	3.19663	3.4254	0.000100395
0.00216933	0.00227045	0.00188686	0.0011909	2	1.75416	2.26551	3.044	3.93903	7.18631e-06
0.00319454	0.00255009	0.00173975	0.000847186	2	2.16328	2.69376	3.02919	3.47123	5.91913e-06
0.00306388	0.0027187	0.00193522	0.000947267	2	2.16757	2.64713	3.1233	3.59637	2.07487e-05
0.00398624	0.00280062	0.00166394	0.000705449	2	2.27597	2.71453	3.06412	3.36227	5.50356e-06
0.00237374	0.00229417	0.00175213	0.00107657	2	1.85724	2.33922	3.04166	3.88408	4.15656e-06
0.0021465	0.0016657	0.00134853	0.000645688	2	1.73924	2.15926	2.63628	3.29873	7.01018e-05
0.00260503	0.00302005	0.00243827	0.00127889	2	1.81073	2.49527	3.31972	3.98104	1.00252e-05
0.00213967	0.00187815	0.00154402	0.00100822	2	1.92369	2.31622	2.8767	3.69579	1.19798e-05
0.00259814	0.0018805	0.00138513	0.000691824	2	1.89076	2.51609	2.75177	3.22041	3.51956e-06
0.00311251	0.00221659	0.00141378	0.000643909	2	2.24867	2.80875	2.91095	3.19839	6.64172e-06
0.00359722	0.00255381	0.00159523	0.000879197	2	2.71638	2.91396	3.01101	3.56752	2.30486e-05
0.0034124	0.00285026	0.00191091	0.000919036	2	2.45006	2.67535	3.18327	3.58479	2.22479e-05
0.00298897	0.00231491	0.00165543	0.000777834	2	2.05242	2.34819	2.88558	3.47298	4.78817e-06
0.00247132	0.00230811	0.00182392	0.000915725	2	1.86233	2.34053	2.97718	3.61982	1.57184e-05
0.00305851	0.00216829	0.00142551	0.00066017	2	2.35428	2.78015	2.88844	3.21743	0.000366098
0.00208533	0.00178304	0.00148034	0.000910089	2	2.01597	2.20405	2.82937	3.57328	1.41312e-05
0.00165808	0.00191524	0.00180913	0.00104566	2	1.60277	2.06736	2.89976	3.77854	1.28383e-05
0.00434078	0.00367687	0.00232064	0.00120496	2	2.47941	2.72299	3.38982	3.93478	1.51639e-05
0.0026799	0.00282178	0.00207553	0.00107491	2	1.76591	2.45597	3.30105	3.78686	1.45653e-07
0.00266123	0.00202674	0.00145037	0.000668109	2	2.22398	2.45221	2.81878	3.30037	6.42639e-05
0.00313896	0.00273957	0.0018754	0.000924849	2	2.20804	2.68915	3.13266	3.63178	1.90571e-05
0.00274131	0.00202349	0.00131935	0.000698729	2	2.55893	2.87868	2.80476	3.34863	1.34118e-05
0.00302345	0.00237244	0.0015839	0.00069541	2	2.14176	2.83403	2.94957	3.2768	8.31425e-05
0.00165225	0.00147592	0.00140199	0.000926279	2	1.59626	2.13557	2.65393	3.58742	0.000463848
0.00237796	0.00191367	0.00144969	0.000772614	2	2.29483	2.36644	2.79975	3.47908	9.77289e-06
0.00340176	0.00236727	0.00157044	0.000748915	2	2.48873	2.58376	2.90181	3.45808	0.000204759
0.00285607	0.00193976	0.00138208	0.000627898	2	2.45618	2.4993	2.78057	3.18665	0.000683171
0.0026041	0.00231884	0.00172974	0.000914622	2	1.85003	2.49782	3.02941	3.59043	5.00137e-06
0.00381379	0.00293875	0.00191581	0.000932979	2	2.28099	2.61454	3.11301	3.66793	5.92465e-06
0.00274227	0.00197565	0.00143112	0.000777713	2	2.13539	2.48827	2.79054	3.39333	0.00117321
0.00246996	0.00173925	0.00126619	0.000646309	2	1.90782	2.29743	2.68093	3.26115	3.63706e-06
0.00251916	0.00198589	0.00157972	0.000866183	2	1.81703	2.3398	2.85911	3.5148	0.000613025
0.00274421	0.00262476	0.00200221	0.000996298	2	2.14376	2.45253	3.11249	3.70435	0.000303899
0.00245505	0.00211571	0.00163204	0.000952771	2	2.10091	2.44449	2.92555	3.63613	1.00341e-05
0.00230885	0.00203225	0.00167422	0.00107166	2	1.98097	2.31159	2.94174	3.71059	1.15519e-05
0.00288395	0.00207914	0.00148527	0.00081268	2	2.33925	2.4788	2.88279	3.44344	0.000237677
0.0040374	0.00335798	0.00198867	0.000697531	2	2.34828	3.05988	3.26511	3.29232	1.18303e-05
0.00348348	0.00292671	0.0018058	0.000805096	2	2.50557	2.93588	3.18738	3.45381	1.85811e-05
0.00255823	0.00244544	0.00196923	0.00100466	2	1.94345	2.31377	3.10427	3.64685	9.80592e-05
0.00321053	0.00209571	0.00139863	0.000635521	2	2.27798	2.67323	2.81445	3.16687	5.91594e-05
0.00254695	0.00198716	0.00150961	0.000874258	2	2.28633	2.30616	2.86488	3.59216	2.46286e-05
0.00314213	0.00235192	0.0016662	0.000983266	2	2.20951	2.58872	2.98349	3.62294	0.000286882
0.0028101	0.00225778	0.00169338	0.00079108	2	2.05389	2.35687	2.91287	3.42148	2.12806e-05
0.00386712	0.00352573	0.00226463	0.000971011	2	2.5555	2.88639	3.34895	3.63497	8.65587e-05
0.00185989	0.00178952	0.00152252	0.000811551	2	1.72215	1.99719	2.84461	3.57231	9.93499e-07
0.00265211	0.00217481	0.00160526	0.000897513	2	2.14216	2.41941	2.9077	3.5891	1.30777e-05
0.00244204	0.00212536	0.00166508	0.00108603	2	2.15643	2.22671	2.9513	3.84465	4.00279e-05
0.00451313	0.00348751	0.0020805	0.00101449	2	2.67269	2.84767	3.25965	3.77027	1.70259e-05
0.00390236	0.00346991	0.0022564	0.000979054	2	2.17647	2.6146	3.3123	3.6664	7.00458e-06
0.00235266	0.00211007	0.0016458	0.000729324	2	1.65123	2.25805	2.90603	3.36174	1.43061e-06
0.00392795	0.00292289	0.00180938	0.000774219	2	2.43237	3.00795	3.07027	3.38079	0.000571614
0.00419565	0.00315195	0.00200551	0.000967022	2	2.42511	2.80756	3.20791	3.60863	4.52093e-05
0.00336906	0.00226871	0.00157573	0.000711378	2	2.33373	2.43222	2.85584	3.32767	0.000399669
0.00272392	0.00217914	0.00170015	0.000797522	2	1.90378	2.24806	2.9044	3.43438	7.90531e-05
0.00305912	0.00241739	0.00172325	0.000827052	2	2.08161	2.50918	2.96367	3.44619	6.54388e-06
0.0034305	0.00282431	0.00202916	0.000996296	2	2.21436	2.7682	3.14246	3.56037	0.000263448
0.00395065	0.00268332	0.00154298	0.000597411	2	2.37842	2.89902	2.97425	3.18779	4.0225e-06
0.00354752	0.0026585	0.0018854	0.000935664	2	2.19324	2.70545	3.07484	3.47604	9.16585e-05
0.00291779	0.0022824	0.00146977	0.000735878	2	2.42989	2.83069	2.8968	3.41235	4.32982e-06
0.00217997	0.00193989	0.0016077	0.000916112	2	1.83161	2.18993	2.83136	3.64162	1.78218e-05
0.00305276	0.0022743	0.0016876	0.00090826	2	2.13704	2.47002	2.88299	3.56755	0.000378678
0.00307714	0.00232257	0.00171736	0.000760733	2	2.03303	2.40532	2.90746	3.35359	4.47156e-05
0.00340186	0.00227236	0.00151727	0.00076477	2	2.68325	2.50818	2.85816	3.43315	0.0136102
0.00408574	0.00275522	0.00165981	0.000728369	2	2.64501	2.85636	3.02692	3.34	0.000673446
0.00366383	0.0026472	0.00174654	0.000791363	2	2.1532	2.71473	3.02128	3.38941	0.00062171
0.00190578	0.00171976	0.00155197	0.00087922	2	1.73031	2.06063	2.76165	3.57689	7.80072e-05
0.00401712	0.00280678	0.00157163	0.00070079	2	2.48428	3.3699	3.06133	3.24414	2.62402e-06
0.00337826	0.00304726	0.00192439	0.000971533	2	2.4069	3.06764	3.31227	3.60883	3.85383e-05
0.00346041	0.00235268	0.00155134	0.000650909	2	2.17182	2.55162	2.85013	3.28479	4.98067e-05
0.00155675	0.00178295	0.00170143	0.00105978	2	1.66425	1.94522	2.87416	3.85099	2.22074e-07
0.00320515	0.00216126	0.00138099	0.000694287	2	2.35591	2.57166	2.81432	3.39196	6.24739e-06
0.00468589	0.00319037	0.00164705	0.000653554	2	3.13979	3.07888	3.15239	3.33105	2.97523e-07
0.00225728	0.00178459	0.0013377	0.000687827	2	1.70582	2.50921	2.7608	3.26189	3.01645e-06
0.0037043	0.00269584	0.00168375	0.000692926	2	2.33937	2.6964	3.01599	3.3291	8.28022e-06
0.0031652	0.00265726	0.00186202	0.000871316	2	2.02375	2.57642	3.06274	3.55164	4.17034e-06
0.00325336	0.00277598	0.00193436	0.000820701	2	2.00029	2.56947	3.08574	3.4895	2.92832e-05
0.00466232	0.00435307	0.0027369	0.00137087	2	2.55058	2.95149	3.62061	3.98071	9.10347e-06
0.00237916	0.0022392	0.00176386	0.000958732	2	1.86442	2.3422	2.99105	3.71276	8.08512e-07
0.00276113	0.00258031	0.00185608	0.000861435	2	2.05865	2.52366	3.11529	3.54382	3.27879e-06
0.00329961	0.00285675	0.00203576	0.000933082	2	2.07246	2.41892	3.12831	3.65487	2.05074e-05
0.00284486	0.00220868	0.00164481	0.000801639	2	2.13914	2.38616	2.85491	3.47256	0.000196414
0.00462141	0.00317658	0.0018771	0.00078862	2	2.82789	3.04001	3.12552	3.39645	0.000772078
0.00238799	0.00200913	0.00162805	0.00079487	2	1.70123	2.20282	2.82149	3.46487	2.61109e-05
0.00442338	0.00248489	0.00137295	0.000648349	2	2.61704	2.94013	2.89557	3.25572	2.88028e-05
0.00389915	0.00356148	0.00234129	0.00121944	2	2.36102	2.70782	3.3557	3.9619	0.00024065
0.00408244	0.00346578	0.00224215	0.00103431	2	2.52266	2.9248	3.34395	3.61718	6.07321e-05
0.00333015	0.00210812	0.00139515	0.000695265	2	2.13585	2.63916	2.8311	3.26648	8.24603e-06
0.0031605	0.00240163	0.0015491	0.000780141	2	2.55943	2.77819	2.97441	3.45184	5.06336e-05
0.00270511	0.00242477	0.00186755	0.000970308	2	2.26362	2.59507	3.02428	3.59273	0.00104742
0.00405207	0.0035199	0.00229986	0.00117111	2	2.50848	2.89749	3.29286	3.88606	0.00131022
0.00289833	0.00261352	0.00185563	0.000893107	2	2.18067	2.61932	3.08442	3.57527	9.98572e-06
0.00337415	0.00248518	0.00152006	0.000612245	2	2.65601	2.85982	2.97662	3.20833	4.8195e-06
0.00423216	0.00362108	0.00221176	0.000876227	2	2.05026	2.78457	3.34638	3.56948	1.65481e-06
0.0032798	0.00284251	0.0019232	0.000922088	2	2.40227	2.62221	3.14326	3.63936	1.36348e-06
0.00225912	0.00199805	0.00157732	0.000891236	2	2.00328	2.2818	2.85603	3.60836	9.9687e-06
0.00486746	0.00318536	0.00175938	0.00081303	2	3.13297	3.17529	3.16721	3.48266	0.000355744
0.00398942	0.00381265	0.00242035	0.00092921	2	2.22006	2.8996	3.37119	3.62387	1.49791e-06
0.00416472	0.00311381	0.00178147	0.000828541	2	2.60203	3.0475	3.17301	3.52693	2.61209e-06
0.00417559	0.00296925	0.00171381	0.00073502	2	2.78579	3.02651	3.06238	3.41258	1.5226e-05
0.00293704	0.00232384	0.00169747	0.000911975	2	2.06775	2.49149	2.95668	3.5753	2.93132e-05
0.00249027	0.00175201	0.00132819	0.000667954	2	1.98179	2.47594	2.74733	3.14543	0.00198402
0.00267421	0.00260904	0.00204165	0.00130165	2	2.12695	2.43239	3.12841	4.02847	4.0705e-05
0.00255062	0.00229519	0.00182975	0.000945151	2	1.90174	2.38827	2.95168	3.62432	4.27901e-05
0.00309214	0.00254789	0.00175936	0.000896188	2	2.27351	2.57175	2.99661	3.63125	5.03637e-06
0.00391618	0.0033107	0.00229851	0.00123117	2	2.42671	2.63234	3.31092	3.89247	0.000576413
0.00305616	0.0026822	0.00190082	0.000953894	2	2.04224	2.58389	3.16402	3.60993	1.00972e-05
0.00344367	0.00279765	0.00206808	0.00112475	2	2.24644	2.56825	3.11656	3.79495	0.00082155
0.00352588	0.0020857	0.00132231	0.000623541	2	2.48258	2.65993	2.6763	3.25173	4.54952e-05
0.00226462	0.00204198	0.00148794	0.000751206	2	1.832	2.52748	2.86559	3.43214	2.99927e-06
0.00275401	0.0024379	0.00188796	0.000933934	2	1.93987	2.24448	3.02263	3.69683	3.60278e-05
0.00327811	0.00289604	0.00203617	0.00096764	2	2.12651	2.51581	3.17067	3.69058	1.05815e-05
0.0022813	0.00192668	0.0015682	0.000880746	2	1.86599	2.38574	2.8371	3.52439	0.000122898
0.00400053	0.0030787	0.00183907	0.000923098	2	2.90846	3.02	3.21679	3.59342	0.00026023
0.00320344	0.00256708	0.00171448	0.000771927	2	2.29679	2.79922	3.01207	3.40467	9.62807e-05
0.00299262	0.00252865	0.00176689	0.000819881	2	1.95873	2.47633	2.99559	3.53763	9.53554e-06
0.00369856	0.0026072	0.00159926	0.00072197	2	2.79295	2.80588	2.9644	3.35686	6.20238e-05
0.00239126	0.0020239	0.00158127	0.000844809	2	1.77185	2.2574	2.85998	3.50679	6.09685e-06
0.00419467	0.00314566	0.00187016	0.000879253	2	2.63565	2.8814	3.20398	3.56129	7.07371e-06
0.00270692	0.00220812	0.00164381	0.000810612	2	2.31363	2.36254	2.84559	3.53876	9.17944e-05
0.00282801	0.00182571	0.00123447	0.000619938	2	2.25465	2.46687	2.69919	3.20603	3.04459e-05
0.00283889	0.00218691	0.00148843	0.000732525	2	2.13553	2.68007	2.87459	3.39384	8.56056e-06
0.00329963	0.00243033	0.00160406	0.000796776	2	2.42842	2.82153	2.96181	3.43196	5.30874e-05
0.00382984	0.00309395	0.00197439	0.00089421	2	2.16982	2.61849	3.09895	3.67261	8.12694e-06
0.00282303	0.00209773	0.00149488	0.000708322	2	2.31964	2.43327	2.83461	3.3511	2.24922e-05
0.00250187	0.00149614	0.00100425	0.000475397	2	2.36596	2.48928	2.51728	2.95937	5.67365e-05
0.00341534	0.00214845	0.00145378	0.00079848	2	2.20208	2.55242	2.82043	3.44818	0.00503646
0.00276441	0.00195387	0.00136263	0.000725185	2	2.0652	2.61592	2.76137	3.32922	5.75343e-06
0.00254494	0.00187768	0.00134633	0.000642133	2	1.97815	2.42746	2.82614	3.2168	5.98671e-06
0.00269318	0.00185792	0.00152291	0.000739005	2	1.95004	2.107	2.71401	3.33011	0.000649451
0.00304954	0.00207217	0.00161164	0.000883664	2	2.17451	2.22205	2.81252	3.52322	0.000392558
0.00417806	0.00266141	0.00161486	0.000698413	2	2.56726	2.83928	2.98426	3.26058	3.9348e-05
0.00243902	0.00197176	0.00151246	0.000818567	2	2.08857	2.44737	2.83858	3.44315	1.79793e-05
0.00369961	0.00233638	0.00155337	0.000733657	2	2.12195	2.51507	2.88548	3.32982	1.45e-05
0.00362911	0.00323634	0.0020387	0.000911779	2	2.36105	2.78442	3.27766	3.62907	1.83206e-07
0.00310896	0.00269509	0.00180492	0.000965965	2	2.49108	2.76846	3.06387	3.68737	3.14518e-06
0.00280124	0.00237294	0.00174051	0.000827762	2	1.93968	2.50528	2.99732	3.46025	1.99468e-05
0.00327064	0.00271455	0.00186931	0.000888791	2	2.12273	2.71473	3.11688	3.52486	1.88369e-05
0.0038322	0.00279295	0.00178272	0.000788308	2	2.45434	2.78968	3.09319	3.38534	1.56025e-05
0.00250168	0.00210407	0.00161997	0.000965752	2	2.02462	2.27924	2.86941	3.72384	2.61495e-05
0.00264766	0.00272647	0.00217484	0.00106764	2	1.94048	2.43016	3.20967	3.72734	7.95673e-05
0.00404663	0.00292028	0.00177843	0.000854872	2	2.8667	2.72602	3.08558	3.58199	5.42029e-06
0.00360452	0.00327342	0.0020828	0.000802873	2	2.21348	2.91472	3.25494	3.44858	1.80995e-05
0.00231763	0.00208184	0.00166555	0.000926661	2	1.875	2.36629	2.89774	3.57968	1.53911e-05
0.00433489	0.00317996	0.00183319	0.000747895	2	2.82001	3.00526	3.20203	3.3995	2.0563e-05
0.00346764	0.00257728	0.00174304	0.0009211	2	2.17016	2.46683	3.01537	3.61426	0.000289566
0.002168	0.00172007	0.00127916	0.000592027	2	2.07707	2.44905	2.74921	3.15693	1.50371e-06
0.00326756	0.0020913	0.00136443	0.000647591	2	2.33944	2.75561	2.74005	3.25543	0.000136264
0.00400404	0.0034274	0.00218087	0.00103378	2	2.35147	2.77336	3.30583	3.76752	2.51945e-06
0.00426432	0.00293924	0.00176783	0.000846896	2	2.58341	2.75343	3.06414	3.57411	6.59411e-05
0.00463064	0.00343141	0.00205969	0.000869025	2	2.57677	2.90271	3.28203	3.4847	3.72308e-05
0.00374787	0.00272218	0.00177992	0.000690738	2	2.00513	2.63715	3.00835	3.28408	3.53723e-05
0.00288425	0.00204751	0.0014823	0.00076647	2	2.27847	2.44519	2.79242	3.40667	8.32978e-05
0.0040994	0.00269835	0.00166301	0.000788585	2	2.92225	2.58199	3.00515	3.47479	1.29836e-05
0.00313028	0.00245249	0.00164334	0.000810997	2	2.2533	2.59756	2.95755	3.55994	2.95166e-05
0.00269023	0.00185544	0.00139269	0.000739314	2	2.16468	2.30444	2.72754	3.40224	0.000144039
0.00251981	0.00201247	0.0014976	0.000733229	2	2.18784	2.44946	2.81395	3.34455	8.86844e-06
0.00238573	0.00198076	0.00164092	0.000947731	2	1.72135	2.1215	2.82961	3.66222	5.41297e-06
0.00255369	0.00265622	0.00203623	0.00119652	2	2.01862	2.53404	3.23944	3.89651	1.57385e-06
0.00267311	0.00186917	0.00134865	0.000652117	2	2.25793	2.55253	2.78372	3.14159	0.00013256
0.00259587	0.00190437	0.00139001	0.000691701	2	2.17946	2.42193	2.75776	3.31335	1.07877e-05
0.00444851	0.00376186	0.00216342	0.000922639	2	2.72844	3.13918	3.41314	3.58834	3.0861e-06
0.00210442	0.00192343	0.00170257	0.000980833	2	1.63925	2.12252	2.88358	3.67172	0.000244886
0.00309108	0.00247916	0.0016272	0.000735495	2	2.33604	2.82071	3.01525	3.36198	7.91784e-07
0.00311694	0.00261075	0.0017954	0.000786158	2	2.30559	2.75386	3.03764	3.40763	0.000197698
0.00328152	0.00281587	0.00188647	0.000845438	2	2.28922	2.96675	3.1505	3.41498	2.24944e-05
0.00394866	0.00295926	0.00176117	0.000806757	2	2.60484	3.17552	3.13799	3.40952	4.3865e-05
0.00340658	0.00252566	0.00170395	0.000869514	2	2.38285	2.63932	2.95303	3.58886	0.00154862
0.00286505	0.00232623	0.00174152	0.00091179	2	2.28226	2.38073	2.91572	3.64433	0.000332842
0.00291455	0.00301572	0.00240948	0.00117085	2	1.89633	2.35179	3.29614	3.80322	1.3256e-05
0.00490578	0.00335176	0.00194451	0.000892282	2	2.74716	2.77544	3.19742	3.60471	7.23011e-06
0.00238453	0.0019671	0.00146928	0.000743423	2	2.0131	2.56444	2.84314	3.34145	1.33039e-06
0.00299609	0.00225531	0.00150075	0.000757735	2	2.27787	2.72675	2.93027	3.42253	4.4914e-06
0.00267968	0.00232764	0.00174673	0.000832134	2	2.02105	2.36436	2.94496	3.51336	1.77349e-05
0.00385493	0.00270187	0.0016175	0.000609214	2	2.4274	2.87248	3.02844	3.18413	3.95418e-06
0.00274147	0.00217638	0.00161055	0.000811264	2	2.23802	2.58299	2.87392	3.40417	0.0002347
0.00276407	0.00217555	0.00158982	0.000701392	2	1.71708	2.53889	2.86483	3.28597	1.37987e-05
0.00291439	0.00252462	0.00178796	0.000957056	2	2.20265	2.51727	3.10851	3.65838	7.60129e-06
0.0024248	0.00203437	0.00154151	0.000925271	2	2.19613	2.37162	2.876	3.69052	4.59937e-06
0.00181169	0.00210274	0.00200146	0.00122046	2	1.58314	2.26379	3.03459	3.83067	5.81802e-05
0.00383885	0.00221733	0.00144435	0.000593776	2	2.50325	2.55114	2.78551	3.11668	0.00111103
0.00266812	0.00225548	0.00170184	0.00091769	2	2.01612	2.59562	2.96313	3.54535	0.00011527
0.00330747	0.00276008	0.00183953	0.000883659	2	2.3274	2.71935	3.09256	3.59995	1.09591e-05
0.00426188	0.00335455	0.00204423	0.00098466	2	2.54626	2.94208	3.24081	3.692	3.84396e-05
0.00224882	0.00197595	0.00157665	0.000834715	2	2.01851	2.39849	2.85334	3.50683	1.45895e-05
0.00475515	0.0037331	0.00223617	0.00093465	2	2.11323	2.89238	3.35781	3.59659	9.7162e-06
0.0050958	0.0039653	0.00231708	0.000997455	2	2.54736	2.92872	3.33517	3.7001	2.24062e-05
0.00219756	0.00183834	0.00145329	0.000935373	2	1.99489	2.27096	2.81518	3.63761	6.09351e-05
0.00346231	0.00250542	0.00166541	0.000827603	2	2.34927	2.64396	2.95789	3.45396	2.36462e-05
0.00339198	0.00281956	0.00199902	0.000895299	2	2.0621	2.61133	3.13653	3.50116	1.55846e-05
0.00213564	0.00169318	0.00146226	0.000799507	2	1.73916	2.01806	2.67967	3.50684	8.79197e-06
0.00378194	0.00253867	0.00146855	0.000689747	2	2.54065	2.85899	2.9481	3.36254	1.16292e-06
0.00312699	0.00265661	0.00190935	0.000846069	2	2.10689	2.57315	3.02454	3.51454	7.30999e-05
0.00316025	0.00312299	0.00217683	0.000997969	2	1.9311	2.81413	3.29111	3.66903	7.75747e-05
0.00240469	0.00256372	0.00198394	0.000976396	2	1.89413	2.33994	3.17543	3.70964	7.67623e-07
0.00196634	0.00160478	0.00130977	0.000740453	2	1.79725	2.30642	2.72884	3.34278	5.41414e-06
0.00301212	0.0018228	0.00117197	0.00057453	2	2.32364	2.57536	2.69571	3.11811	4.98688e-06
0.00301455	0.00211491	0.00149773	0.000698582	2	2.19139	2.42883	2.77937	3.33322	8.9635e-05
0.00430738	0.00361881	0.00230249	0.00111082	2	2.50439	2.80682	3.3491	3.82775	0.000250003
0.00296096	0.00202562	0.00144665	0.000692885	2	1.9905	2.45727	2.74504	3.30047	9.32455e-05
0.0043674	0.0031077	0.00195466	0.000966044	2	2.58169	2.77153	3.17251	3.61771	0.000149917
0.00371572	0.0032044	0.00219708	0.000986005	2	1.93002	2.7952	3.232	3.60002	5.55435e-06
0.00291688	0.0025525	0.00181712	0.0010504	2	1.98179	2.70603	3.0908	3.70158	7.2206e-05
0.00405137	0.0026959	0.0016685	0.000819022	2	2.87342	2.87933	3.00067	3.44039	0.000103089
0.00403793	0.00261015	0.00156026	0.000675274	2	2.63401	2.86051	2.95408	3.26858	9.16085e-05
0.00361023	0.00252332	0.00158311	0.00076886	2	2.40231	2.75784	2.97622	3.42856	1.15684e-05
0.0033785	0.00273453	0.00178818	0.000784504	2	2.42943	2.66869	3.09787	3.41929	3.64583e-05
0.00248599	0.00206165	0.00151082	0.000721603	2	1.94633	2.52047	2.88347	3.36472	0.000144737
0.00244912	0.00194358	0.00144527	0.000772387	2	2.05652	2.28843	2.78875	3.49176	1.15256e-06
0.00441947	0.00264588	0.0016145	0.000700456	2	2.50441	2.81278	2.92885	3.30313	0.000521812
0.00274602	0.00222061	0.00156022	0.000745974	2	2.17583	2.45172	2.92887	3.40707	1.20891e-06
0.00229329	0.00234269	0.00191561	0.000959639	2	1.71443	2.29535	3.03038	3.67525	1.79422e-06
0.00325804	0.00201281	0.00125844	0.000486895	2	2.34237	2.58692	2.74494	2.98641	1.36157e-05
0.00258496	0.00223643	0.00169439	0.000840736	2	2.02131	2.45638	2.9694	3.47112	5.03521e-07
0.0039768	0.00257543	0.00155111	0.000691142	2	2.38091	2.82038	2.93754	3.31179	1.60045e-05
0.0031336	0.00272289	0.00177195	0.000908685	2	2.14855	2.66565	3.15788	3.61499	1.5562e-07
0.00256429	0.00220081	0.00166626	0.000845526	2	1.83488	2.4223	2.87581	3.6039	3.95633e-05
0.00275193	0.00241296	0.00175882	0.000861146	2	1.95437	2.50186	3.0337	3.54499	1.31492e-05
0.00332251	0.002302	0.00162725	0.000871751	2	2.4202	2.43473	2.82875	3.5944	3.85053e-05
0.00295601	0.00254797	0.00189269	0.000995937	2	1.89893	2.32782	3.07097	3.73521	1.66604e-05
0.00224915	0.00200619	0.00155567	0.000824888	2	2.06235	2.5771	2.88025	3.46341	2.81037e-05
0.00246394	0.00215367	0.00158901	0.000827418	2	1.84389	2.50242	2.92753	3.48319	5.92778e-06
0.00247985	0.00234641	0.00178824	0.00095372	2	1.90758	2.54743	3.01064	3.63843	1.61274e-05
0.00198175	0.0015457	0.00132128	0.000771976	2	1.79105	2.18566	2.65045	3.39929	6.93747e-05
0.00360172	0.0024119	0.0014966	0.000689698	2	2.80146	2.77139	2.89332	3.33196	2.68933e-05
0.00234964	0.00211566	0.00168196	0.000846917	2	1.89216	2.42538	2.93373	3.4938	5.10239e-05
0.0021878	0.00193	0.00152848	0.000805778	2	1.86588	2.2258	2.8279	3.52446	5.79772e-06
0.00267449	0.00246033	0.00196946	0.00102561	2	1.87097	2.30926	3.03669	3.73768	1.99136e-05
0.00396747	0.00236726	0.00152777	0.000783956	2	2.50379	2.53848	2.87411	3.42657	0.000217496
0.00337195	0.00276842	0.00172986	0.000821183	2	2.35931	2.93558	3.08465	3.48152	1.09261e-07
0.00305999	0.00231019	0.00151718	0.000696153	2	2.3457	2.61214	2.95945	3.35495	1.86205e-06
0.00467991	0.00317018	0.00173488	0.000743228	2	2.75828	2.94751	3.09998	3.44884	8.34303e-07
0.00256457	0.00242073	0.00202338	0.00109344	2	1.75664	2.22729	3.02003	3.7963	0.000165708
0.00308753	0.00191803	0.00120671	0.000585646	2	2.76609	2.72637	2.7309	3.12505	6.18748e-06
0.0030504	0.00267097	0.00181817	0.00100082	2	1.93804	2.6168	3.09516	3.76429	1.02286e-05
0.00310173	0.00301765	0.00220821	0.00112098	2	1.8936	2.59362	3.25425	3.82275	5.61475e-06
0.00260546	0.0022459	0.00184149	0.00109558	2	2.01413	2.23686	2.91224	3.86222	0.00379896
0.002903	0.00278024	0.00195072	0.000869046	2	1.9661	2.76284	3.20752	3.47617	4.79737e-07
0.00288528	0.00207836	0.0014531	0.000685158	2	2.10572	2.5113	2.83074	3.32234	4.42338e-05
0.00264987	0.0025648	0.00195957	0.00105859	2	2.10082	2.59186	3.19028	3.68646	9.24089e-06
0.00331655	0.00262857	0.00176378	0.00087115	2	2.25431	2.71478	3.06702	3.50658	0.000134939
0.00341289	0.00248621	0.00153733	0.000694675	2	2.64255	2.98532	3.00687	3.27021	0.000556442
0.00349828	0.002988	0.00209493	0.00085089	2	2.1667	2.48471	3.14594	3.51945	1.82712e-06
0.00256857	0.00239912	0.0018036	0.000935871	2	2.13312	2.44465	3.05492	3.67263	3.89992e-06
0.0033854	0.00274074	0.00184246	0.000898845	2	2.29167	2.71579	3.07779	3.57683	0.000197129
0.00201417	0.00191275	0.00156383	0.000883245	2	1.956	2.34301	2.82933	3.62648	1.64329e-05
0.0015387	0.00166941	0.00154634	0.000951116	2	1.58292	2.10073	2.85713	3.65629	2.06948e-06
0.00431707	0.0029343	0.00194363	0.000823177	2	2.50622	2.5628	2.98107	3.4754	0.000171963
0.00275851	0.00182363	0.00132975	0.000645532	2	2.34867	2.31809	2.6692	3.26662	9.8572e-06
0.00319568	0.00255015	0.0017364	0.000803088	2	2.25199	2.77272	3.0206	3.42511	9.87272e-06
0.00522494	0.00289078	0.00149442	0.000659116	2	3.20665	3.08931	2.97565	3.2815	1.07797e-05
0.00239211	0.00241158	0.00190108	0.00109601	2	1.73801	2.39062	3.0654	3.83409	1.38456e-05
0.00508676	0.00399351	0.00230498	0.00089886	2	2.74177	3.13376	3.3932	3.53587	3.69562e-05
0.00338782	0.00257127	0.00175793	0.00083748	2	2.37315	2.43313	2.94544	3.56301	2.86192e-05
0.00203141	0.00146933	0.00113766	0.000638026	2	1.91871	2.29122	2.57258	3.24093	7.38334e-06
0.00308476	0.00240244	0.00159031	0.000878157	2	2.35299	2.67287	3.03235	3.5579	6.94229e-06
0.00364755	0.00220007	0.00146178	0.000670127	2	2.59127	2.4948	2.7899	3.28961	0.000300902
0.00579012	0.0043614	0.00223569	0.000917905	2	3.14443	3.48659	3.43646	3.57527	2.1363e-06
0.00274395	0.00236347	0.00169309	0.000786913	2	1.88087	2.56369	3.00325	3.42288	4.52861e-05
0.00344697	0.00236781	0.00158589	0.00080013	2	2.22292	2.63048	2.90591	3.42019	1.96061e-05
0.00241794	0.00211544	0.00170175	0.000996549	2	2.05798	2.33669	2.91701	3.69365	0.000221076
0.001892	0.00191189	0.00168561	0.000908887	2	1.60087	2.17255	2.88777	3.56689	1.27994e-05
0.0019233	0.00143975	0.00117169	0.000645562	2	2.04072	2.12931	2.60067	3.26745	1.70275e-05
0.0031284	0.0025109	0.00166175	0.000796545	2	2.32789	2.75999	3.03088	3.42348	4.19686e-06
0.00440394	0.00268153	0.00152007	0.000583317	2	2.60899	2.78221	2.87867	3.17465	6.09284e-05
0.00220821	0.00201287	0.00160893	0.000994447	2	2.17845	2.32975	2.91511	3.71327	5.74457e-06
0.00415303	0.00290885	0.00181271	0.000844718	2	2.57355	2.9462	3.12225	3.40441	5.73764e-05
0.00349242	0.00244409	0.00151562	0.000758292	2	2.3984	2.7927	2.97029	3.42296	5.96956e-05
0.00384488	0.00331581	0.00211595	0.000948776	2	2.56062	2.76291	3.29844	3.61095	3.33259e-06
0.00209885	0.00180079	0.00156255	0.000760128	2	1.60931	2.12904	2.75875	3.38767	0.00094548
0.00324549	0.00248619	0.00175459	0.000905761	2	2.2125	2.58071	3.00286	3.56226	3.87999e-05
0.00410292	0.00320063	0.00203195	0.000961087	2	2.65106	2.76564	3.1824	3.67914	0.000154724
0.00449701	0.00314218	0.00192219	0.000823251	2	2.61784	2.90417	3.16559	3.41031	5.89321e-05
0.00221882	0.00200686	0.00153356	0.000820933	2	1.95156	2.36904	2.91123	3.53127	2.42971e-05
0.00446715	0.00289686	0.00167841	0.000752951	2	2.83786	2.90983	3.02483	3.42859	0.000194057
0.00375701	0.00225805	0.00143058	0.000618913	2	2.67053	2.627	2.80723	3.19204	0.000504594
0.00262362	0.00232502	0.00165154	0.000771148	2	2.00722	2.75163	3.01704	3.36832	4.34676e-05
0.00357598	0.00317563	0.00204317	0.000843909	2	2.41785	2.93831	3.22772	3.50824	1.59497e-05
0.00330314	0.00285622	0.00207397	0.00109441	2	2.16076	2.35154	3.13599	3.87956	2.46092e-05
0.00231986	0.0023164	0.001966	0.0011051	2	1.72685	2.16063	3.02771	3.85288	6.44129e-06
0.00323149	0.0024125	0.00162683	0.000729055	2	2.32289	2.57977	2.92335	3.38239	0.000100833
0.00344179	0.00316239	0.00220012	0.00107216	2	2.2736	2.543	3.22797	3.85424	8.1926e-06
0.00257261	0.0018486	0.0013689	0.000803519	2	2.29439	2.44301	2.75651	3.45765	0.00010995
0.00194682	0.00214161	0.00187244	0.0011174	2	1.67988	2.20516	3.06259	3.84574	6.14816e-06
0.00499712	0.00369446	0.00204322	0.000761826	2	2.51076	2.98748	3.28679	3.39033	2.70979e-06
0.002721	0.00255388	0.00188575	0.000984444	2	2.3987	2.44257	3.11628	3.71167	3.30549e-06
0.00205146	0.00172284	0.0014362	0.000867203	2	1.77389	2.1995	2.75165	3.54047	2.33199e-05
0.00242587	0.00184502	0.00146288	0.000800328	2	1.95927	2.30953	2.75998	3.44174	0.000106678
0.00380291	0.00283945	0.00179093	0.00074544	2	2.41339	2.69945	3.07131	3.42699	1.56618e-05
0.00319665	0.00304063	0.00199496	0.000864654	2	2.26272	2.93633	3.24675	3.52676	1.08154e-06
0.0019029	0.00189902	0.00175643	0.000967837	2	1.60791	2.08689	2.88743	3.64842	7.90156e-05
0.00313493	0.00262573	0.00177016	0.000784338	2	2.17756	2.68543	3.05653	3.48522	2.01836e-05
0.00324392	0.00266072	0.00188779	0.000937792	2	1.99197	2.67822	3.07478	3.55967	3.30132e-05
0.00306904	0.00227454	0.00152986	0.00077348	2	2.21184	2.71308	2.88158	3.40255	0.000191169
0.00357731	0.00246362	0.00153706	0.00071154	2	2.31333	2.61918	2.9007	3.41653	0.00030832
0.00207269	0.00189567	0.00152863	0.000739422	2	1.69043	2.32318	2.83731	3.37973	7.24045e-06
0.00272225	0.00206777	0.00145042	0.00080847	2	2.31061	2.57622	2.86543	3.4435	1.31029e-06
0.00428859	0.00249765	0.00144978	0.000707982	2	2.96622	2.77254	2.8927	3.36845	6.46771e-06
0.0032105	0.00231091	0.00161305	0.000789339	2	2.22507	2.61051	2.9045	3.43717	0.00015906
0.00252671	0.00229198	0.00177423	0.00102084	2	2.05771	2.2166	2.98472	3.80667	2.59153e-05
0.00304415	0.00228173	0.0016102	0.000818848	2	2.28964	2.41352	2.96362	3.4848	3.13634e-05
0.0020647	0.00197935	0.00166061	0.00104066	2	1.84686	2.30836	2.88155	3.79935	4.23234e-06
0.00367506	0.00252493	0.0017657	0.000765373	2	2.04941	2.38344	2.91946	3.41733	0.00019337
0.00301092	0.00248874	0.00190772	0.00100226	2	1.93239	2.44584	3.04611	3.63952	0.00514899
0.00341709	0.00240296	0.00163893	0.000768238	2	2.27794	2.48922	2.85406	3.45052	2.90609e-05
0.00274105	0.00279349	0.00221177	0.0011506	2	1.92965	2.455	3.20467	3.83515	7.89076e-05
0.00341986	0.00266086	0.00179425	0.000817914	2	2.52545	2.60849	3.04526	3.49016	1.12789e-05
0.0034093	0.00251872	0.00151046	0.000673018	2	2.44386	2.64509	2.9681	3.38895	1.17372e-07
0.00309465	0.00289567	0.00209603	0.000994151	2	2.03325	2.5696	3.21417	3.65487	0.000144456
0.00215445	0.00213972	0.00163911	0.00086501	2	1.92646	2.49186	2.94144	3.57682	3.60589e-06
0.00309756	0.00239251	0.00163061	0.000713099	2	1.98668	2.73102	2.97505	3.2751	2.91093e-06
0.00332758	0.0024406	0.0016255	0.000914768	2	2.42223	2.54414	2.99438	3.65692	1.57883e-06
0.00269055	0.00251802	0.00199373	0.00117765	2	1.92527	2.38616	3.03788	3.92634	5.93912e-05
0.00301541	0.00268266	0.00181121	0.000854313	2	2.27035	2.82917	3.11148	3.53598	3.28928e-06
0.00425849	0.00349738	0.00219257	0.00098839	2	2.69693	2.90899	3.28899	3.67135	5.94582e-05
0.00540716	0.00333317	0.00172561	0.000653851	2	2.94107	3.19755	3.1645	3.25275	2.14589e-05
0.00221071	0.00173269	0.00134019	0.000691852	2	1.65893	2.25307	2.67247	3.34118	1.25353e-06
0.00288758	0.00226867	0.00166981	0.000814182	2	2.08383	2.42983	2.95058	3.39621	6.16607e-06
0.0025629	0.00236645	0.00181827	0.00093843	2	1.80171	2.41366	3.00213	3.63045	1.26757e-05
0.00274845	0.00192389	0.00150558	0.000770424	2	2.14336	2.12551	2.69533	3.46711	4.11257e-05
0.00312106	0.00229921	0.00159831	0.000741585	2	2.17189	2.41683	2.92196	3.38103	4.38543e-05
0.00263122	0.00268358	0.00200363	0.00110682	2	1.89716	2.62806	3.18719	3.80316	3.9855e-06
0.00405301	0.00311731	0.00183487	0.000831526	2	2.60479	2.93824	3.16374	3.50888	4.85379e-05
0.00370024	0.00290563	0.00185829	0.00078214	2	1.90073	2.673	3.08845	3.44697	1.61497e-05
0.00396799	0.00301276	0.00184123	0.000899217	2	2.52149	2.84615	3.15854	3.59305	2.48783e-05
0.00290854	0.00230222	0.00162492	0.000770005	2	2.06483	2.53848	2.9174	3.43583	2.64407e-05
0.00351344	0.00266907	0.00179327	0.00106935	2	2.57005	2.66934	3.05719	3.79401	0.000353053
0.00241892	0.00212275	0.00159334	0.000805017	2	2.02447	2.46137	2.9378	3.45138	1.01877e-06
0.00267036	0.00208263	0.00150215	0.000671894	2	2.10058	2.58709	2.85795	3.21822	2.22427e-05
0.00261744	0.00234113	0.00178245	0.00102788	2	1.91622	2.37106	3.01909	3.77551	1.85691e-05
0.00296618	0.00249086	0.00159946	0.000821191	2	2.24758	2.70741	3.05158	3.55719	2.52459e-07
0.00435678	0.0036415	0.00217139	0.000898236	2	2.62043	3.0496	3.31636	3.5667	2.80647e-06
0.00407823	0.00386028	0.00262447	0.00108456	2	2.31796	2.80351	3.41125	3.7442	3.00222e-05
0.00295374	0.00215434	0.00146842	0.000677382	2	2.24974	2.41831	2.8886	3.33518	2.56466e-06
0.00335681	0.00248272	0.001714	0.000757408	2	2.21714	2.50398	2.99793	3.34471	2.36356e-05
0.00400067	0.00281228	0.00172452	0.000885462	2	2.47195	2.78181	3.04423	3.62223	2.92477e-05
0.00341741	0.00280568	0.00184015	0.000874353	2	2.02547	2.89403	3.13843	3.47957	6.5847e-06
0.00449801	0.00327949	0.00196181	0.000750544	2	2.79634	3.20037	3.21693	3.24819	0.0017159
0.00301231	0.00243801	0.00171672	0.000818732	2	2.12574	2.42136	2.9854	3.54537	7.70975e-05
0.00215408	0.00178748	0.00140639	0.000762883	2	1.81333	2.39126	2.79616	3.35834	4.2682e-06
0.00242054	0.00198498	0.0015111	0.000766188	2	1.68245	2.38521	2.87375	3.39008	2.31978e-06
0.00306742	0.0026888	0.00194867	0.00106016	2	2.04013	2.47655	3.09147	3.81472	1.75629e-06
0.00332117	0.00247962	0.00172259	0.000988866	2	2.15011	2.5675	3.0332	3.65071	0.000159999
0.00222607	0.00182905	0.00157868	0.000879696	2	1.73775	2.15874	2.78158	3.55589	0.00167664
0.00300285	0.00261353	0.00182615	0.00101179	2	2.25704	2.47075	3.08878	3.7877	1.59469e-05
0.00217445	0.00215008	0.00175276	0.000885523	2	2.26406	2.34569	2.98653	3.57289	0.000174468
0.0021127	0.00205266	0.00178922	0.00117126	2	1.91259	2.30056	2.98077	3.8685	6.17376e-05
0.0023182	0.00140512	0.001055	0.000584633	2	2.13475	2.36507	2.50411	3.13235	0.000309487
0.0030778	0.00214792	0.00145935	0.000795114	2	2.63821	2.56489	2.88555	3.4444	0.000318802
0.00579361	0.00363431	0.00182966	0.000792868	2	3.27876	3.23047	3.20725	3.48972	1.25304e-05
0.00276608	0.00231136	0.00171948	0.00088176	2	2.06548	2.50056	2.95821	3.56261	7.81607e-05
0.0026968	0.00220648	0.00166108	0.00083359	2	1.96124	2.47537	2.91891	3.47975	2.15685e-05
0.00382465	0.00320506	0.0020138	0.000945475	2	2.42067	2.88054	3.26929	3.616	1.18132e-05
0.00312099	0.00270391	0.00194974	0.00088818	2	2.15085	2.48095	3.1421	3.52291	0.000275969
0.00198282	0.00151495	0.00124028	0.000639042	2	1.77942	2.14397	2.65209	3.20668	2.08952e-05
0.0036848	0.00213183	0.00127728	0.00057347	2	2.38908	2.72216	2.78187	3.12432	3.72721e-05
0.00326669	0.00257573	0.00166785	0.000809561	2	2.40471	2.85099	3.05007	3.44294	6.69323e-06
0.00338622	0.00248211	0.00165173	0.000847935	2	2.44261	2.63339	3.01386	3.51501	0.000237583
0.00318923	0.00282277	0.0020289	0.000995702	2	2.09641	2.48643	3.20387	3.67849	1.51974e-05
0.00314279	0.002207	0.00151133	0.000653099	2	2.24598	2.40729	2.83397	3.25412	3.31005e-05
0.00234179	0.00182745	0.00140187	0.000771234	2	1.75184	2.31289	2.84244	3.39161	7.36175e-05
0.00199008	0.00179451	0.00148062	0.000884165	2	1.68312	2.32115	2.84781	3.52964	1.25122e-06
0.00190046	0.00168816	0.00145126	0.00091301	2	1.67332	2.23137	2.71182	3.63324	0.000173891
0.00319861	0.0020649	0.00138838	0.000701175	2	2.27072	2.46897	2.7916	3.32856	4.63579e-06
0.00273473	0.00247358	0.00191126	0.000970335	2	1.85841	2.31019	3.04178	3.71673	1.77839e-05
0.00472592	0.00338057	0.00214819	0.000865372	2	2.78557	2.66102	3.17544	3.5389	0.000107277
0.00396927	0.00326084	0.00203298	0.000767077	2	2.22315	2.83521	3.20019	3.39084	3.8679e-06
0.00317871	0.00291547	0.00199532	0.00109181	2	2.34109	2.69216	3.262	3.8119	8.91945e-06
0.00361609	0.00326571	0.00222152	0.000920539	2	2.06057	2.64389	3.24697	3.59523	3.51767e-06
0.00250322	0.00279399	0.00222906	0.00129153	2	2.23605	2.54938	3.29307	3.94092	2.36368e-05
0.00213336	0.00215967	0.00184123	0.00111972	2	1.81922	2.24548	2.98995	3.82535	3.38241e-05
0.00370808	0.00285238	0.00183801	0.000946997	2	2.37757	2.81383	3.11374	3.62404	3.07404e-05
0.0058524	0.00381313	0.0020597	0.000849501	2	3.27809	2.98321	3.26994	3.54469	0.000480844
0.00572916	0.00379925	0.00190105	0.000767572	2	2.77121	3.47576	3.2565	3.38167	3.29977e-05
0.00257151	0.00239298	0.00185849	0.00115096	2	2.14621	2.35426	2.98406	3.92135	2.00079e-05
0.00266066	0.00237114	0.00173072	0.000869036	2	1.88989	2.62806	2.99776	3.51865	8.77089e-05
0.00256117	0.00206786	0.00155244	0.00075847	2	1.87241	2.39675	2.80438	3.43884	6.37934e-05
0.00335765	0.00216403	0.00136407	0.000723788	2	3.00278	2.67609	2.86412	3.35494	0.000619307
0.00196949	0.00190368	0.00153589	0.000863467	2	1.9402	2.29026	2.85892	3.61076	2.49753e-07
0.00310562	0.00265589	0.00199161	0.00114616	2	2.11707	2.4437	3.06295	3.87767	0.000185939
0.00411007	0.00340273	0.0021304	0.000843271	2	2.59883	2.98139	3.28166	3.41155	1.16481e-05
0.0027579	0.00205956	0.0016092	0.000824985	2	2.11705	2.23568	2.81182	3.46728	0.00153908
0.00317402	0.00198608	0.00128779	0.000606169	2	2.39126	2.52866	2.71256	3.24453	7.49597e-06
0.00336403	0.00276632	0.00182886	0.000748519	2	2.23179	2.9122	3.13989	3.2843	0.00010172
0.00301641	0.00255728	0.00177298	0.000816213	2	2.1449	2.52244	3.03863	3.52309	2.94829e-07
0.00165472	0.00165104	0.00145188	0.000931944	2	1.66088	2.18274	2.83108	3.62307	2.25099e-07
0.0028055	0.00223097	0.0016322	0.000831654	2	2.13454	2.4153	2.91753	3.53156	3.98795e-05
0.00186046	0.00188449	0.00158009	0.000959793	2	1.88174	2.20462	2.8521	3.78509	4.08265e-06
0.00302958	0.00236005	0.00158546	0.00083118	2	2.39375	2.72604	2.99146	3.47942	9.70825e-05
0.00403681	0.00311327	0.00186862	0.000843014	2	3.02095	2.87419	3.19328	3.54886	2.77294e-05
0.00215188	0.00187352	0.00157746	0.00097542	2	1.94609	2.36141	2.8708	3.59414	1.91427e-05
0.00354725	0.00258214	0.00155853	0.000616358	2	2.33478	2.82229	2.94621	3.22062	7.96971e-07
0.00298836	0.00324862	0.00226182	0.00110954	2	1.90775	2.59993	3.38636	3.84689	7.11109e-07
0.00347056	0.00241987	0.00153556	0.000687632	2	2.52525	2.66424	2.92856	3.34753	1.39359e-05
0.00278134	0.00196669	0.00131319	0.00073758	2	2.47717	2.6903	2.82275	3.36287	1.25625e-05
0.00335016	0.00208492	0.0013468	0.000592068	2	2.32476	2.64822	2.74492	3.16477	4.2013e-05
0.0020626	0.00159061	0.00134784	0.000677643	2	1.78485	2.22693	2.63493	3.253	2.78044e-05
0.00225826	0.00190686	0.00153168	0.00084126	2	1.78768	2.3421	2.82131	3.47789	1.11797e-05
0.00432484	0.00313944	0.00186953	0.00083883	2	2.66395	2.8228	3.16382	3.51331	2.54659e-05
0.00213854	0.00203368	0.00173068	0.00106699	2	1.93368	2.16093	2.96004	3.78854	0.000193605
0.00299116	0.00294747	0.00202812	0.00106683	2	2.38377	2.88386	3.25884	3.75747	0.000106469
0.00497013	0.00390885	0.00228653	0.00102552	2	2.68769	2.91767	3.38755	3.72564	0.000320112
0.00290799	0.00270934	0.00194127	0.000983601	2	1.99305	2.66417	3.1429	3.66964	5.13065e-06
0.00258036	0.00226334	0.00170385	0.0010626	2	2.03247	2.55658	3.03492	3.7375	0.000404866
0.00292261	0.00236659	0.00166877	0.000749505	2	2.09698	2.50779	2.96718	3.40078	1.71552e-05
0.0034744	0.00255342	0.00161633	0.000743743	2	2.38513	2.69682	3.0043	3.41022	1.69553e-05
0.00360667	0.00296936	0.00187472	0.000932788	2	2.33638	2.83164	3.20243	3.61326	2.93489e-06
0.00556913	0.00412677	0.00232135	0.000855146	2	2.74412	3.07555	3.32627	3.52586	1.76733e-05
0.00276471	0.00182179	0.00128491	0.000637851	2	2.24164	2.36804	2.71787	3.23921	0.000102531
0.0032286	0.00242954	0.00168889	0.000854966	2	2.33324	2.47371	2.96223	3.56524	1.46908e-05
0.00210795	0.00235252	0.00194465	0.00120894	2	1.67821	2.43194	3.1588	3.91454	1.15796e-05
0.00383194	0.00289418	0.00186348	0.000875174	2	2.58188	2.7753	3.09989	3.56848	4.28713e-05
0.00293691	0.00254408	0.00181953	0.000876135	2	2.02104	2.48932	3.04756	3.53768	8.19318e-06
0.00386723	0.00337223	0.00224972	0.00114438	2	2.31797	2.77499	3.36363	3.80396	4.55882e-05
0.00386624	0.00308102	0.0019597	0.000849427	2	2.17278	2.7582	3.18871	3.50391	1.97014e-05
0.00237936	0.00243897	0.00194534	0.00102389	2	1.87313	2.59009	3.1058	3.60648	7.72059e-05
0.00270624	0.0022667	0.00173737	0.000850946	2	1.9539	2.25213	2.9116	3.58635	5.83705e-05
0.00349032	0.00248157	0.00157266	0.00058775	2	2.05938	2.95913	2.91002	3.10228	0.000170941
0.00241469	0.00238245	0.00201858	0.00111759	2	1.69156	2.15569	3.04373	3.85937	5.02872e-05
0.00319996	0.00269731	0.00191679	0.000900735	2	2.02721	2.56781	3.08734	3.55488	2.71962e-05
0.00374382	0.00243817	0.00146083	0.000626658	2	2.55563	2.91288	2.91921	3.17744	1.53043e-05
0.00271788	0.00228048	0.00177691	0.000941438	2	2.26747	2.45216	2.92756	3.60809	0.000199263
0.00355337	0.00219694	0.00136751	0.00063337	2	2.52144	2.79543	2.82187	3.20605	3.43787e-05
0.00275566	0.00248691	0.00171096	0.000860559	2	2.08695	2.5802	3.03151	3.62168	2.88995e-06
0.00326868	0.00329829	0.00226794	0.00113106	2	2.4091	2.81144	3.39303	3.78942	1.47067e-05
0.00395884	0.00277537	0.00167574	0.000684738	2	2.39318	2.78258	3.0158	3.34922	1.18522e-05
0.00307008	0.00226599	0.00154144	0.000719954	2	2.29305	2.65118	2.92031	3.29977	6.18627e-06
0.00202947	0.0020285	0.00175414	0.00101212	2	1.87198	2.12079	2.94747	3.73915	3.51432e-06
0.00401595	0.00328373	0.0019584	0.000820916	2	2.29857	3.15767	3.25131	3.43247	1.22389e-05
0.00275591	0.00187915	0.00120425	0.000514907	2	2.34515	2.72543	2.74865	3.02395	2.50984e-05
0.00260049	0.00223018	0.00165533	0.00092058	2	2.1777	2.38971	2.92552	3.68086	0.000102111
0.00237962	0.00151628	0.00114466	0.000613075	2	2.23541	2.25388	2.50695	3.20338	0.000161545
0.00239763	0.00225592	0.00174401	0.000986389	2	2.09884	2.28795	2.97238	3.76667	5.91424e-07
0.00348558	0.00298692	0.0020135	0.000928798	2	2.39518	2.64576	3.18132	3.61499	7.03288e-06
0.00393572	0.00256455	0.00150006	0.00062539	2	2.61309	3.01885	2.91699	3.15401	6.9044e-06
0.00357118	0.00236931	0.00157217	0.000733312	2	2.22564	2.51531	2.86968	3.37492	3.31559e-05
0.00428741	0.0033645	0.00196609	0.000859001	2	2.76206	3.10812	3.27045	3.49954	0.000111212
0.00290589	0.00213356	0.00141377	0.000730837	2	2.42309	2.5794	2.86509	3.43048	5.39162e-06
0.00252135	0.0019595	0.00160778	0.000814942	2	1.79702	2.19438	2.80846	3.42081	0.000859476
0.00285801	0.00219868	0.00156279	0.000811131	2	2.09272	2.59568	2.912	3.46097	0.000212362
0.00405367	0.00253611	0.00154903	0.000641445	2	2.39384	2.96792	2.93068	3.16152	0.000590258
0.00405017	0.00289181	0.00158432	0.000709631	2	2.75776	3.12511	3.15879	3.31501	3.27159e-06
0.00226113	0.00208525	0.00183369	0.00113723	2	1.60409	2.1796	2.99205	3.75808	4.36492e-05
0.00327959	0.00259215	0.00173174	0.00090076	2	2.20604	2.61768	3.03663	3.61238	1.55603e-05
0.00373055	0.00270186	0.00177852	0.000795232	2	2.44923	2.64463	3.03091	3.41206	3.63423e-06
0.00165149	0.00174535	0.00171082	0.00110856	2	1.52309	2.06905	2.8928	3.73333	0.000452798
0.00224133	0.00212705	0.00183262	0.00106915	2	1.67072	2.17705	2.9856	3.73429	4.31059e-06
0.00328829	0.0025415	0.00187736	0.000936945	2	2.01442	2.49276	2.97744	3.59831	0.00257269
0.00224387	0.00171472	0.00130486	0.00063881	2	1.9666	2.15814	2.64122	3.33741	2.06357e-06
0.00345414	0.00277767	0.00185076	0.000805065	2	2.11506	2.7766	3.07049	3.42957	8.01545e-05
0.00358945	0.0029	0.00180638	0.000783908	2	2.36271	2.90753	3.15929	3.42165	2.87455e-06
0.00333299	0.00336585	0.0023068	0.00108256	2	2.13863	2.71047	3.3505	3.799	5.68237e-07
0.00321576	0.0027363	0.00185428	0.000895825	2	2.50687	2.67363	3.0851	3.64238	5.00766e-06
0.00306405	0.00244133	0.00162601	0.000745892	2	2.14242	2.71622	2.98849	3.40207	7.0965e-06
0.00250358	0.00259701	0.00202228	0.00119891	2	1.8235	2.43526	3.18038	3.89802	2.11602e-06
0.00347013	0.00278985	0.00204757	0.00108887	2	1.97356	2.40521	3.07363	3.78315	0.00232838
0.00382666	0.00306728	0.00192927	0.000837639	2	2.31961	2.6268	3.15062	3.55841	4.34571e-06
0.0021941	0.00180255	0.00138961	0.000815046	2	2.20947	2.49204	2.76025	3.52197	0.000164248
0.00272463	0.00248395	0.00178926	0.000918234	2	2.24486	2.54344	3.01575	3.67563	4.13523e-05
0.00359334	0.00310983	0.00218306	0.00118164	2	2.38949	2.57099	3.25587	3.91397	0.000186037
0.00268473	0.00219245	0.001713	0.000748737	2	2.03415	2.33382	2.84939	3.39131	8.65144e-05
0.00210543	0.00155309	0.00119614	0.000651141	2	2.00114	2.39926	2.62677	3.2712	7.29939e-06
0.00208852	0.00214826	0.00177766	0.000999295	2	1.57253	2.3059	2.97529	3.70844	8.7568e-07
0.00226779	0.00192969	0.0014407	0.000642686	2	1.91814	2.51085	2.83387	3.24575	2.82725e-06
0.00313246	0.00266749	0.00188191	0.000873151	2	1.99203	2.70009	3.04446	3.52479	9.37523e-05
0.0026147	0.00205814	0.00148599	0.000810952	2	2.21128	2.5429	2.88929	3.47087	1.9821e-06
0.00259831	0.00246215	0.00187349	0.0010558	2	2.10134	2.5429	3.10689	3.7462	6.89909e-05
0.0033174	0.00251586	0.00179079	0.000840196	2	2.28315	2.40245	2.93975	3.51811	1.15917e-05
0.00217392	0.00140074	0.00104657	0.00056647	2	2.0198	2.38237	2.51431	3.13426	2.64376e-05
0.00357469	0.00234533	0.00143931	0.000777931	2	2.67311	2.89073	2.89304	3.43865	0.000131166
0.00367265	0.00293184	0.00197546	0.00095923	2	2.29889	2.6853	3.13934	3.61799	1.84871e-05
0.00275173	0.00222467	0.00161632	0.000847901	2	1.90397	2.43866	2.95102	3.52507	6.88168e-06
0.00166415	0.00169193	0.00160008	0.000948987	2	1.48988	2.08838	2.82722	3.59388	8.56169e-06
0.00338501	0.00271381	0.00190563	0.000875561	2	2.1543	2.50834	3.05619	3.53515	2.84746e-05
0.00319344	0.00227567	0.00153265	0.000752132	2	2.19529	2.5541	2.88081	3.39912	8.14624e-06
0.00257612	0.00223	0.00169011	0.000806522	2	2.03882	2.39192	2.9535	3.45982	4.57278e-06
0.00195219	0.00141686	0.00112578	0.000658663	2	1.9394	2.24474	2.55325	3.27954	4.96238e-06
0.0022796	0.00193576	0.0015185	0.000756857	2	1.87497	2.37735	2.79586	3.40948	3.1347e-06
0.00628413	0.00413587	0.00221598	0.000966303	2	3.09417	3.09563	3.33184	3.67606	0.000188536
0.00250772	0.00219574	0.00175793	0.00102743	2	1.84939	2.29078	2.94772	3.77118	2.29361e-06
0.0021236	0.00188518	0.00168888	0.000980867	2	1.89288	1.99381	2.80757	3.71393	6.27694e-05
0.00549875	0.00389751	0.00223566	0.000941723	2	2.80581	2.98584	3.32063	3.61	3.6917e-05
0.00395862	0.00321759	0.00195551	0.000869779	2	2.59189	3.10013	3.3115	3.46975	0.000244038
0.00225931	0.00157424	0.00113181	0.000619013	2	2.40791	2.41497	2.61653	3.2481	2.7247e-05
0.00325443	0.00265747	0.00188399	0.000905798	2	2.37253	2.4022	3.08479	3.57965	0.000124654
0.00187859	0.00185951	0.00161969	0.00096257	2	2.07434	2.31694	2.88896	3.60391	4.39923e-05
0.00413024	0.00331099	0.00196007	0.000770346	2	2.30065	2.93838	3.18883	3.4675	1.94098e-05
0.00250417	0.00201476	0.00147835	0.000800196	2	2.13468	2.53565	2.87348	3.4482	2.66844e-05
0.0024709	0.00219069	0.00171678	0.000936618	2	1.93321	2.42387	2.96894	3.59649	9.81085e-06
0.00366156	0.00198197	0.00122457	0.00049222	2	2.62578	2.5944	2.67529	2.99393	9.28766e-05
0.00273454	0.00247457	0.00183796	0.000963599	2	2.17657	2.46885	3.10037	3.65324	1.67022e-06
0.00373842	0.00297754	0.00195448	0.00102005	2	2.21786	2.67073	3.15377	3.7387	2.16674e-05
0.00421246	0.00284165	0.00184263	0.000777398	2	2.39446	2.84881	3.03331	3.34487	0.00313627
0.00381002	0.00319183	0.00199419	0.000949575	2	2.57928	2.94093	3.25469	3.6148	3.03423e-05
0.00296887	0.00293632	0.00195547	0.00114904	2	2.41656	2.91231	3.24288	3.88279	2.91999e-06
0.00281011	0.00220787	0.00167548	0.000799528	2	2.10432	2.37058	2.87236	3.44589	9.36354e-05
0.00289486	0.00256002	0.00185772	0.00105101	2	2.17181	2.49428	3.08641	3.7601	9.94957e-06
0.00238844	0.00253438	0.00201695	0.00118002	2	2.05847	2.61401	3.18314	3.81906	1.62096e-05
0.0027666	0.00266692	0.00199414	0.000979956	2	1.92691	2.56344	3.09402	3.71584	4.08178e-05
0.00253621	0.00267291	0.00220652	0.00130716	2	2.34714	2.35033	3.21322	4.04867	7.47407e-05
0.00243232	0.00234929	0.0017282	0.000889118	2	2.06506	2.52558	3.06763	3.58606	3.48655e-06
0.00248915	0.00236921	0.00186139	0.000937339	2	1.77409	2.4505	3.04256	3.59818	4.1089e-05
0.00324257	0.00228621	0.00143782	0.000689813	2	2.44142	2.79154	2.89904	3.29303	3.6487e-06
0.00192448	0.00178694	0.00157595	0.000951047	2	1.49298	2.11214	2.80583	3.666	1.77047e-05
0.00322093	0.00271432	0.00171497	0.000808151	2	2.67282	2.80811	3.10808	3.52399	9.15063e-06
0.00321663	0.00271002	0.00176748	0.00103306	2	2.4451	2.61358	3.11985	3.85887	1.94666e-06
0.0020597	0.00237622	0.00196334	0.00114667	2	1.67272	2.33278	3.16339	3.86805	4.86e-06
0.00334664	0.00271638	0.00197701	0.000969797	2	2.12279	2.46402	3.08851	3.65489	7.70508e-05
0.00381538	0.00319884	0.00214996	0.000968516	2	2.19217	2.68773	3.20642	3.64265	8.78339e-05
0.00342418	0.00255151	0.00167075	0.000772985	2	2.45856	2.59935	2.9825	3.46364	3.59266e-06
0.00347811	0.00278661	0.00171157	0.000886746	2	2.47925	2.65812	3.09986	3.69474	2.98266e-06
0.00461132	0.00305484	0.00171103	0.000665512	2	2.78426	2.91483	3.06172	3.31007	1.56991e-05
0.00228284	0.00239419	0.0019851	0.00102922	2	1.89313	2.35269	3.07972	3.68142	6.73909e-06
0.00264391	0.00184882	0.00134769	0.000691668	2	2.28288	2.40967	2.75633	3.31306	8.8958e-05
0.00284353	0.00264674	0.00197337	0.00114046	2	2.06832	2.39097	3.1221	3.91267	0.000141545
0.00419855	0.00309622	0.00187457	0.000787846	2	2.48801	2.86615	3.12452	3.43748	3.66565e-05
0.00339129	0.00271991	0.00174315	0.000904836	2	2.46359	2.90034	3.14049	3.52188	1.82789e-06
0.00298494	0.00198503	0.00147372	0.00078123	2	2.28174	2.3397	2.79249	3.37379	0.000921064
0.0025892	0.00221741	0.00173805	0.000887821	2	1.8696	2.43373	2.95143	3.53308	5.85506e-05
0.00227483	0.00183481	0.00150665	0.000763918	2	1.75515	2.23217	2.75455	3.3674	0.000188785
0.00222164	0.00244916	0.00198343	0.0010572	2	1.80581	2.52201	3.14391	3.74979	1.77514e-06
0.00287623	0.00235956	0.00171966	0.00078266	2	2.08412	2.35746	2.93489	3.46293	2.97038e-06
0.0034444	0.00270724	0.0016676	0.000698856	2	2.34247	3.02023	3.05173	3.28164	5.22917e-05
0.00432278	0.00323481	0.00184393	0.000831554	2	2.93173	3.23313	3.21043	3.4578	2.51188e-05
0.00320664	0.00222482	0.00144064	0.000667747	2	2.342	2.84548	2.85464	3.23642	0.000154943
0.00274517	0.00203443	0.00160387	0.000977838	2	1.98792	2.29979	2.8698	3.58249	0.000729474
0.00204189	0.00213355	0.00171443	0.00118727	2	1.95869	2.27938	3.09079	3.92438	2.78859e-06
0.00299793	0.00239781	0.00179937	0.00106474	2	2.46898	2.41786	3.05164	3.74949	0.000328463
0.00702784	0.00404524	0.00183374	0.000636823	2	3.58944	3.54165	3.26685	3.23973	4.21047e-05
0.00257212	0.00204367	0.00158371	0.000936727	2	1.90645	2.29199	2.83208	3.66384	2.7524e-05
0.00164753	0.00190088	0.00174224	0.00102679	2	1.44617	2.29184	2.98081	3.68635	3.62568e-06
0.00302439	0.0022426	0.00167627	0.000881781	2	2.3773	2.45233	2.87347	3.50914	0.000486866
0.00260129	0.00206478	0.00163981	0.000983743	2	1.93044	2.21713	2.88671	3.70191	0.000840673
0.00273733	0.00198786	0.00150132	0.000797308	2	2.20091	2.49622	2.80658	3.38801	0.000758785
0.00297476	0.00218916	0.00161067	0.000838691	2	2.12971	2.43598	2.84676	3.46801	1.7377e-05
0.00288467	0.00234768	0.00179791	0.00107171	2	1.95549	2.40827	3.01286	3.69567	4.43587e-05
0.00208593	0.00209811	0.00181599	0.000930686	2	1.77224	2.27309	2.9826	3.58154	2.7948e-06
0.00318112	0.00236845	0.00147512	0.000679995	2	2.56329	2.7597	2.95827	3.3533	5.09153e-06
0.00341073	0.00263076	0.00166398	0.000817776	2	2.41011	2.81428	3.10289	3.47232	1.41778e-05
0.00317831	0.00230312	0.00168455	0.000812012	2	2.21794	2.33696	2.90697	3.47403	0.00149379
0.00207603	0.00180074	0.00136727	0.000773378	2	2.12057	2.48506	2.83223	3.43052	7.3882e-06
0.00404959	0.0028911	0.00176679	0.000827263	2	2.91056	2.80673	3.12151	3.44846	3.04979e-06
0.0016294	0.00141392	0.00117944	0.000666186	2	1.72427	2.3701	2.67247	3.19667	1.22571e-05
0.00301082	0.00250615	0.0017345	0.000828553	2	2.18836	2.60937	3.03937	3.48339	6.69017e-06
0.00285127	0.00271818	0.00196521	0.000992049	2	1.93728	2.644	3.17989	3.62601	6.51979e-06
0.00292063	0.00264622	0.00195502	0.000906969	2	2.22719	2.55005	3.07401	3.57379	2.84378e-05
0.00268881	0.00232944	0.00171927	0.000999472	2	2.12446	2.58944	2.98885	3.67981	7.33497e-05
0.00166744	0.0017082	0.00164225	0.000998473	2	1.74091	2.04268	2.79447	3.71374	0.000430745
0.00202386	0.00192881	0.00164469	0.00100759	2	1.67062	2.1939	2.88031	3.70894	2.25875e-06
0.00388435	0.0025518	0.00158744	0.000724723	2	2.74418	2.77203	2.95031	3.36968	0.0001326
0.00336752	0.00298383	0.00211503	0.00101075	2	2.11698	2.56459	3.14844	3.74837	2.90034e-05
0.00536473	0.0026753	0.00142889	0.000576711	2	3.04435	2.96744	2.89393	3.0979	0.00018467
0.00346276	0.0025087	0.00163139	0.000651557	2	2.15271	2.84326	2.98519	3.16534	3.27905e-06
0.00238777	0.00181088	0.00138379	0.000770798	2	2.00396	2.4866	2.78586	3.35531	2.82969e-05
0.0030581	0.00244233	0.00173708	0.000870145	2	2.22506	2.44626	2.97038	3.55461	2.38519e-05
0.00244289	0.00227962	0.00169057	0.000923544	2	2.19631	2.40435	2.99012	3.68631	2.52114e-06
0.00325893	0.00260777	0.00181119	0.00100421	2	2.34899	2.68104	3.08249	3.66412	1.71614e-05
0.0012725	0.00136104	0.00138015	0.000818733	2	1.55235	2.18316	2.69985	3.34952	6.13287e-05
0.00336224	0.00255101	0.0017605	0.000830976	2	2.22514	2.52031	2.99906	3.50597	8.65603e-06
0.00201659	0.00217652	0.00187805	0.00103348	2	1.65072	2.32339	3.0125	3.71929	9.52354e-05
0.00184568	0.00160507	0.00138719	0.000801607	2	1.85246	2.14296	2.71099	3.4837	4.44492e-05
0.00311453	0.00260197	0.00178662	0.000855757	2	2.3541	2.68328	3.07709	3.51103	1.988e-05
0.00212135	0.00225147	0.0018535	0.00113758	2	2.06059	2.31533	3.0729	3.87288	1.11679e-05
0.00294676	0.00221371	0.00165696	0.000838868	2	2.16215	2.3584	2.90823	3.50153	2.03515e-05
0.002736	0.00225851	0.00168125	0.000818539	2	1.89433	2.37808	2.96562	3.48468	3.72246e-05
0.00256103	0.00232591	0.00172388	0.000753003	2	1.78121	2.50502	2.99215	3.43939	3.56556e-06
0.00404387	0.00268625	0.00160661	0.000734643	2	2.65228	2.82586	3.00391	3.35834	6.14358e-06
0.00362348	0.00308499	0.0020645	0.000957274	2	2.29539	2.59824	3.22394	3.67353	2.39258e-05
0.0022794	0.00235015	0.00189066	0.00108069	2	1.69428	2.36879	3.05299	3.81185	1.15203e-05
0.00387595	0.00296943	0.00193028	0.000918522	2	2.5813	2.62635	3.07653	3.70702	5.55235e-06
0.00321699	0.00298011	0.00213207	0.00101279	2	2.33383	2.68748	3.18549	3.68805	4.96536e-05
0.00317205	0.00254635	0.00186253	0.000945953	2	2.50551	2.49349	3.06561	3.57534	0.00150401
0.0039023	0.00333432	0.00203856	0.000857951	2	2.40621	2.90232	3.28441	3.54309	5.17602e-06
0.00492891	0.00382742	0.00222725	0.000993287	2	2.72606	3.04273	3.40909	3.68021	3.55965e-05
0.00372953	0.00280449	0.00197124	0.000954531	2	2.23111	2.58271	3.08893	3.56928	0.00299707
0.0023419	0.00207468	0.00156812	0.000845734	2	2.02349	2.42885	2.93515	3.51806	5.35952e-05
0.00212417	0.00210807	0.00174192	0.00106251	2	1.91458	2.40094	2.98457	3.78469	1.98014e-05
0.00250784	0.0020004	0.00146987	0.000672793	2	1.97956	2.42841	2.81573	3.29072	3.97097e-06
0.00259321	0.00192799	0.00147096	0.000764552	2	1.87558	2.23845	2.77991	3.43212	3.65954e-06
0.00265686	0.00253051	0.00198477	0.00110078	2	1.83553	2.38732	3.14732	3.76254	3.86314e-06
0.00181855	0.00160387	0.00137231	0.000788064	2	1.67418	2.07956	2.68974	3.50877	2.51425e-06
0.00322744	0.00231676	0.00146397	0.000755983	2	2.55039	3.00959	2.95502	3.31788	1.33969e-05
0.00198131	0.00193089	0.0016204	0.000911312	2	1.87474	2.28506	2.89558	3.55966	5.16329e-06
0.00326365	0.0027591	0.00178791	0.000770755	2	2.41156	2.73794	3.10219	3.43663	8.8359e-06
0.00395435	0.00273917	0.00179841	0.000805366	2	2.27633	2.58174	2.96807	3.46059	0.000136385
0.00323346	0.00296968	0.00195101	0.000906403	2	2.34864	2.70283	3.23531	3.64151	1.65605e-06
0.00281831	0.00240233	0.00185427	0.00100534	2	1.92057	2.24049	3.00586	3.76839	1.16417e-05
0.00305299	0.00234904	0.00157064	0.000824461	2	2.45463	2.71751	3.00686	3.45485	2.53937e-06
0.00348621	0.00300155	0.0020111	0.00116275	2	2.29937	2.6631	3.224	3.87444	4.33225e-06
0.00199019	0.00160997	0.00130041	0.000815699	2	2.13959	2.17605	2.74245	3.49912	0.000136465
0.00355615	0.00263062	0.00172936	0.000835642	2	2.3976	2.53108	2.98797	3.53246	7.36221e-05
0.00225051	0.00175728	0.00138483	0.000837404	2	2.02208	2.35239	2.69341	3.54449	0.000322507
0.00256772	0.00212542	0.0015075	0.000789786	2	2.01301	2.68187	2.90301	3.41096	7.11261e-06
0.00204575	0.00167572	0.00125063	0.00063156	2	2.01617	2.40855	2.78661	3.20223	1.51318e-06
0.00172048	0.00188948	0.0016484	0.000984059	2	1.74652	2.19746	2.94057	3.72066	3.0093e-07
0.00251736	0.00276136	0.00200376	0.00117927	2	1.96779	2.76385	3.27084	3.88755	2.82397e-07
0.00369696	0.00308389	0.00197093	0.000774682	2	2.36867	2.77481	3.22163	3.39335	7.29155e-06
0.00320052	0.00251929	0.00172714	0.000830145	2	2.39943	2.41099	3.03264	3.51586	7.48154e-05
0.00370012	0.00282924	0.00171167	0.00084558	2	2.62838	2.84554	3.1067	3.56051	7.70425e-06
0.0023668	0.0016579	0.00129978	0.000651979	2	1.84076	2.47591	2.62872	3.16675	9.92118e-05
0.00382483	0.00328615	0.00219455	0.00101545	2	2.25441	2.70509	3.27715	3.67013	1.40559e-05
0.00498811	0.00333699	0.00189088	0.000855787	2	2.88605	2.93376	3.2022	3.49946	0.000136154
0.00360208	0.00260338	0.00166205	0.000862078	2	2.61306	2.68631	3.04121	3.54851	4.28138e-06
0.00494505	0.00376186	0.00221664	0.000937093	2	2.7931	2.88073	3.30725	3.6011	3.40531e-05
0.00363309	0.00351625	0.00251491	0.00111426	2	1.99433	2.76703	3.3078	3.76116	7.7073e-05
0.00412436	0.00280765	0.0016461	0.000709713	2	2.55408	3.03846	3.06348	3.315	0.000418681
0.0027494	0.00243131	0.00185815	0.000765038	2	1.77131	2.39048	2.95879	3.37284	1.37719e-05
0.00219971	0.00193761	0.00159083	0.000937885	2	1.74601	2.25266	2.87594	3.61184	2.39823e-05
0.00272757	0.00235239	0.00174187	0.000775619	2	2.02869	2.44527	2.95383	3.43618	3.52181e-05
0.00314147	0.00254136	0.00178378	0.000782086	2	2.0512	2.61756	2.99179	3.43077	2.49506e-05
0.00298831	0.00221957	0.00158183	0.000823337	2	2.28758	2.70174	2.94324	3.40344	2.40502e-05
0.00248256	0.001979	0.00154706	0.000837377	2	2.15214	2.28176	2.81298	3.53228	2.09321e-05
0.00401966	0.00387696	0.00244757	0.00103936	2	2.39167	2.78503	3.47337	3.78379	5.57839e-07
0.00197476	0.00179374	0.00144365	0.000823315	2	1.85925	2.35164	2.8446	3.4764	8.34302e-07
0.00309712	0.00293188	0.00215966	0.00093401	2	1.88686	2.57535	3.24541	3.52819	0.00018433
0.00211716	0.00196852	0.0015789	0.000777361	2	1.93404	2.48655	2.89198	3.37472	5.18718e-05
0.00150094	0.00163269	0.00173881	0.00119268	2	1.45143	1.88764	2.8	3.87516	0.000211621
0.00456547	0.00333841	0.00202062	0.000802818	2	2.46703	2.8792	3.19211	3.44371	2.26115e-05
0.00224614	0.00230904	0.00185538	0.00107564	2	1.81589	2.30245	2.99654	3.83906	9.38245e-07
0.00298776	0.00263479	0.00179339	0.000850196	2	2.2118	2.66638	3.11627	3.51887	3.2785e-06
0.0053376	0.00338688	0.00185095	0.000782203	2	2.99716	3.1064	3.18196	3.4159	0.000357494
0.00455231	0.00304442	0.00172257	0.00079367	2	2.74102	3.16773	3.09265	3.42149	0.000249797
0.00200168	0.00191947	0.00160778	0.000890887	2	1.62595	2.36288	2.83997	3.59237	1.77843e-05
0.00420118	0.00276728	0.00167931	0.000807196	2	2.70738	2.84923	3.03657	3.43571	0.000198847
0.0028155	0.00238876	0.00157588	0.000670075	2	2.27613	2.84904	3.03223	3.26226	6.53237e-07
0.00298223	0.00247034	0.00165545	0.00082375	2	2.06402	2.64072	3.02936	3.51854	1.69673e-05
0.00207661	0.00192558	0.00158296	0.000891944	2	1.64151	2.22086	2.85136	3.63894	4.87411e-07
0.00364525	0.00240411	0.00150192	0.000642473	2	2.52894	2.78195	2.92034	3.20323	3.36507e-05
0.00465809	0.00350737	0.00197705	0.000766836	2	2.90047	3.02512	3.23323	3.44714	1.37462e-05
0.00375486	0.00267623	0.00180099	0.000837508	2	2.4244	2.65524	3.04382	3.4411	8.08684e-05
0.00389264	0.00310811	0.00203239	0.000832187	2	2.32388	2.67406	3.17422	3.47616	5.01234e-05
0.00281168	0.00286984	0.00214825	0.00111942	2	2.19785	2.5943	3.2437	3.83243	8.68559e-05
0.00257627	0.00268077	0.00205138	0.00107512	2	2.09335	2.46056	3.12275	3.85616	2.4363e-05
0.00326786	0.00217829	0.00142708	0.000627522	2	2.43626	2.70876	2.83201	3.14419	6.77321e-06
0.00293238	0.00237932	0.00168423	0.000836433	2	2.26901	2.39588	2.96581	3.56219	3.94238e-05
0.00239534	0.00209225	0.00159948	0.000931844	2	2.24853	2.43158	2.96526	3.59073	2.14088e-05
0.00230762	0.0020236	0.00173876	0.00102425	2	1.73616	2.15098	2.83361	3.73641	9.21862e-05
0.00205942	0.00177675	0.00148688	0.000827999	2	1.75496	2.27986	2.74635	3.47387	3.1083e-05
0.00169428	0.00143959	0.00129881	0.000759829	2	1.70393	1.98893	2.60986	3.45553	2.21175e-06
0.0024842	0.0019458	0.00151058	0.000881091	2	2.05478	2.41212	2.82297	3.52923	9.77571e-05
0.00288788	0.00225909	0.00161284	0.000751393	2	2.35708	2.36641	2.94062	3.44483	5.84741e-05
0.00394654	0.00348175	0.00245625	0.00126724	2	2.15205	2.668	3.34037	3.86394	9.57225e-05
0.00312197	0.00236954	0.00169588	0.000837703	2	2.13559	2.35729	2.88728	3.52462	8.15329e-06
0.00279907	0.00218518	0.00164176	0.000863038	2	2.16843	2.46948	2.90164	3.54768	0.000536098
0.00434473	0.00324735	0.00211478	0.000934228	2	2.393	2.61146	3.17888	3.57837	1.62971e-05
0.00237525	0.00198702	0.00154724	0.000875158	2	2.02437	2.22032	2.85066	3.60076	2.06184e-06
0.00246615	0.0024817	0.00201471	0.00112729	2	1.94429	2.25803	3.11974	3.83676	8.28504e-06
0.00516729	0.00341066	0.00166728	0.000564088	2	2.95128	3.4236	3.11261	3.16355	2.23262e-07
0.00241505	0.00217505	0.00156416	0.000908886	2	2.00068	2.42345	2.96096	3.70532	1.17957e-07
0.00361771	0.00268821	0.00182645	0.00089831	2	2.62338	2.62996	3.09007	3.52592	0.000766204
0.00312562	0.00231743	0.00155062	0.000816144	2	2.42243	2.52234	2.93533	3.5371	1.55267e-05
0.00348976	0.00298409	0.00200616	0.00090848	2	2.1089	2.90379	3.20784	3.49221	0.000122728
0.00255159	0.00220302	0.0015756	0.000830149	2	2.04058	2.49945	2.95747	3.52982	3.84288e-06
0.00244738	0.00219468	0.00164814	0.000869354	2	1.87521	2.34303	2.93495	3.64764	2.82326e-06
0.00241975	0.00203027	0.00164802	0.00094105	2	1.84112	2.223	2.86516	3.63626	2.36277e-05
0.00234673	0.00190138	0.00146876	0.000844359	2	2.13338	2.39955	2.88024	3.47802	1.17053e-05
0.00349537	0.00239426	0.00157634	0.000776523	2	2.34718	2.69322	2.89421	3.4369	3.23722e-05
0.0041746	0.00294912	0.00183456	0.00080724	2	2.6424	2.77711	3.0962	3.44352	0.000354676
0.00433936	0.00364097	0.002113	0.000883253	2	2.4695	3.00753	3.28515	3.62312	1.73581e-06
0.00354891	0.00275032	0.00166562	0.000738521	2	2.44907	2.97965	3.12043	3.33137	1.39635e-06
0.00268003	0.00184788	0.00137137	0.000802396	2	2.17181	2.36701	2.76424	3.44233	0.000735028
0.00288218	0.00232069	0.001646	0.000744446	2	1.94768	2.49342	2.90937	3.42003	1.34258e-05
0.00356854	0.00312874	0.00207946	0.00112719	2	2.09197	2.90185	3.24323	3.79255	1.66134e-05
0.00246913	0.00169826	0.00118464	0.000601247	2	1.94586	2.49287	2.62637	3.22658	1.66824e-06
0.00411297	0.00267928	0.00165064	0.000705518	2	2.72652	2.7872	2.96764	3.28836	4.99103e-05
0.00198645	0.00171677	0.00151732	0.000887879	2	1.68844	2.08111	2.78511	3.56426	2.34684e-05
0.00227025	0.0017426	0.00129112	0.000643494	2	2.02035	2.37556	2.70103	3.27483	2.7069e-06
0.00274245	0.00220976	0.0015621	0.000779657	2	2.1301	2.50435	2.94592	3.4315	0.000112867
0.00263668	0.00232113	0.00179242	0.000845242	2	1.64687	2.36891	2.95609	3.5329	7.6615e-06
0.00271668	0.00245647	0.00181625	0.000895548	2	1.89675	2.55562	3.04805	3.54585	1.1737e-05
0.00309814	0.00210935	0.00135889	0.000722061	2	2.4419	2.69307	2.82068	3.39912	5.67056e-06
0.00312308	0.00223032	0.0015111	0.000710945	2	2.54345	2.62436	2.90555	3.3326	0.000175345
0.00300309	0.00291467	0.00210344	0.00108907	2	2.01315	2.37373	3.2318	3.84033	5.56647e-07
0.0023988	0.00198041	0.00147494	0.000792666	2	2.02392	2.39048	2.82521	3.52385	6.75806e-06
0.00338234	0.00270897	0.00171416	0.000855362	2	2.56044	2.94487	3.13822	3.46869	7.18691e-05
0.00205464	0.00169268	0.00135841	0.000766876	2	1.81946	2.20481	2.70721	3.45463	8.27303e-07
0.00332362	0.00266095	0.0018488	0.000807324	2	2.06249	2.52149	3.04654	3.4412	2.69738e-05
0.00244545	0.00216439	0.00171269	0.00101647	2	1.93489	2.23873	2.93334	3.74281	5.40192e-05
0.00309847	0.00252996	0.00183853	0.000842904	2	2.55603	2.51821	3.02875	3.47609	0.000419827
0.0024441	0.00233578	0.00183754	0.00109024	2	1.94177	2.19198	3.02279	3.86401	1.82208e-06
0.00413651	0.00294996	0.00170059	0.000811717	2	2.67515	2.93361	3.13156	3.53599	1.41508e-05
0.0021358	0.0019943	0.00156646	0.000904571	2	1.8168	2.73515	2.9946	3.47231	9.27195e-06
0.00407921	0.002947	0.00173472	0.000745915	2	2.5447	3.0667	3.1385	3.32088	3.57908e-06
0.0029853	0.00263884	0.00196157	0.0011438	2	2.20671	2.4831	3.11555	3.86199	6.53762e-05
0.00337588	0.00254809	0.00182212	0.000775308	2	2.04018	2.35887	2.96025	3.45214	2.34103e-05
0.00218772	0.00202162	0.00160702	0.000900757	2	1.95422	2.35473	2.89263	3.59709	6.49073e-06
0.00233924	0.00201767	0.00164704	0.000888971	2	1.98275	2.34996	2.91954	3.4809	0.000118376
0.00402824	0.00367215	0.00235922	0.00115403	2	2.51951	2.92204	3.42918	3.81571	0.000123817
0.00322383	0.00225606	0.00145197	0.000625356	2	2.21604	2.64498	2.83933	3.24574	2.39748e-06
0.00205581	0.00183263	0.00153627	0.00101499	2	1.80692	2.27056	2.86849	3.70575	0.000113063
0.00337142	0.00273319	0.00178053	0.000832373	2	2.16778	2.73062	3.10607	3.50861	2.32721e-05
0.0041539	0.00312553	0.00179841	0.000732302	2	3.04322	2.92314	3.12534	3.45125	4.72887e-07
0.00241416	0.00232382	0.00186247	0.000998547	2	1.96547	2.34367	3.02535	3.70957	2.5386e-06
0.00499717	0.00386194	0.00230788	0.000876835	2	2.47534	2.85944	3.37979	3.50348	0.000111709
0.00198101	0.00173796	0.00152273	0.00098856	2	1.78318	2.03876	2.7874	3.67679	8.50458e-06
0.00292876	0.0023278	0.00162322	0.000857944	2	2.21591	2.56859	2.99819	3.4807	6.12684e-06
0.0033125	0.0023808	0.00154307	0.000724587	2	2.35793	2.66835	2.91175	3.38474	8.19965e-06
0.00189375	0.00127469	0.00102131	0.000603577	2	1.92721	2.2916	2.43597	3.18499	8.7876e-05
0.00228771	0.00246949	0.0020941	0.00114979	2	1.72856	2.24663	3.08844	3.89019	8.10807e-07
0.00450733	0.00303989	0.00160845	0.000662817	2	3.14716	3.32572	3.07512	3.27213	3.51967e-05
0.0037688	0.0025921	0.00149605	0.000745222	2	2.6028	2.8795	3.03258	3.40356	1.24796e-06
0.00211193	0.00168829	0.00129315	0.000648764	2	2.05822	2.36926	2.71229	3.29851	2.6287e-06
0.00286034	0.00248234	0.00184245	0.000902252	2	2.18758	2.51393	3.0114	3.59366	0.000681055
0.00467479	0.00358914	0.00199748	0.000890479	2	2.71651	3.11759	3.34004	3.5522	3.61454e-06
0.00207044	0.0021561	0.00192987	0.00119146	2	1.57681	2.13799	3.00919	3.90493	1.50608e-05
0.00177438	0.00184413	0.00158882	0.00103233	2	1.71627	2.2333	2.90061	3.75932	1.4967e-06
0.00228999	0.0016524	0.0012202	0.000615134	2	1.86575	2.33143	2.62958	3.22078	6.61954e-06
0.00380218	0.00228486	0.00141758	0.000704101	2	2.7443	2.72323	2.82275	3.30751	8.64746e-05
0.00336144	0.00231024	0.00158451	0.000738055	2	2.20507	2.50701	2.96253	3.27388	1.81004e-05
0.00179195	0.00143998	0.00123891	0.000653036	2	1.45906	2.00899	2.6055	3.26783	1.83457e-06
0.0025546	0.00240807	0.00193801	0.00109454	2	1.92689	2.24648	2.99988	3.84037	5.48218e-06
0.00419445	0.00253339	0.00147972	0.000650857	2	2.85447	2.8233	2.87799	3.28665	3.81566e-06
0.00268102	0.00176134	0.00122174	0.000669988	2	2.05059	2.67464	2.66211	3.26305	0.00050121
0.00309044	0.00260903	0.00200023	0.00104796	2	2.14937	2.42697	3.0478	3.71953	0.00349519
0.00308991	0.00251178	0.00176768	0.000934449	2	2.04822	2.5026	3.02482	3.60533	1.04025e-06
0.00164925	0.00175739	0.00166833	0.000947397	2	1.53721	2.0925	2.89406	3.58575	2.88913e-05
0.0022891	0.00189952	0.00151136	0.000813235	2	1.94325	2.47184	2.77597	3.43754	0.000307741
0.0024923	0.00273697	0.00200329	0.00111639	2	1.91169	2.63599	3.26303	3.81542	3.51951e-06
0.00281036	0.00195069	0.00142035	0.000730441	2	2.22935	2.44912	2.77755	3.33574	0.000110565
0.00288361	0.0021937	0.00149025	0.000784345	2	2.23237	2.68173	2.91173	3.48208	3.16237e-05
0.00326525	0.00251768	0.00171162	0.000738922	2	2.04994	2.59083	2.97014	3.35545	5.26853e-05
0.00305661	0.00246098	0.00168396	0.000881155	2	2.09704	2.52247	3.05148	3.56723	2.61042e-07
0.00406436	0.00288626	0.00185479	0.000830246	2	2.53242	2.73254	3.07552	3.44395	5.12841e-05
0.00692469	0.00444475	0.00215381	0.000763755	2	2.87179	3.31383	3.38803	3.40629	6.58811e-06
0.00361999	0.00229257	0.00152513	0.00081709	2	2.28198	2.51707	2.91814	3.42621	8.06185e-05
0.00269135	0.00275732	0.00217734	0.00119199	2	1.86894	2.48422	3.24232	3.79499	0.000655789
0.00336652	0.00285799	0.00199697	0.000938972	2	2.37274	2.62786	3.05984	3.67062	4.87468e-05
0.00243825	0.00177055	0.00124423	0.000615475	2	2.07824	2.55083	2.72959	3.18597	8.41078e-07
0.00267968	0.00192968	0.00141091	0.000802765	2	1.94045	2.4515	2.78381	3.44132	8.62419e-06
0.00247644	0.00221384	0.00170288	0.000919682	2	1.904	2.35979	2.93094	3.67051	6.89225e-06
0.00200365	0.00216183	0.00184439	0.00112772	2	1.63848	2.3751	3.03537	3.78938	1.25578e-05
0.00192207	0.00170423	0.00146199	0.00078247	2	1.61686	2.10697	2.75356	3.44898	2.95655e-06
0.0020809	0.00190848	0.0016013	0.000832121	2	1.64106	2.27866	2.80381	3.48577	2.77148e-05
0.0026109	0.00185765	0.00127943	0.000632511	2	2.24899	2.66017	2.77704	3.15007	1.05529e-05
0.00265199	0.00198619	0.00142371	0.00068101	2	2.12283	2.46254	2.76476	3.32369	4.42759e-06
0.00382122	0.00287537	0.00193064	0.000915605	2	2.2698	2.63871	3.14783	3.49351	0.000225289
0.00529415	0.00357159	0.00206334	0.000802433	2	2.39561	3.01248	3.19886	3.39495	0.000230478
0.00323172	0.00243783	0.00163891	0.0008264	2	2.43008	2.52509	2.985	3.55069	1.75571e-05
0.00220696	0.00151943	0.00113456	0.000617192	2	2.11894	2.34537	2.63321	3.19777	1.12066e-05
0.00253848	0.00182647	0.00134104	0.000674897	2	2.20151	2.38853	2.72223	3.31951	0.000266786
0.00165374	0.0015621	0.00142993	0.000866414	2	1.71626	2.10662	2.72883	3.51974	4.22139e-06
0.00337016	0.00220701	0.00136257	0.000704275	2	2.73729	2.74174	2.85528	3.35004	5.3229e-06
0.00367178	0.00342866	0.00225293	0.00102496	2	2.42287	2.78178	3.35092	3.76086	1.52706e-05
0.00398064	0.00384517	0.00241748	0.00105622	2	2.42967	2.81275	3.42003	3.84203	4.05201e-06
0.00180539	0.00147529	0.00132815	0.00080941	2	1.64622	2.05038	2.63191	3.46319	0.000105671
0.0025834	0.00227128	0.0017166	0.000949331	2	2.08611	2.46975	2.98751	3.6387	4.60887e-05
0.00265134	0.00229722	0.00177169	0.000943625	2	1.87882	2.4194	2.98255	3.6061	2.20983e-05
0.00574936	0.00341655	0.00184369	0.000721725	2	2.91318	3.02729	3.16069	3.32436	0.00152869
0.00341239	0.0024628	0.0015155	0.000655214	2	2.51816	2.70057	2.92376	3.31547	3.95409e-06
0.0038563	0.00286858	0.00190522	0.000781907	2	2.28943	2.68508	3.07279	3.35809	1.03713e-05
0.00229623	0.00250279	0.00222118	0.00112642	2	1.79815	2.18212	3.09401	3.82348	3.37293e-05
0.0025073	0.0024677	0.00180511	0.00101853	2	2.01707	2.53409	3.02721	3.79452	1.41834e-06
0.00314405	0.00250465	0.0016272	0.000747224	2	2.2625	2.88408	3.03799	3.34112	1.21871e-05
0.00157379	0.00176596	0.00170466	0.00125864	2	1.80142	1.95447	2.88469	4.07102	4.56139e-05
0.00210506	0.00205883	0.0016432	0.000975404	2	2.00172	2.38895	2.96009	3.71202	8.25446e-06
0.00329781	0.00305191	0.00219603	0.00112602	2	2.54352	2.55968	3.20174	3.8577	1.76277e-05
0.00242658	0.00210133	0.00156769	0.000832516	2	2.17666	2.51916	2.89522	3.49612	8.21718e-06
0.00356263	0.00288387	0.00189573	0.00089348	2	2.36715	2.80997	3.11629	3.55673	6.02184e-05
0.0039873	0.00298123	0.00192844	0.000816048	2	2.28284	2.78627	3.12159	3.44232	0.000106383
0.00290969	0.00219132	0.00160345	0.000737981	2	2.10241	2.37061	2.87376	3.38325	8.92665e-05
0.00315517	0.00253374	0.00179838	0.00099513	2	2.53822	2.4815	3.06685	3.70693	0.000332094
0.00365865	0.00319795	0.00221842	0.001079	2	2.33441	2.71318	3.278	3.7202	2.90357e-05
0.00372847	0.00268434	0.00164683	0.000795705	2	2.62573	2.88336	3.00474	3.43849	2.75786e-05
0.00248766	0.00177885	0.00124387	0.000638158	2	2.14617	2.51786	2.75786	3.21316	6.56046e-06
0.00242103	0.00197399	0.00154087	0.000778962	2	2.02306	2.46443	2.86419	3.34049	0.000266838
0.00251795	0.00241308	0.00176309	0.000977256	2	2.36767	2.58273	3.09131	3.70563	9.89394e-06
0.00272402	0.0022305	0.0016967	0.000909857	2	1.89845	2.45987	2.89901	3.5878	0.000173331
0.00183652	0.00167434	0.00140549	0.00081904	2	1.90933	2.18277	2.70863	3.57424	6.3626e-06
0.00171283	0.00145281	0.00123678	0.000707738	2	1.73503	2.27485	2.59554	3.37534	0.000121287
0.00214912	0.00207157	0.00175896	0.000999803	2	1.71049	2.25052	2.9206	3.69539	6.88324e-05
0.0030453	0.00251772	0.00165989	0.000796239	2	2.09298	2.71363	3.04641	3.46197	6.02841e-06
0.00323707	0.00253829	0.00183689	0.000892536	2	2.02864	2.30934	3.00532	3.61571	3.13195e-05
0.00408936	0.00293945	0.00179421	0.000873982	2	2.52566	2.85794	3.11652	3.51806	1.60916e-05
0.00269798	0.00202169	0.00148096	0.000760014	2	2.02466	2.46239	2.8049	3.37628	1.47399e-05
0.00246193	0.00214048	0.00171877	0.00097526	2	1.82087	2.23387	2.90337	3.7175	2.13145e-06
0.00319812	0.00284165	0.00200635	0.00121434	2	2.25704	2.7283	3.22861	3.85946	6.43881e-05
0.00209566	0.00172057	0.00134202	0.000795923	2	1.91703	2.34564	2.75145	3.4603	2.31384e-06
0.00288907	0.00228038	0.00162019	0.000786262	2	2.26189	2.48545	2.87404	3.47363	0.000140975
0.00291818	0.00245231	0.00175969	0.000845077	2	1.97044	2.70755	3.03435	3.39041	2.57418e-06
0.00310759	0.0027022	0.00201192	0.000967583	2	1.97688	2.60892	3.09162	3.56942	0.000226953
0.00249767	0.00188336	0.00138583	0.000857164	2	2.26673	2.39765	2.77185	3.57204	6.74092e-06
0.00272764	0.00264239	0.00201542	0.000969775	2	1.67449	2.51452	3.13439	3.60549	3.36785e-05
0.00206131	0.00170771	0.00139122	0.000827435	2	1.92927	2.10645	2.74554	3.53933	5.26862e-07
0.00331158	0.00201016	0.00128733	0.000552151	2	2.51521	2.67793	2.71738	3.08292	0.00011335
0.00269064	0.00217263	0.0016452	0.000878451	2	2.14785	2.44295	2.98141	3.45796	0.000218699
0.00437248	0.003251	0.0019517	0.000854251	2	2.58856	2.90128	3.18005	3.52448	2.65626e-05
0.00263765	0.0022943	0.00177144	0.00105646	2	2.29884	2.29929	3.01374	3.77582	3.27236e-05
0.00327843	0.00251971	0.00165548	0.000786804	2	2.33698	2.63441	2.96318	3.48113	1.88386e-05
0.00267259	0.0022667	0.0017358	0.000822535	2	1.7868	2.45379	2.91629	3.45896	2.99958e-05
0.00202064	0.00164627	0.00116007	0.000716468	2	2.20985	2.60625	2.73884	3.41804	1.00292e-06
0.00224434	0.00148964	0.00106095	0.000530682	2	2.24873	2.62511	2.60486	3.00094	7.95004e-06
0.00311188	0.00216274	0.00153133	0.00081821	2	2.39328	2.44052	2.85008	3.45285	5.32515e-05
0.00394364	0.00251901	0.0015972	0.000750646	2	2.37564	2.75386	2.93761	3.37345	0.000288272
0.00326503	0.00266346	0.00181455	0.000942837	2	2.31437	2.66424	3.0983	3.63217	3.8242e-05
0.00269006	0.00245282	0.00175681	0.000860687	2	2.07815	2.52702	3.00568	3.60359	1.41251e-06
0.00163525	0.00136571	0.00125765	0.000839971	2	1.67302	2.09546	2.62103	3.49923	9.69189e-06
0.0021967	0.00188665	0.00162947	0.00105507	2	1.81247	2.11469	2.84727	3.76673	9.81423e-05
0.00374962	0.00268989	0.00172533	0.000653	2	2.55327	2.76552	3.03563	3.20566	0.00018342
0.00451669	0.00328267	0.00184439	0.000799117	2	2.83045	2.88832	3.16098	3.55541	1.06631e-05
0.00617462	0.00430775	0.00226541	0.00092281	2	3.09069	3.44096	3.38184	3.56238	0.000686116
0.00333443	0.00284606	0.00190542	0.000895245	2	2.11698	2.66255	3.16236	3.58646	3.76487e-05
0.00385294	0.00325446	0.00212147	0.00119628	2	2.48619	2.68946	3.25904	3.98655	7.21532e-05
0.00258374	0.00219944	0.00162461	0.000808493	2	1.80415	2.45261	2.95196	3.48417	1.94903e-05
0.00303615	0.00275446	0.00198038	0.00122535	2	2.4745	2.49359	3.20405	3.93746	1.23925e-05
0.00260055	0.00261606	0.00195082	0.0010919	2	2.24477	2.52333	3.13163	3.8878	3.22708e-05
0.0030237	0.00221633	0.00157129	0.000768673	2	2.25333	2.48567	2.91452	3.40611	0.000214854
0.00427214	0.002947	0.0017708	0.000793485	2	2.73323	2.78697	3.07596	3.48853	1.86717e-05
0.00267754	0.00252003	0.00198505	0.000952767	2	2.05274	2.58389	3.07512	3.53199	8.16458e-05
0.00301632	0.00226549	0.00160094	0.000888664	2	2.46469	2.54734	2.95527	3.51791	0.000282759
0.00233985	0.00226881	0.00171897	0.000886946	2	1.92356	2.43057	3.02858	3.58238	4.1362e-07
0.00255035	0.00233288	0.00180807	0.000730642	2	1.85648	2.49864	2.96539	3.33662	6.77835e-05
0.00154685	0.00152487	0.00141193	0.000896451	2	1.60438	2.10136	2.72889	3.57643	1.40046e-05
0.00252165	0.00191248	0.00139748	0.000708467	2	1.97269	2.49467	2.80886	3.29998	9.75767e-05
0.00413548	0.00229104	0.00134761	0.00062827	2	2.79977	2.83724	2.82845	3.19938	0.000496359
0.00313376	0.00234598	0.00168135	0.000879486	2	2.36577	2.38422	2.90938	3.57696	1.85176e-05
0.00318336	0.00228039	0.00145052	0.000652233	2	2.36679	2.66579	2.9086	3.26048	7.67625e-06
0.00243222	0.00176634	0.00130153	0.000725753	2	2.14335	2.5097	2.79888	3.29414	2.25726e-05
0.00365602	0.00276985	0.00185595	0.000871019	2	2.2023	2.55333	3.05026	3.5378	6.12197e-05
0.00275153	0.00232823	0.00152965	0.000696055	2	2.17306	2.66117	2.95794	3.34746	1.09201e-06
0.00203472	0.00159234	0.00124268	0.000657633	2	2.03468	2.31933	2.62048	3.26438	2.14576e-05
0.00393863	0.00308546	0.00194801	0.00101132	2	2.3547	2.793	3.14979	3.72612	9.39072e-05
0.00198587	0.00176882	0.00158669	0.000893232	2	1.63324	2.17484	2.77158	3.52213	3.17744e-05
0.00215228	0.00181225	0.00138128	0.000835288	2	2.01366	2.3946	2.84636	3.5202	2.40615e-06
0.0018917	0.00128683	0.0010467	0.000606916	2	2.00979	2.17054	2.4658	3.22503	3.15206e-05
0.00331745	0.00219505	0.00145878	0.000649729	2	2.36542	2.5759	2.78666	3.28003	0.000101523
0.00311279	0.00227683	0.00150432	0.000783599	2	2.45386	2.61385	2.91181	3.4587	5.49824e-06
0.00335208	0.00254026	0.00171075	0.000827153	2	2.23896	2.60601	3.01225	3.48405	0.00016263
0.00365519	0.00282453	0.00175377	0.000780754	2	2.51432	2.80766	3.09471	3.45597	6.38259e-06
0.0030448	0.00228136	0.00158789	0.000796003	2	2.48203	2.67096	2.93619	3.43231	2.29461e-05
0.0022911	0.0021196	0.00173554	0.000774598	2	1.78562	2.30956	2.91523	3.40456	5.04389e-06
0.00314676	0.00274751	0.00185136	0.000877986	2	2.31755	2.72713	3.15719	3.54497	1.91297e-05
0.00329877	0.00242814	0.00167652	0.00079295	2	2.258	2.39667	2.92553	3.50424	1.43831e-05
0.00341041	0.00243594	0.00149864	0.00071529	2	2.28007	2.57039	2.97349	3.44715	7.7818e-06
0.0037985	0.00225145	0.00135313	0.000519895	2	2.55697	2.73251	2.80669	3.01953	2.79514e-05
0.00347246	0.00251366	0.00154759	0.000687018	2	2.44935	2.68131	3.00318	3.31543	2.5679e-06
0.00306673	0.00251004	0.00172072	0.000741876	2	1.89359	2.61683	3.01546	3.36827	7.99193e-07
0.00366302	0.00225844	0.00146882	0.000627001	2	2.24985	2.69502	2.77289	3.20295	0.000362272
0.00321758	0.00214633	0.00151695	0.000812336	2	2.49777	2.43056	2.79144	3.45464	5.13645e-05
0.00242114	0.00223902	0.0018537	0.000954154	2	1.97854	2.23642	2.95081	3.65318	1.19481e-05
0.00341851	0.00292972	0.00193188	0.000957807	2	2.52976	2.81291	3.13317	3.69112	7.96774e-05
0.00261899	0.00188309	0.00139175	0.000636566	2	2.29504	2.35662	2.71544	3.25778	8.06052e-05
0.0018357	0.00143552	0.00118206	0.000768747	2	1.7864	2.2238	2.61725	3.47618	3.01668e-06
0.00340992	0.00236625	0.00145361	0.000697858	2	2.97089	2.79717	2.91539	3.34522	4.6233e-05
0.00299534	0.00263642	0.00175328	0.000788971	2	2.51221	2.74005	3.08404	3.48092	1.69287e-06
0.00397356	0.00321411	0.00197769	0.000778792	2	2.39452	2.9427	3.2091	3.39419	1.15457e-05
0.00488643	0.0033386	0.00185197	0.000840061	2	2.9757	2.95964	3.2261	3.53658	1.63257e-05
0.00264129	0.00222033	0.00154679	0.000777644	2	2.18064	2.60773	2.98448	3.43781	3.75458e-06
0.0027548	0.00196434	0.00143885	0.000727639	2	2.02501	2.40113	2.81818	3.31365	0.000213342
0.00231297	0.00204554	0.001622	0.000845085	2	1.91355	2.45817	2.84963	3.51192	1.42555e-05
0.00266362	0.00228334	0.00155914	0.000789178	2	2.11923	2.73864	2.9996	3.42854	2.33052e-06
0.0028837	0.00213517	0.0015076	0.000668578	2	2.06677	2.54551	2.86585	3.2413	4.69046e-06
0.00353669	0.00300349	0.00197409	0.000886213	2	2.68804	2.70982	3.1824	3.59903	5.84463e-05
0.00284729	0.00186257	0.00112572	0.000589282	2	2.46165	2.78971	2.81533	3.15723	3.07124e-07
0.00323234	0.00264544	0.00174217	0.000874409	2	2.58466	2.70084	3.04364	3.59271	3.06097e-06
0.00293248	0.00172671	0.00120302	0.000527518	2	2.38151	2.41257	2.54747	3.07677	0.000155172
0.00225257	0.00152376	0.00123406	0.00077395	2	1.92392	2.26999	2.57658	3.36243	0.000145296
0.00248633	0.00192834	0.00147528	0.000743504	2	1.96968	2.36446	2.78057	3.37286	1.57526e-05
0.00261555	0.00198209	0.00141046	0.000745163	2	2.09511	2.54702	2.82259	3.36808	7.64825e-06
0.00371192	0.0025943	0.00160285	0.000745666	2	2.66792	2.76109	3.04247	3.38257	9.90034e-06
0.00288645	0.0021484	0.00147677	0.000661164	2	2.22545	2.49023	2.83657	3.30402	7.12661e-07
0.00349279	0.00276554	0.00177774	0.000796218	2	2.37487	2.79867	3.06781	3.43328	1.6457e-05
0.00249932	0.00205498	0.00160471	0.000831568	2	2.03991	2.3013	2.85534	3.50881	9.69461e-05
0.00252929	0.00192952	0.0014334	0.000678734	2	1.94153	2.53516	2.80509	3.23188	2.71388e-05
0.00239269	0.00230572	0.00187031	0.00111056	2	1.90264	2.28619	3.03499	3.84985	5.14927e-05
0.00223407	0.00158939	0.00110358	0.000631112	2	2.30333	2.53395	2.66492	3.23407	1.4729e-05
0.00242573	0.00195062	0.00137144	0.000818295	2	2.22721	2.57053	2.87373	3.53983	6.29409e-05
0.00301921	0.00179853	0.00119861	0.000582547	2	2.34071	2.61909	2.64882	3.11417	1.5431e-05
0.00223098	0.00228167	0.00186175	0.00101624	2	1.64914	2.28847	3.01253	3.74882	6.42481e-06
0.00296744	0.00264333	0.00194761	0.00111028	2	2.32332	2.62486	3.09802	3.78166	0.000170981
0.0030151	0.00299391	0.0020199	0.000943399	2	2.33015	2.72275	3.27049	3.63163	9.73585e-06
0.00329227	0.00271911	0.00185265	0.000911293	2	1.8981	2.54373	3.10846	3.57399	3.13192e-07
0.0028763	0.00281561	0.00198384	0.000989391	2	2.18756	2.79063	3.18517	3.68241	4.63204e-06
0.00288608	0.00217337	0.00149131	0.000734771	2	2.05559	2.69145	2.88299	3.33358	2.78498e-05
0.00331068	0.00179168	0.00114563	0.000598164	2	2.36976	2.59267	2.61273	3.17986	7.42693e-06
0.00278977	0.00229742	0.00160293	0.000973588	2	2.30808	2.74785	3.01617	3.65261	0.0001144
0.00291757	0.00219061	0.00148929	0.00087302	2	2.50096	2.64951	2.9317	3.55497	1.20258e-05
0.00308627	0.00255375	0.00177864	0.00101427	2	2.45476	2.55971	3.06867	3.74863	3.33475e-05
0.00435306	0.00323958	0.00196403	0.000888715	2	2.51859	2.85908	3.14244	3.61677	7.61932e-05
0.00307428	0.00225833	0.00162872	0.000852636	2	2.14305	2.56865	2.89215	3.49144	0.000421106
0.00259611	0.00230122	0.00174203	0.000902062	2	2.04552	2.40834	2.97568	3.6316	0.000148134
0.00256838	0.0020902	0.00151279	0.000813128	2	2.2857	2.60968	2.92279	3.44205	1.85631e-05
0.003952	0.00294566	0.00182661	0.000926968	2	2.64203	2.75097	3.1169	3.6728	7.61616e-05
0.00336481	0.00225462	0.00140482	0.000669513	2	2.72028	2.74803	2.83648	3.33001	6.0386e-05
0.00231003	0.00182512	0.0014257	0.00071252	2	1.90776	2.36043	2.7502	3.32261	3.12859e-05
0.00249655	0.00235535	0.00190436	0.00100281	2	1.66652	2.38693	3.05209	3.64929	1.67879e-05
0.00254627	0.00226318	0.00172294	0.00100045	2	1.9293	2.45353	3.02374	3.70718	8.35165e-06
0.00265443	0.00219758	0.00166204	0.000777734	2	2.06197	2.41783	2.89794	3.41057	1.78703e-05
0.00372253	0.00287224	0.00181791	0.000799151	2	2.32552	2.83554	3.0977	3.4302	6.58135e-07
0.0017493	0.00224374	0.00206882	0.00127824	2	1.53954	2.32601	3.1873	3.92128	8.52778e-07
0.00189487	0.00154264	0.0012333	0.000741484	2	1.63374	2.30018	2.70394	3.3776	8.71265e-07
0.00515326	0.00364115	0.00194722	0.000802954	2	2.7048	3.22634	3.28493	3.41334	3.11719e-06
0.00266302	0.00252673	0.00188821	0.00084042	2	1.94227	2.56343	3.11045	3.42498	1.82388e-05
0.00259146	0.00247289	0.00199319	0.00114633	2	1.77629	2.46445	3.11273	3.76103	3.83831e-05
0.00291439	0.00212597	0.00139344	0.000795647	2	2.82842	2.5103	2.88704	3.53521	1.81558e-06
0.0020186	0.0016394	0.00126143	0.000666652	2	2.06027	2.34457	2.66786	3.3311	5.69058e-06
0.00292361	0.00243696	0.0016946	0.0008966	2	2.29054	2.65829	2.9673	3.63421	9.97277e-06
0.00297379	0.00303806	0.00226118	0.00103355	2	2.06995	2.47359	3.19031	3.79111	2.72667e-06
0.00309177	0.00213326	0.00144341	0.000704705	2	2.50055	2.54795	2.86801	3.34388	5.99165e-05
0.0033616	0.00261723	0.00177731	0.000856622	2	2.1574	2.60213	3.05226	3.53179	3.85024e-05
0.0032929	0.00240798	0.00176778	0.000816287	2	2.16038	2.51054	2.98681	3.34861	0.000882038
0.00511843	0.00388408	0.00224496	0.000861445	2	2.45622	3.16173	3.32602	3.47493	0.000133565
0.00240733	0.00208411	0.00159178	0.000801359	2	2.00373	2.3979	2.93093	3.45062	9.11791e-06
0.00327406	0.00238951	0.00152757	0.000655992	2	2.44697	2.60667	2.89571	3.31342	5.63222e-06
0.0055794	0.00323364	0.00181414	0.000789994	2	2.76712	2.78041	3.10268	3.45457	9.16422e-05
0.00376202	0.00236854	0.00131451	0.000544202	2	2.63257	2.78917	2.9384	3.08996	7.43201e-07
0.00331603	0.00256522	0.00167405	0.000785979	2	2.38842	2.69165	2.95713	3.47142	4.97397e-06
0.0038457	0.00305129	0.0018858	0.000781865	2	2.50562	2.8121	3.13783	3.49415	5.88115e-06
0.00375056	0.00254956	0.00160997	0.00079219	2	2.49926	2.88632	3.00474	3.38981	6.74367e-05
0.00238862	0.00209486	0.00168917	0.000963946	2	2.00038	2.22315	2.90185	3.68514	0.000109896
0.00226435	0.00213332	0.00170658	0.000853309	2	1.76241	2.53779	2.9281	3.48875	1.07242e-05
0.00262735	0.00202477	0.0014871	0.000685924	2	1.95049	2.454	2.7955	3.31236	1.49369e-05
0.00261842	0.00212412	0.00159475	0.000848338	2	1.94015	2.5028	2.87694	3.51352	0.00038683
0.0025151	0.00192703	0.00143499	0.000655509	2	1.85281	2.2891	2.79292	3.28677	4.18848e-05
0.00258054	0.00207055	0.00148531	0.000735624	2	2.47472	2.55061	2.89134	3.37991	8.465e-06
0.00157682	0.00139754	0.0012447	0.000804651	2	1.65545	1.97231	2.62994	3.54706	9.92802e-07
0.00247066	0.00164635	0.00117124	0.000610561	2	2.31578	2.45966	2.65857	3.18111	3.30839e-05
0.00293697	0.00207777	0.00157294	0.000772521	2	2.06486	2.5056	2.85646	3.32022	0.000407714
0.00318398	0.00228442	0.00148304	0.00071795	2	2.39876	2.56158	2.89012	3.43782	1.52391e-05
0.00220599	0.00200528	0.00165956	0.00106036	2	2.28441	2.27933	2.96087	3.74521	3.2532e-05
0.00204234	0.00198517	0.00170271	0.00107052	2	1.82812	2.33986	2.88577	3.78358	6.37602e-05
0.00236016	0.00183731	0.0013881	0.000731768	2	1.9998	2.37583	2.77178	3.35295	3.15383e-05
0.00209089	0.00214654	0.00173557	0.000979746	2	1.69817	2.31138	2.95631	3.76103	3.22695e-06
0.00257891	0.00226948	0.00176735	0.00103763	2	2.15202	2.38836	3.00909	3.68902	0.000543021
0.00213258	0.00196083	0.00166274	0.000909664	2	1.81277	2.28877	2.87455	3.54693	5.22164e-05
0.00218689	0.00196905	0.00165296	0.000912445	2	1.89504	2.2386	2.83735	3.6125	2.35268e-06
0.00218807	0.00200813	0.00151226	0.000754673	2	1.87663	2.48074	2.95412	3.32957	9.90346e-07
0.00251284	0.00205327	0.0015014	0.000887342	2	2.34546	2.57994	2.89837	3.56421	8.71267e-05
0.00399065	0.00284479	0.00175739	0.00080586	2	2.6482	2.87168	3.08458	3.40413	0.000406057
0.00234644	0.00173765	0.00139016	0.000817099	2	1.90699	2.18318	2.6959	3.53327	0.000197952
0.0035011	0.00268054	0.00177217	0.000927131	2	2.55204	2.68112	3.08901	3.5848	3.08181e-05
0.00432501	0.00264044	0.00155386	0.000681935	2	3.05212	2.97778	2.99245	3.23282	0.000391243
0.00270482	0.00188492	0.00132484	0.000651146	2	2.23416	2.55467	2.71369	3.25109	1.52568e-05
0.00328491	0.002239	0.00143726	0.000685143	2	2.47288	2.74255	2.88843	3.2782	0.000366316
0.00179826	0.00178329	0.00168392	0.00105294	2	1.64946	2.10866	2.88002	3.69315	5.53848e-05
0.00202669	0.0019094	0.00155335	0.000807254	2	1.68201	2.31271	2.87285	3.47432	1.23395e-06
0.00519127	0.00453801	0.00251191	0.00112962	2	2.54834	3.17086	3.58829	3.83356	1.01181e-05
0.00193779	0.00159673	0.00126162	0.00064961	2	1.95881	2.30275	2.6798	3.27777	2.16738e-06
0.00268126	0.00225288	0.00157112	0.0007748	2	2.39529	2.61451	2.99193	3.40221	4.5153e-06
0.00254989	0.00271241	0.00211303	0.00107189	2	1.74991	2.65871	3.14794	3.75524	3.31499e-05
0.00208	0.00184903	0.00159161	0.00090913	2	1.77598	2.26015	2.81058	3.5445	0.000199885
0.00284381	0.00194708	0.00143562	0.000775323	2	2.18334	2.28401	2.76087	3.42418	0.000116805
0.00318553	0.00263739	0.00174038	0.000839347	2	2.16184	2.8231	3.08369	3.50736	2.15248e-05
0.00313779	0.00229018	0.00153408	0.000687308	2	2.34714	2.59666	2.90507	3.33115	4.42079e-06
0.00307504	0.00272644	0.00193678	0.000996968	2	2.31587	2.74076	3.14931	3.62641	6.08521e-05
0.00393309	0.00231874	0.00145943	0.000576547	2	2.44795	2.56072	2.83587	3.10051	0.000207222
0.00190209	0.00211536	0.00194348	0.00123134	2	1.8669	2.16078	3.00651	3.92486	9.23077e-05
0.0031374	0.00279778	0.00189463	0.0010286	2	2.36711	2.6956	3.20102	3.75851	4.90825e-06
0.00316871	0.00271694	0.00175311	0.000919883	2	2.36893	2.77553	3.12324	3.65804	1.81268e-06
0.00446166	0.00357772	0.00217032	0.00105972	2	3.00914	2.77381	3.32553	3.79285	6.23033e-06
0.00402756	0.0031057	0.00182555	0.000817913	2	2.42175	2.9442	3.17229	3.48115	2.03093e-07
0.0034221	0.00301785	0.0020741	0.00104052	2	2.38906	2.79489	3.16424	3.72943	4.55818e-05
0.0031823	0.00246034	0.00176191	0.000945021	2	2.38978	2.36944	3.01601	3.6253	0.000242367
0.00341607	0.00240944	0.0015336	0.000747165	2	2.53056	2.67951	2.93674	3.42855	6.09085e-05
0.0019151	0.00164445	0.00144511	0.00082788	2	1.69922	2.03644	2.70666	3.5141	4.25839e-06
0.00238097	0.00168692	0.00125241	0.000648023	2	1.91607	2.29734	2.67934	3.25012	5.71785e-06
0.00189641	0.00188701	0.00167845	0.00112421	2	1.72558	2.20133	2.93392	3.80677	1.61868e-05
0.00253691	0.00212825	0.00166982	0.000918456	2	1.81511	2.28842	2.85648	3.63706	1.14592e-05
0.00264893	0.00242895	0.00175708	0.000841609	2	1.90408	2.55003	3.00721	3.53945	8.69078e-06
0.0032482	0.00213762	0.00149952	0.000813542	2	2.42518	2.47852	2.798	3.45914	4.81323e-05
0.00163384	0.00165949	0.00146376	0.000940787	2	1.68701	2.31869	2.82742	3.6462	1.39015e-06
0.00320046	0.00221233	0.00149508	0.000689956	2	2.37065	2.47328	2.84875	3.3294	1.62364e-05
0.00210285	0.00178308	0.00161746	0.00113304	2	1.95121	1.98949	2.77556	3.86906	5.72473e-06
0.00233498	0.00232904	0.00177091	0.00102391	2	1.70154	2.41571	2.98825	3.81583	3.0222e-07
0.00322238	0.00272706	0.00196521	0.00101979	2	2.24903	2.54529	3.08791	3.71171	6.03877e-05
0.00255846	0.00225162	0.00179976	0.00101217	2	2.10097	2.28126	2.96903	3.69564	0.000116228
0.0022214	0.0017764	0.00146118	0.00081643	2	1.96847	2.10156	2.7419	3.50854	1.26957e-05
0.00478698	0.00309011	0.00174165	0.000679398	2	2.55747	2.97277	3.07536	3.29287	0.000453845
0.00293873	0.00260087	0.00198871	0.00100223	2	2.24596	2.37604	3.05217	3.71832	3.10652e-05
0.00274601	0.00217505	0.00160454	0.0007682	2	1.99586	2.43477	2.9205	3.37091	2.96416e-05
0.00349091	0.00286003	0.00196767	0.000863442	2	2.11547	2.66327	3.08153	3.50639	8.58309e-06
0.00268726	0.00201458	0.0014552	0.000740672	2	2.32897	2.37182	2.80673	3.44794	4.08247e-05
0.00269465	0.00214063	0.00155126	0.000899308	2	2.38969	2.49893	2.91121	3.59265	0.000169211
0.00478451	0.00394405	0.00229183	0.000845289	2	2.55107	3.01733	3.35303	3.53366	7.20347e-06
0.00334315	0.00276945	0.00185276	0.000772178	2	2.17722	2.59161	3.08378	3.44075	2.83555e-06
0.00312977	0.00245188	0.00162179	0.000823537	2	2.32792	2.64077	2.97372	3.55224	1.5011e-06
0.00251778	0.00163053	0.00130253	0.000673546	2	2.13095	2.12878	2.60814	3.25514	0.000493989
0.00290734	0.00252548	0.0017766	0.000856804	2	1.91325	2.65941	3.05062	3.50952	2.78615e-05
0.00365185	0.00272029	0.00174854	0.000826837	2	2.23088	2.64795	3.08692	3.52243	1.01458e-05
0.00617297	0.00455808	0.00239256	0.000873864	2	2.9488	3.25917	3.43468	3.55801	1.6631e-05
0.00288393	0.00210674	0.00151478	0.000763226	2	2.01341	2.49386	2.80474	3.38926	5.38722e-05
0.00413147	0.0034504	0.00213438	0.000869803	2	2.59003	2.82718	3.28869	3.54974	0.000150491
0.0023858	0.00243487	0.00198195	0.00110701	2	1.99684	2.36228	3.11474	3.79576	6.69915e-05
0.00229845	0.00217966	0.0017092	0.000840182	2	1.86337	2.45725	2.97139	3.47058	5.36912e-06
0.00346792	0.00288229	0.00214846	0.0013916	2	2.43852	2.39652	3.17085	4.11864	0.000259041
0.00448195	0.00328822	0.00207837	0.000840728	2	2.2638	2.80329	3.24162	3.42985	3.04538e-05
0.00160269	0.00162472	0.00155403	0.00103467	2	1.51229	1.99463	2.79137	3.76298	6.46951e-06

