  0.2815E-02  0.2284E-02  0.1886E-02  0.1069E-02  0.3000E+01  0.2692E+01  0.3043E+01  0.2914E+01  0.3770E+01  0.1066E-03
  0.4549E-02  0.3895E-02  0.2634E-02  0.1315E-02  0.3000E+01  0.2675E+01  0.2836E+01  0.3618E+01  0.4223E+01  0.3249E-04
  0.4740E-02  0.4123E-02  0.2793E-02  0.1297E-02  0.3000E+01  0.3390E+01  0.3202E+01  0.3728E+01  0.3871E+01  0.3394E-04
  0.6430E-02  0.4600E-02  0.2722E-02  0.1237E-02  0.3000E+01  0.3009E+01  0.3464E+01  0.3651E+01  0.3883E+01  0.8903E-04
  0.3427E-02  0.2758E-02  0.2313E-02  0.1339E-02  0.3000E+01  0.2759E+01  0.2975E+01  0.3185E+01  0.3998E+01  0.1517E-03
  0.5393E-02  0.4576E-02  0.3823E-02  0.2155E-02  0.3000E+01  0.3659E+01  0.3799E+01  0.3998E+01  0.4925E+01  0.8894E-04
  0.5789E-02  0.4014E-02  0.2662E-02  0.1278E-02  0.3000E+01  0.3269E+01  0.3693E+01  0.3607E+01  0.3923E+01  0.2679E-04
  0.9467E-02  0.7020E-02  0.4366E-02  0.1950E-02  0.3000E+01  0.3926E+01  0.4463E+01  0.4607E+01  0.4731E+01  0.6368E-04
  0.5590E-02  0.4175E-02  0.2588E-02  0.1123E-02  0.3000E+01  0.3280E+01  0.3517E+01  0.3565E+01  0.3656E+01  0.4721E-04
  0.3391E-02  0.3174E-02  0.2467E-02  0.1325E-02  0.3000E+01  0.3258E+01  0.2778E+01  0.3274E+01  0.4148E+01  0.4364E-04
  0.3539E-02  0.2967E-02  0.2390E-02  0.1350E-02  0.3000E+01  0.2958E+01  0.3062E+01  0.3393E+01  0.3921E+01  0.4301E-04
