  0.4485E-02  0.3302E-02  0.2541E-02  0.1373E-02  0.4000E+01  0.3188E+01  0.3663E+01  0.3498E+01  0.4179E+01  0.2209E-03
  0.5475E-02  0.4865E-02  0.3464E-02  0.1674E-02  0.4000E+01  0.3574E+01  0.3476E+01  0.4026E+01  0.4655E+01  0.1251E-04
  0.5687E-02  0.5420E-02  0.4035E-02  0.1980E-02  0.4000E+01  0.4921E+01  0.4265E+01  0.4358E+01  0.4790E+01  0.1703E-04
  0.9250E-02  0.7150E-02  0.4713E-02  0.2239E-02  0.4000E+01  0.4375E+01  0.4244E+01  0.4740E+01  0.5177E+01  0.1233E-03
  0.4691E-02  0.3854E-02  0.2828E-02  0.1674E-02  0.4000E+01  0.3679E+01  0.3530E+01  0.3685E+01  0.4468E+01  0.1660E-03
  0.7558E-02  0.6628E-02  0.5346E-02  0.3106E-02  0.4000E+01  0.4788E+01  0.5152E+01  0.5180E+01  0.6188E+01  0.4460E-03
  0.9047E-02  0.6879E-02  0.5204E-02  0.2793E-02  0.4000E+01  0.4231E+01  0.4684E+01  0.4783E+01  0.5770E+01  0.1141E-03
  0.1605E-01  0.8339E-02  0.5734E-02  0.3369E-02  0.4000E+01  0.9243E+01  0.5896E+01  0.5522E+01  0.6413E+01  0.2285E-03
  0.7568E-02  0.6121E-02  0.4395E-02  0.2214E-02  0.4000E+01  0.4096E+01  0.4440E+01  0.4570E+01  0.4857E+01  0.4478E-03
  0.4049E-02  0.3984E-02  0.3209E-02  0.1783E-02  0.4000E+01  0.3667E+01  0.3804E+01  0.3565E+01  0.4732E+01  0.6787E-04
  0.5106E-02  0.4389E-02  0.2999E-02  0.1537E-02  0.4000E+01  0.3642E+01  0.3494E+01  0.3747E+01  0.4347E+01  0.2742E-04
