0	bld-00	IDR	PFA	PFV	residual
0.004485	0.003302	0.002541	0.001373	4	3.188	3.663	3.498	4.179	0.0002209
0.005475	0.004865	0.003464	0.001674	4	3.574	3.476	4.026	4.655	1.251e-05
0.005687	0.00542	0.004035	0.00198	4	4.921	4.265	4.358	4.79	1.703e-05
0.00925	0.00715	0.004713	0.002239	4	4.375	4.244	4.74	5.177	0.0001233
0.004691	0.003854	0.002828	0.001674	4	3.679	3.53	3.685	4.468	0.000166
0.007558	0.006628	0.005346	0.003106	4	4.788	5.152	5.18	6.188	0.000446
0.009047	0.006879	0.005204	0.002793	4	4.231	4.684	4.783	5.77	0.0001141
0.01605	0.008339	0.005734	0.003369	4	9.243	5.896	5.522	6.413	0.0002285
0.007568	0.006121	0.004395	0.002214	4	4.096	4.44	4.57	4.857	0.0004478
0.004049	0.003984	0.003209	0.001783	4	3.667	3.804	3.565	4.732	6.787e-05
0.005106	0.004389	0.002999	0.001537	4	3.642	3.494	3.747	4.347	2.742e-05
0.00437958	0.00502211	0.00373115	0.00169142	4	3.11903	3.52488	3.9076	4.36052	1.81163e-05
0.00575023	0.00419367	0.00273222	0.00140033	4	3.02781	3.08604	3.68009	4.15111	6.81094e-05
0.0095517	0.00791733	0.00595427	0.00321614	4	4.98202	4.89255	5.17404	6.15583	4.63882e-05
0.0137629	0.0082297	0.00602942	0.00325087	4	7.15641	5.60167	5.55439	6.37979	9.83677e-05
0.00420218	0.00467469	0.00378143	0.00192317	4	2.87764	3.81694	3.88048	4.81941	6.66798e-05
0.00607731	0.00508407	0.00370732	0.0019101	4	4.08635	4.01536	4.24527	4.90162	3.90182e-05
0.006907	0.00605826	0.00448472	0.00237259	4	4.77038	4.49756	4.65768	5.33567	7.43173e-05
0.00762905	0.00516543	0.00373808	0.00198594	4	5.03947	4.19901	4.03682	4.89793	2.86378e-05
0.0043157	0.00447385	0.00357026	0.00172707	4	2.82557	3.65594	3.67924	4.5258	4.57528e-05
0.00561809	0.00381578	0.00300007	0.0019055	4	4.76137	4.2198	3.66522	4.92122	0.00047792
0.00522459	0.00586182	0.00487807	0.00261591	4	4.50253	4.55508	4.64994	5.69717	4.30395e-05
0.0044465	0.00440483	0.00336906	0.00165085	4	2.5466	3.52862	3.93311	4.43902	0.000126608
0.0045181	0.00350051	0.00260204	0.00144002	4	3.38021	3.56664	3.65412	4.37449	5.70306e-05
0.00607959	0.0043613	0.0031192	0.00159716	4	4.44996	3.97647	3.94732	4.3595	5.73414e-05
0.00844373	0.00678049	0.0045486	0.00198032	4	3.59372	4.02845	4.74358	4.87677	7.96569e-05
0.00788504	0.00667111	0.00469491	0.0023822	4	4.8319	4.37035	4.76562	5.1682	6.63582e-05
0.00547035	0.00440249	0.00319241	0.00180718	4	3.9801	3.68935	3.74423	4.83065	4.28468e-05
0.00528586	0.00476583	0.00372345	0.00212848	4	4.35411	4.18734	4.07831	5.14014	9.71224e-05
0.010304	0.00634341	0.00454261	0.00248359	4	6.19171	5.27944	4.88176	5.23152	0.000643145
0.00445956	0.00427728	0.00311603	0.00160833	4	2.75021	3.4152	3.81292	4.26856	0.000156857
0.00342755	0.00391354	0.0031967	0.00186473	4	3.50089	3.8489	3.64746	4.73275	0.000153647
0.00957178	0.00852652	0.00611701	0.00291186	4	4.27445	4.53248	5.13044	5.86481	2.78143e-05
0.00306635	0.00359578	0.002933	0.00146465	4	3.00595	3.2733	3.41212	4.19339	4.04982e-06
0.00703541	0.00500107	0.00355713	0.00201598	4	5.21245	4.31123	4.13875	4.81857	0.000279801
0.00706974	0.00603427	0.00451383	0.00228339	4	4.72866	4.45994	4.5427	5.21186	6.94836e-05
0.00598758	0.00491271	0.00328443	0.00146462	4	3.6551	3.74434	4.01439	4.19267	0.000110126
0.00827639	0.00562284	0.00422161	0.0023382	4	6.35202	5.14079	4.62282	5.30236	0.000230744
0.00553223	0.00454576	0.00380495	0.00220272	4	3.39468	4.52511	4.28325	5.2225	0.00200624
0.00487942	0.00439436	0.00302412	0.00152591	4	3.37924	3.37616	3.77206	4.25988	0.000105464
0.0106828	0.00692711	0.00484851	0.00255764	4	5.40924	4.68804	4.82077	5.52236	0.0003485
0.0104872	0.00629808	0.00431742	0.00250229	4	6.22432	4.85983	4.88968	5.25804	0.00114618
0.00480123	0.00432947	0.00345628	0.00180796	4	3.63137	3.92637	3.9367	4.7205	4.75148e-05
0.00730262	0.00595418	0.00431412	0.00217921	4	4.04956	3.99152	4.36775	5.29752	2.64917e-05
0.0107514	0.00676345	0.00498445	0.00280915	4	5.04765	5.37079	4.92598	5.65459	0.00156361
0.00435962	0.00325785	0.00239399	0.00133062	4	3.15288	3.34525	3.24956	4.08806	7.04839e-05
0.00883047	0.00591793	0.00483546	0.00286878	4	4.83432	5.22951	4.85261	5.84954	0.00107909
0.00893886	0.00747244	0.00564606	0.00320162	4	6.01335	5.32365	5.12031	5.97272	0.000413802
0.00499507	0.00482264	0.00352744	0.00174662	4	3.06882	3.65482	4.07839	4.60048	8.56509e-05
0.00476013	0.00482036	0.00359967	0.00180477	4	2.61358	3.56888	4.15266	4.63239	0.000100591
0.00917358	0.00644913	0.00455324	0.00239278	4	4.26732	4.53874	4.76276	5.13466	0.000524899
0.00852929	0.00606555	0.00445368	0.0024957	4	8.50643	5.17063	4.70523	5.43762	3.31052e-05
0.00792055	0.00641692	0.00450055	0.00223347	4	5.68781	4.68207	4.61219	4.95644	5.94259e-05
0.00703483	0.00611675	0.00475343	0.00281385	4	5.05021	4.82305	4.75769	5.58372	0.000247511
0.00843403	0.00521538	0.00368935	0.0020336	4	5.08472	4.39975	4.4512	4.99116	0.000219448
0.00589387	0.00512185	0.00358934	0.00180579	4	3.13271	3.57729	4.09209	4.53895	0.000158463
0.0101793	0.00741147	0.00549801	0.00279892	4	4.00804	4.9505	5.17515	5.70624	0.000436487
0.00628759	0.0049415	0.00360672	0.00212766	4	4.65674	4.12452	4.17612	5.10122	0.000111416
0.0107908	0.00889313	0.00627655	0.00332103	4	7.27788	5.48963	5.54394	6.08971	9.51114e-05
0.00273638	0.00284627	0.00221811	0.00125474	4	2.88985	2.97022	2.94919	3.80612	3.64144e-05
0.00563194	0.00501084	0.00359948	0.0018354	4	3.32749	3.78333	4.02098	4.68947	9.22605e-05
0.00609325	0.00583453	0.00422511	0.0020757	4	2.83535	3.80555	4.19035	4.79502	0.000189914
0.0101486	0.00825875	0.00566825	0.00266627	4	4.63081	4.48914	5.00006	5.69075	3.28581e-05
0.00762591	0.00648432	0.00479736	0.00267049	4	5.49088	4.62027	4.53289	5.64276	2.19398e-05
0.00359041	0.00310337	0.00249484	0.00154649	4	4.2225	3.63625	3.29679	4.41809	2.96564e-05
0.014115	0.00865007	0.00625821	0.00343953	4	7.9803	6.21242	5.69147	6.43262	0.000412581
0.0106391	0.00786826	0.00565934	0.00288487	4	5.03237	4.8387	5.30685	5.92519	7.24059e-05
0.0113445	0.00679317	0.00476573	0.00287171	4	6.01512	4.9776	4.92576	5.81743	0.000558687
0.00720321	0.00516826	0.00397959	0.00251446	4	5.16224	4.56261	4.37976	5.49689	0.000261122
0.00582492	0.00480756	0.00349292	0.00193298	4	4.06119	3.93036	4.1072	4.94582	4.65493e-05
0.0108076	0.00813855	0.00609932	0.00337758	4	5.82856	5.53164	5.8527	6.41939	0.00028098
0.00719077	0.00472906	0.00330542	0.00177113	4	5.66247	4.18264	3.93517	4.70622	2.66926e-05
0.0096777	0.00704217	0.00520661	0.00286707	4	4.89712	4.90921	5.42999	5.98992	0.000162832
0.00543937	0.00470205	0.00321043	0.00148351	4	3.77447	3.69333	3.83509	4.2649	4.39178e-05
0.0047367	0.00433424	0.00334393	0.00185988	4	3.32154	3.79188	3.80924	4.79263	0.000152759
0.0101476	0.00707545	0.00524573	0.00292602	4	4.67448	4.98663	5.11109	6.06558	0.000555307
0.00755814	0.00530306	0.00392573	0.00242599	4	5.35109	4.48233	4.489	5.54257	0.000154109
0.0190612	0.0104447	0.00701356	0.00396967	4	6.97418	6.23268	5.8454	6.42466	0.00450649
0.0151254	0.00874293	0.00600107	0.00326555	4	7.20538	5.78128	5.51205	6.03672	0.00049099
0.0131067	0.00768872	0.00585553	0.00344451	4	6.94538	6.02146	5.4239	6.39524	0.000530434
0.00501852	0.00432226	0.00342985	0.00206597	4	3.74525	4.05209	3.97193	4.98871	0.000489135
0.00695216	0.00518583	0.00361132	0.0016509	4	4.52727	4.19188	4.33976	4.60095	1.8583e-05
0.00849674	0.00732319	0.00541884	0.00251759	4	5.2194	5.0961	5.10748	5.19492	8.48427e-05
0.00875705	0.00534394	0.00389834	0.00230242	4	5.87011	4.60023	4.30928	5.44175	0.000155397
0.00185498	0.00267881	0.00207492	0.00108257	4	2.02284	2.53773	2.85311	3.64368	1.61867e-05
0.00623488	0.00457918	0.00315445	0.00155318	4	3.50904	3.57382	3.70569	4.39118	5.56747e-05
0.00621237	0.00508709	0.00310198	0.00135557	4	4.33242	3.21837	3.74832	4.0001	3.7078e-06
0.00383406	0.00307087	0.00245462	0.00134308	4	3.36994	3.66075	3.40163	4.16701	6.43695e-05
0.007413	0.00524633	0.00369626	0.00202806	4	5.44926	4.21685	4.1702	4.98345	4.06573e-05
0.00568119	0.00484087	0.0036777	0.00198566	4	4.32113	4.01008	4.11648	5.07111	2.95599e-05
0.0076129	0.00568754	0.0044057	0.00261686	4	6.24427	4.90628	4.51307	5.70824	8.67824e-05
0.00954306	0.00956149	0.00684426	0.00320189	4	4.6702	4.76424	5.70399	6.12587	1.43007e-05
0.00341296	0.00365306	0.00284561	0.00143864	4	2.89049	3.17791	3.49678	4.31674	1.78839e-05
0.00485675	0.00457157	0.00343061	0.00183482	4	4.48107	3.89825	3.92354	4.63617	3.00281e-05
0.00741407	0.00602165	0.00455271	0.00261155	4	5.20457	4.49576	4.46908	5.64923	6.41184e-05
0.00867516	0.00616125	0.00448657	0.00262598	4	5.25667	4.75807	4.63639	5.65914	0.000428141
0.0173939	0.0103793	0.00698007	0.00373889	4	8.07723	6.08613	6.16625	6.61039	0.000374245
0.00541726	0.00416574	0.00334957	0.00209198	4	4.44951	4.21529	3.87916	5.19306	0.000172595
0.0107029	0.00609467	0.00413634	0.00199388	4	4.40103	4.3281	4.45512	4.94911	8.7639e-05
0.0124864	0.0103046	0.00769459	0.00392006	4	5.71712	5.78383	5.70315	6.66064	0.000165135
0.0107758	0.00884663	0.00623156	0.00322078	4	5.96472	5.24116	5.73733	6.09107	7.43748e-05
0.00657976	0.00440597	0.00321467	0.00167735	4	3.55956	3.78211	4.04817	4.65895	6.49439e-05
0.00826861	0.00633793	0.00433278	0.0020843	4	4.61903	4.39098	4.54282	4.84244	0.000159705
0.0104005	0.008269	0.00604587	0.00335857	4	6.02659	5.63997	5.67071	6.15566	0.000989461
0.0163858	0.0122754	0.00903041	0.00457625	4	6.86201	6.52363	6.53727	7.35296	0.000445416
0.0059269	0.0054011	0.00395772	0.00206676	4	4.59854	4.18813	4.29783	4.97377	5.45058e-05
0.00640729	0.00485512	0.00319733	0.00161068	4	5.4161	3.82957	4.00691	4.32257	3.70665e-05
0.00674345	0.00539677	0.00421284	0.00232861	4	5.7617	4.4885	4.23861	5.4346	8.42878e-06
0.00516293	0.00514619	0.00355536	0.00172928	4	3.7651	3.48214	4.02677	4.5985	1.31233e-05
0.004603	0.00438902	0.00321791	0.00169107	4	3.22165	3.61414	3.7349	4.49473	0.000101792
0.0168678	0.0104698	0.00685753	0.00315785	4	6.37696	5.43535	5.97343	5.96157	0.000227109
0.00630011	0.00587087	0.00436043	0.00234468	4	6.30159	4.43592	4.46728	5.55181	7.46192e-06
0.00729251	0.00595072	0.00410208	0.00184168	4	4.25572	3.96928	4.31645	4.76341	1.45971e-05
0.00927314	0.00674474	0.00445916	0.00214171	4	5.50214	4.38063	4.65332	5.14436	4.53623e-05
0.0068939	0.0055411	0.00414937	0.00220097	4	3.85231	4.23116	4.43791	5.22763	0.000122189
0.0102908	0.00589047	0.00447126	0.00279012	4	5.89456	5.67518	4.99424	5.51404	0.00284294
0.00659855	0.00697453	0.00524031	0.00253116	4	3.24494	4.2727	4.78011	5.48048	0.000123393
0.00624158	0.00537914	0.00417975	0.00238161	4	4.46107	4.44759	4.45317	5.50666	0.000170811
0.00578286	0.0052432	0.00371247	0.00184287	4	3.70288	3.74119	4.06219	4.83434	3.6087e-05
0.0140414	0.0109619	0.00805369	0.00419826	4	5.49774	5.69622	6.26138	6.8997	0.000300316
0.00625254	0.00543022	0.00418503	0.00219409	4	4.28574	4.27743	4.40391	5.07535	4.9694e-05
0.0127312	0.00946078	0.00715038	0.00386903	4	5.28073	5.57521	6.05371	6.88044	0.000542229
0.00891344	0.00543949	0.00361588	0.00189907	4	4.37466	4.0727	4.22124	5.0702	0.000179263
0.00393409	0.00353671	0.00275197	0.00144153	4	3.77915	3.78384	3.38536	4.22096	5.13265e-05
0.00665341	0.0054688	0.00427716	0.00247772	4	4.69413	4.32679	4.28985	5.47672	0.000131862
0.00673556	0.00587442	0.00442174	0.00238306	4	4.69681	4.28667	4.43437	5.3823	4.2438e-05
0.00645083	0.00513911	0.00404521	0.00225846	4	4.08786	4.52863	4.46917	5.26039	0.00047019
0.0132844	0.00983569	0.00657097	0.00303108	4	5.70297	5.336	5.67809	5.65415	0.000227747
0.00899216	0.00647634	0.00471413	0.00253836	4	6.17954	5.07207	4.85285	5.50516	0.00020599
0.00606911	0.00483871	0.00371623	0.00208019	4	4.74356	4.26456	3.94838	5.11615	5.60918e-05
0.0099652	0.00704501	0.00451965	0.00228961	4	5.45931	4.52088	4.72041	5.12613	0.000141177
0.00450019	0.00388677	0.00301972	0.00171351	4	3.36728	3.73327	3.60718	4.61131	7.22223e-05
0.00837733	0.00672558	0.00457948	0.00216576	4	4.46397	4.15723	4.61464	5.0454	2.51287e-05
0.00751246	0.00601405	0.00415623	0.00231129	4	4.84554	4.30443	4.36805	5.26909	0.000283767
0.00677818	0.004453	0.00307121	0.00165051	4	3.85875	3.86616	3.81047	4.4032	0.000209272
0.00569954	0.00447918	0.00329545	0.00166974	4	4.06421	3.94251	3.91988	4.59454	7.10997e-05
0.00857021	0.00632235	0.00445448	0.00220685	4	4.68672	4.49344	4.78114	5.18847	0.000152956
0.00764341	0.0060134	0.00445406	0.00237844	4	4.92147	4.40536	4.24466	5.60376	3.01085e-05
0.0064841	0.0049277	0.00338809	0.00184817	4	4.40281	3.85507	4.05855	4.68643	0.000132936
0.00655842	0.00389424	0.00255504	0.00140892	4	4.27233	3.81723	3.57206	4.00899	0.000487323
0.0163597	0.00848229	0.00639828	0.00357935	4	5.46709	6.05855	5.56747	6.4711	0.0027178
0.00521394	0.00403774	0.00293033	0.00148184	4	3.19827	3.62494	3.76871	4.41709	6.87249e-05
0.00483041	0.00355479	0.00266452	0.00147633	4	3.9049	3.64171	3.57548	4.1396	8.10633e-05
0.00943693	0.0057125	0.00425319	0.00287163	4	5.23393	4.76582	4.72916	5.95115	0.00118115
0.0101297	0.00675307	0.0048432	0.00284113	4	4.10444	4.48427	4.99509	5.91089	0.000647337
0.0103928	0.00651478	0.00440528	0.00234814	4	5.43224	4.54901	4.84931	5.35834	9.41844e-05
0.00536177	0.00460668	0.00333607	0.00175928	4	3.55555	3.81608	4.07416	4.61812	0.000140169
0.0078721	0.00502183	0.00367299	0.00205944	4	4.07808	4.03087	4.26914	5.19265	6.93623e-05
0.00434961	0.00456882	0.00321374	0.00151638	4	3.73256	3.29932	3.74961	4.3418	3.04332e-06
0.00552659	0.00566502	0.00383203	0.00172511	4	3.39962	3.64137	4.16866	4.6213	2.46892e-05
0.00622896	0.00494389	0.00382449	0.00217469	4	4.81046	4.42444	4.25917	5.1506	9.96044e-05
0.00727459	0.00581875	0.00441587	0.00233877	4	4.90626	4.54848	4.66262	5.35988	6.77498e-05
0.00834262	0.00615607	0.00428383	0.00225611	4	5.09944	4.342	4.73411	5.2126	5.22719e-05
0.00580938	0.00517991	0.00383744	0.00199153	4	3.16382	3.8873	4.00198	4.9173	0.000151574
0.00708832	0.00649211	0.00516222	0.00299813	4	5.64549	5.04751	4.96916	5.84821	0.000176225
0.00781759	0.00656814	0.00417273	0.00194138	4	3.93158	3.66052	4.39241	4.81728	2.47534e-05
0.00804371	0.00628761	0.00473116	0.00264641	4	7.69552	5.22591	4.73637	5.62902	4.7039e-05
0.00495154	0.00457816	0.0034993	0.00190763	4	3.53006	3.98676	4.01953	4.84973	0.000119461
0.0100801	0.00720707	0.0048259	0.00238235	4	6.31283	4.59383	4.91267	5.21594	4.64716e-05
0.0112783	0.00754254	0.00561055	0.00310674	4	4.87118	5.23209	4.92897	5.9562	0.000359661
0.00342074	0.00294121	0.00209327	0.00111773	4	3.65772	3.12821	3.22269	3.63605	4.71412e-05
0.00958261	0.00578696	0.00408187	0.00216589	4	5.09208	4.65808	4.5721	5.31203	0.000360113
0.00683847	0.00631534	0.00458961	0.00222177	4	4.25132	4.03093	4.51384	5.28992	1.17775e-05
0.0114881	0.00776245	0.00536589	0.00269249	4	5.02522	4.73679	4.91679	5.70994	0.000104896
0.0114892	0.00805406	0.00563355	0.00297501	4	6.29154	5.01759	5.35763	5.90132	5.33287e-05
0.00895837	0.00547577	0.00422028	0.002639	4	6.93994	5.06878	4.53539	5.83959	9.29767e-05
0.00785603	0.00564997	0.00393893	0.00214146	4	4.16726	4.19084	4.4318	5.11793	0.00029096
0.00891167	0.00669394	0.00415048	0.00204336	4	4.05167	3.68599	4.45646	4.8629	4.69979e-05
0.00748784	0.00572354	0.00417914	0.00214053	4	4.58181	4.33039	4.26697	5.11509	0.000111717
0.0078591	0.00531884	0.00382322	0.00214109	4	4.0505	4.1651	4.31655	5.09159	0.000499141
0.00505975	0.00432337	0.00299632	0.00162354	4	3.92174	3.64939	3.84694	4.44959	8.90279e-05
0.00437429	0.00391718	0.00309182	0.00174046	4	2.79797	3.45663	3.6467	4.80706	6.68489e-05
0.00406557	0.00486343	0.00375866	0.00174149	4	2.92983	3.53456	4.07582	4.53237	1.83461e-05
0.00774731	0.00517565	0.00360175	0.00204997	4	4.87971	4.46842	4.49755	4.78223	0.000487122
0.00534349	0.00417804	0.00292458	0.00157567	4	3.72171	3.58859	3.77981	4.40372	0.000108246
0.0080002	0.007116	0.00485892	0.00224274	4	5.41328	4.33516	4.82691	5.11388	1.08909e-05
0.00646702	0.00516461	0.00437341	0.00266781	4	4.22724	4.77045	4.4636	5.63471	0.000731363
0.00451346	0.00409881	0.00286513	0.00138155	4	3.89244	3.38389	3.7731	4.17247	1.30803e-05
0.00962136	0.00697986	0.00506274	0.00284456	4	7.00475	5.39158	5.09079	5.75181	0.000310315
0.00750127	0.00618947	0.00451199	0.00234841	4	5.71607	4.81096	4.93606	5.31516	7.17471e-05
0.0100597	0.00733791	0.00510953	0.00245077	4	5.67101	5.00286	5.17012	5.39722	8.77395e-05
0.0140215	0.00891777	0.00647841	0.00348612	4	6.09225	5.80051	5.51681	6.40845	0.00102242
0.00947649	0.00723809	0.00517307	0.00285698	4	4.97886	4.80476	4.90485	5.81416	0.000521267
0.00605295	0.00605342	0.00477152	0.00281147	4	4.82617	4.50018	4.73811	5.78537	4.67458e-05
0.00981536	0.00733117	0.00486664	0.00235819	4	4.40332	4.04815	4.72529	5.38146	2.00613e-05
0.00365838	0.00342371	0.00250221	0.00127999	4	3.2258	3.27894	3.54332	4.04319	3.1352e-05
0.00555726	0.00454194	0.00326092	0.00155466	4	3.63737	3.6502	3.94329	4.39019	4.36934e-05
0.00588166	0.00495699	0.00366401	0.00211071	4	4.64978	4.17154	4.05967	5.05923	9.89606e-05
0.00701948	0.00477845	0.00333818	0.00179713	4	5.95505	4.07019	4.10959	4.70867	2.58881e-05
0.00859164	0.00642405	0.00456691	0.00254042	4	5.17333	4.89351	4.90444	5.49057	0.000502278
0.00572696	0.00400114	0.00326632	0.00199647	4	5.14751	4.50269	3.98128	5.18437	9.66919e-05
0.00578882	0.00535031	0.00392116	0.00193972	4	3.62896	3.86666	4.18521	4.69437	4.81814e-05
0.00448612	0.00446189	0.00318052	0.00149426	4	2.65926	3.23918	3.72825	4.26051	5.85946e-05
0.00455297	0.00501035	0.00428763	0.00245239	4	3.80546	4.58861	4.54369	5.4419	0.000289568
0.0149137	0.00727935	0.00493327	0.00308215	4	7.29567	5.36776	5.2553	6.0449	0.000992732
0.00755691	0.00600978	0.00463235	0.00247915	4	4.54731	4.82837	4.82454	5.48588	0.000310667
0.00691594	0.00590162	0.00425286	0.00211847	4	4.57934	4.20035	4.42582	5.10241	4.78951e-05
0.0107279	0.0083227	0.00591361	0.0028321	4	5.22141	4.90531	5.24965	5.88923	5.94696e-05
0.00478137	0.00438781	0.00325642	0.00174046	4	3.74851	3.78052	3.97968	4.62231	0.000130262
0.00964755	0.0068402	0.00537921	0.00293588	4	6.0236	5.10976	4.94952	6.14288	2.0562e-05
0.0117803	0.00887189	0.00624067	0.00322121	4	6.04553	5.10015	5.33411	6.40074	2.8617e-05
0.00575427	0.00503365	0.00374239	0.00191371	4	2.96334	3.98503	4.01139	4.63798	0.000348484
0.00795574	0.00602075	0.00416813	0.00218336	4	4.19855	4.24496	4.512	5.18582	8.63628e-05
0.00725261	0.00576754	0.00437767	0.00250252	4	5.24388	4.54639	4.72294	5.60875	5.44611e-05
0.00416009	0.00348897	0.00269083	0.00160323	4	3.02195	3.32199	3.47648	4.618	0.000127863
0.00588789	0.00455142	0.00305109	0.00140403	4	3.53486	3.42192	3.68027	4.19566	1.41152e-05
0.00832476	0.00630926	0.00473464	0.00275717	4	6.18162	4.97784	4.79283	5.89842	0.000162717
0.00850839	0.00690789	0.00572965	0.00316673	4	6.79214	5.81367	5.14154	6.14169	0.000127318
0.00345892	0.00391638	0.00303336	0.00160993	4	3.69006	3.4473	3.53946	4.31786	1.38665e-05
0.00363776	0.00318372	0.00245372	0.00131558	4	2.90544	3.36308	3.44085	3.98906	0.000116005
0.00565582	0.00378102	0.00255087	0.001302	4	3.33903	3.37163	3.52416	3.96821	6.95229e-05
0.00824968	0.00546023	0.00387351	0.00226382	4	5.02978	4.44228	4.33161	5.32075	0.000285286
0.0138645	0.0105011	0.00766771	0.00394003	4	6.32298	5.76404	5.95789	6.74859	0.000153201
0.00808026	0.00506374	0.00379035	0.00224528	4	4.82655	4.58789	4.29619	5.41211	0.000319472
0.0130486	0.0090616	0.00631804	0.0032345	4	5.18308	5.09307	5.62566	6.17727	0.000146267
0.00687736	0.00571119	0.00456141	0.00251254	4	5.06155	4.63668	4.75462	5.88331	2.21693e-05
0.00780156	0.0065034	0.00514581	0.00258205	4	4.0958	5.00708	4.84368	5.55308	0.000179518
0.0116336	0.00814387	0.00523618	0.00253655	4	4.81802	4.56395	5.30064	5.49968	0.00016164
0.0113653	0.00692797	0.00465635	0.00245965	4	5.95044	4.83568	4.87828	5.407	0.000167786
0.00761797	0.00557081	0.00390917	0.00192822	4	4.14668	4.05336	4.30338	4.87637	5.53313e-05
0.00837755	0.0063914	0.00444092	0.00240961	4	5.84806	4.65155	4.5997	5.16514	9.99722e-05
0.00730209	0.00510395	0.00401136	0.00230093	4	5.70187	4.98637	4.3314	5.14286	0.000462313
0.00371365	0.00346778	0.00246466	0.00126442	4	2.75098	3.00255	3.23709	3.99366	2.87287e-05
0.015562	0.00810782	0.0057231	0.00320811	4	6.70503	5.51758	5.52717	6.37102	0.000419561
0.00420772	0.00381786	0.00268418	0.00139918	4	3.49469	3.27158	3.48136	4.09331	2.19642e-05
0.00362345	0.00379228	0.00306229	0.0017305	4	3.72641	3.64974	3.63451	4.71209	2.74141e-05
0.00698687	0.00405916	0.00276416	0.00161724	4	5.64898	3.966	3.71109	4.3757	0.000103813
0.00346458	0.00354143	0.00257982	0.00133947	4	3.09089	3.08376	3.55413	4.14442	1.29366e-05
0.00870601	0.00560273	0.00394363	0.0020561	4	4.83556	4.32733	4.37297	5.12969	6.17028e-05
0.00368775	0.00386321	0.00281133	0.00128587	4	2.83368	3.09432	3.40324	3.95335	4.15078e-06
0.00625945	0.00489391	0.00394251	0.00219684	4	4.58869	4.48045	4.11422	5.38181	0.000181237
0.0058253	0.00487067	0.00379687	0.002065	4	4.51178	4.25847	4.13645	4.98886	7.6499e-05
0.00815812	0.00625121	0.00422838	0.00218187	4	3.60111	3.87575	4.49454	5.37341	0.000132333
0.00641042	0.0053734	0.00425413	0.00235215	4	3.96693	4.23906	4.22587	5.35802	7.37498e-05
0.00529112	0.00474205	0.00353529	0.00182292	4	4.13104	4.1226	4.21376	4.68317	0.000189619
0.00463708	0.00406048	0.00317309	0.00169976	4	3.72669	3.98171	3.73865	4.56133	6.40392e-05
0.00536734	0.00499727	0.00391844	0.00205882	4	4.09502	4.32108	4.21818	5.04324	9.6417e-05
0.00515523	0.00399672	0.00309274	0.00177387	4	3.30928	3.89223	3.89094	4.67616	0.000544879
0.00861438	0.00615752	0.00393122	0.00193557	4	4.68055	4.01198	4.45411	4.80694	9.96435e-05
0.00590508	0.00491113	0.00385658	0.00220205	4	4.76402	4.49345	4.34141	5.13368	0.000236479
0.00411469	0.00374608	0.0028442	0.00157425	4	3.45225	3.55184	3.46279	4.36334	8.17579e-05
0.00588484	0.00532107	0.00419872	0.00238394	4	4.13434	4.21582	4.37062	5.50708	9.14351e-05
0.0124001	0.00735368	0.00502818	0.00268613	4	4.38327	4.59138	5.00759	5.70237	0.000317292
0.00375531	0.00390166	0.00268159	0.00119797	4	3.07376	3.04857	3.52775	3.98633	3.14825e-06
0.0050312	0.00414885	0.00289319	0.00144615	4	3.89692	3.40756	3.67285	4.14042	2.48513e-05
0.00700389	0.00547968	0.00355934	0.00164733	4	4.12336	3.53883	3.97035	4.60764	6.71218e-06
0.00750255	0.00628012	0.00514773	0.00311841	4	4.75097	5.01215	4.79494	6.23278	0.000336643
0.00604792	0.00443358	0.00272928	0.00130261	4	3.49447	3.30782	3.78434	3.89421	7.07158e-05
0.00626409	0.00541195	0.00431586	0.00213866	4	3.74803	4.38851	4.13284	5.14814	5.1738e-05
0.00578583	0.00558849	0.00453113	0.00237588	4	4.23585	4.35415	4.48582	5.51978	2.76822e-05
0.0118533	0.00870927	0.00679157	0.00392554	4	5.09102	5.74525	5.51025	6.81747	0.00241583
0.00387798	0.00394107	0.00303814	0.0015787	4	4.2116	3.68891	3.84225	4.43674	8.18381e-06
0.0072174	0.00485484	0.00360977	0.00200762	4	4.81622	4.30435	4.16357	4.95489	0.000201385
0.00534536	0.0054717	0.00414797	0.00207191	4	3.83303	4.04432	4.55556	4.87616	5.4593e-05
0.00972325	0.00705096	0.00519119	0.0027672	4	5.38123	5.16151	5.00589	5.63487	0.000231019
0.0124157	0.00780688	0.00538226	0.00277375	4	7.03552	5.6399	5.33053	5.42824	0.000604024
0.00560531	0.00494843	0.00356688	0.00206095	4	5.04474	3.79174	4.12816	5.16635	1.36266e-05
0.00463437	0.00468871	0.0034561	0.00173781	4	3.65285	3.5961	3.93302	4.54203	3.8591e-05
0.0104735	0.00762682	0.00561447	0.00299155	4	5.76782	5.3284	5.15968	5.92808	0.000263763
0.00438134	0.00432711	0.00326112	0.00169341	4	3.51427	3.77727	3.79732	4.54067	0.000160765
0.00248807	0.00292903	0.00240715	0.00129062	4	2.58179	3.18758	3.19115	3.87439	7.06059e-05
0.012939	0.00826597	0.00559095	0.0033236	4	6.37652	5.00429	5.37222	6.63495	0.000177482
0.00559878	0.00416539	0.00275142	0.00150821	4	3.53312	3.27923	3.72508	4.37906	0.00010477
0.00652321	0.0053067	0.00383715	0.00198373	4	4.6999	4.16411	4.43616	5.01246	5.29973e-05
0.0111615	0.00698827	0.00422901	0.00192482	4	4.47738	3.95891	4.60366	4.86391	3.33498e-05
0.00505651	0.00496676	0.0041063	0.00217028	4	3.62974	4.32004	4.08157	5.16046	8.47619e-05
0.0126598	0.00922329	0.00636958	0.00329537	4	7.65025	5.37656	5.76095	6.32145	3.83971e-05
0.00803561	0.00621342	0.00425382	0.00232699	4	4.58902	4.16945	4.34766	5.36064	9.34415e-05
0.00395171	0.0031179	0.00226428	0.00120937	4	2.82665	3.26857	3.23038	3.86482	0.000164135
0.0061178	0.00528998	0.00374413	0.00172973	4	3.29711	3.75461	4.12408	4.44595	4.88406e-05
0.0119384	0.00688009	0.0045687	0.00258028	4	5.39115	4.55329	4.90129	5.59375	0.000470229
0.00992526	0.00843313	0.00535847	0.00232665	4	5.44875	4.36472	5.17748	5.40967	5.67951e-06
0.00681406	0.00506743	0.00404257	0.0023466	4	5.56294	4.94374	4.30629	5.25318	0.000170171
0.00767799	0.00549874	0.00393674	0.00206755	4	3.92462	4.13778	4.41208	5.15681	8.52082e-05
0.00746842	0.00634287	0.00476702	0.00258167	4	4.04798	4.61833	4.73545	5.46856	0.000534836
0.00388051	0.00375332	0.0030893	0.00185546	4	3.78405	4.00339	3.70944	4.72536	0.000143397
0.00421166	0.00339004	0.00238815	0.00132153	4	3.08243	3.24425	3.35219	3.867	0.000283754
0.00573473	0.00495298	0.00347547	0.00171973	4	4.09144	3.84895	4.10563	4.53862	3.38215e-05
0.0117366	0.00645751	0.004254	0.00242454	4	6.85847	4.85506	4.46946	5.47705	0.000123015
0.00420459	0.00458329	0.00324109	0.00154406	4	2.64048	3.27899	3.8286	4.22818	7.16197e-05
0.0108736	0.00760407	0.00523154	0.00266509	4	5.253	4.83233	5.37822	5.65085	9.82951e-05
0.00929043	0.00625976	0.00448076	0.00220989	4	4.65902	4.62547	4.5526	5.06083	0.000160597
0.00687838	0.00643631	0.00436842	0.0021754	4	4.71967	4.01245	4.55139	5.01227	1.53208e-05
0.00775119	0.00504807	0.00424193	0.0029435	4	6.22383	5.48277	4.47864	5.93483	0.00191745
0.0079449	0.00616237	0.00451393	0.00236792	4	4.2191	4.35888	4.72789	5.42284	0.000119232
0.0124011	0.0092326	0.0063606	0.00325049	4	5.86612	5.15545	5.50488	6.18091	0.000149868
0.0118049	0.00794709	0.00545007	0.00289802	4	6.09912	4.95841	5.43833	5.91572	8.28959e-05
0.00513662	0.00446602	0.003432	0.00183004	4	4.02309	4.09605	3.83343	4.51395	0.000178814
0.0140106	0.00860132	0.00569962	0.0028743	4	6.08179	5.10528	5.29519	5.83871	0.000200734
0.0132819	0.00722677	0.00474376	0.00270594	4	6.39359	4.97776	5.0232	5.61461	0.000616638
0.00654157	0.00513963	0.00399201	0.0021787	4	5.64888	4.90976	4.44502	5.01207	0.000177209
0.00789591	0.0065923	0.0047404	0.00246064	4	6.56878	4.78583	4.84517	5.45034	4.51616e-05
0.00765594	0.00670599	0.00500122	0.0026463	4	4.09003	4.23798	4.58104	5.69613	6.8958e-05
0.00435874	0.00449922	0.00364509	0.00204343	4	3.32102	3.76846	3.91166	5.07722	5.69347e-05
0.00913782	0.00621556	0.0044033	0.00246908	4	5.84108	4.75622	4.58952	5.41897	0.000233788
0.00689571	0.00655735	0.00479831	0.00244682	4	4.49445	4.15779	4.54087	5.51566	2.97893e-05
0.00735189	0.00556334	0.00388337	0.00195507	4	3.4383	4.03042	4.37087	4.7878	0.000440585
0.00366481	0.00413408	0.00343886	0.00183215	4	3.15518	3.75085	3.80001	4.6101	7.24786e-05
0.0086427	0.00625904	0.00433779	0.00231656	4	6.25946	4.49353	4.48812	5.34359	9.92417e-06
0.00482964	0.00525105	0.00360078	0.0017613	4	3.51574	3.44681	4.05187	4.45316	2.98352e-05
0.00462719	0.00401126	0.00312328	0.00171588	4	2.98666	3.75881	3.73218	4.57126	0.000231199
0.0067448	0.00497104	0.00375198	0.0021303	4	3.93559	4.25197	4.29684	5.12045	0.000449274
0.00835815	0.00596956	0.00422519	0.00227447	4	5.76501	4.37578	4.46714	5.27695	5.21693e-05
0.00487358	0.00486333	0.00355946	0.00173782	4	4.86654	3.92189	4.12442	4.61708	1.07357e-05
0.00497848	0.00449299	0.00376606	0.00234671	4	4.21028	4.40304	4.17579	5.305	0.000411027
0.00713054	0.00549528	0.00413651	0.00220075	4	5.62429	4.51466	4.36376	5.18019	7.94718e-05
0.00771359	0.00600007	0.00468281	0.00254532	4	4.73856	4.77263	4.81619	5.72141	9.70172e-05
0.00944371	0.0063921	0.00466423	0.00248415	4	5.11392	5.08191	4.72726	5.46075	0.000393961
0.0118957	0.00696409	0.00504685	0.00278351	4	6.08931	5.31418	4.6497	5.71544	0.000418447
0.00397483	0.00341468	0.00275668	0.00162497	4	4.25441	3.91416	3.53389	4.47541	0.000101624
0.0042569	0.00403641	0.00273923	0.00127213	4	2.6184	3.06898	3.62645	3.9584	2.56194e-05
0.0084674	0.00593928	0.00366294	0.00168098	4	3.4736	3.45035	4.24716	4.56582	3.52062e-05
0.00954618	0.00637917	0.00470222	0.00256494	4	5.13447	4.79879	4.89551	5.65757	0.000321175
0.00586308	0.00551118	0.00408562	0.0021699	4	3.47964	3.97597	4.05606	4.97119	0.000128557
0.00730293	0.00558248	0.00395767	0.00211321	4	4.08872	4.03215	4.32659	4.88776	0.00012969
0.00372398	0.00406245	0.00316549	0.00154742	4	2.60529	3.36292	3.70422	4.47996	6.40356e-05
0.0110222	0.00647145	0.00489953	0.00313055	4	6.19702	5.11826	4.86526	6.36134	0.00028075
0.0142223	0.0089878	0.00733592	0.00449621	4	6.7133	6.71083	6.01329	7.16692	0.00223742
0.00806796	0.00571522	0.00398788	0.00221284	4	4.57336	4.16792	4.32372	5.40543	0.000105939
0.00733601	0.00681626	0.00546649	0.00305661	4	5.11883	5.03281	5.03531	6.03501	0.000162382
0.00716316	0.0059239	0.00400208	0.00207747	4	4.67172	3.92933	4.45978	4.99527	5.01264e-05
0.00387948	0.00349973	0.0023307	0.00109596	4	3.19195	2.84285	3.08089	3.68594	3.98361e-06
0.00909382	0.00723254	0.00567961	0.00325587	4	6.27598	5.51499	5.1363	6.07637	0.000208599
0.00383706	0.00396713	0.00301586	0.0015385	4	3.66144	3.73097	3.58875	4.30002	5.29434e-05
0.00526956	0.00406297	0.00308923	0.00169997	4	4.56487	3.97375	3.97441	4.70351	3.00336e-05
0.00535085	0.00488746	0.00336056	0.00151674	4	2.62489	3.14464	3.86653	4.34122	1.82304e-05
0.00692972	0.00644223	0.00508588	0.00267216	4	3.7714	4.5398	4.69524	5.8552	0.000165429
0.00532677	0.00500679	0.00364571	0.0017698	4	4.39439	3.93614	4.17985	4.66451	2.66196e-05
0.0112656	0.00907453	0.00622427	0.00313039	4	6.08132	5.05051	5.58168	6.09627	7.08866e-05
0.012597	0.00744039	0.00490451	0.00244927	4	6.81778	4.79581	5.02734	5.40604	3.86382e-05
0.00331737	0.00276723	0.00216362	0.00123509	4	2.94501	3.24439	3.02034	4.10257	4.06308e-05
0.00546648	0.00456487	0.00328288	0.00183348	4	3.83977	3.74834	4.05556	4.72211	5.16797e-05
0.00531964	0.0047296	0.00378217	0.00211756	4	4.13935	4.28607	4.06696	5.1514	8.04045e-05
0.00667209	0.00493506	0.00342487	0.00203363	4	3.70272	3.69089	4.02437	5.14432	0.000215321
0.00779244	0.00541022	0.00390971	0.00225661	4	4.94484	4.37128	4.27436	5.12653	0.000157331
0.00473444	0.00501251	0.00401551	0.00196764	4	3.61369	4.08364	4.18888	4.92453	3.14955e-05
0.0105484	0.00769748	0.00529916	0.00264139	4	5.83698	5.03546	4.90972	5.48219	8.43141e-05
0.00801556	0.00538295	0.00430805	0.0025253	4	6.00666	5.02307	4.2982	5.70423	5.30336e-05
0.00936602	0.00719361	0.00504394	0.00244061	4	4.71445	4.57114	4.81197	5.35563	5.92525e-05
0.00678501	0.00507745	0.00380577	0.00209915	4	4.81836	4.35877	4.20262	5.1122	0.000122544
0.0119431	0.00921909	0.00642683	0.00301518	4	4.09176	4.92271	5.46571	5.8961	0.000363997
0.00359421	0.00357547	0.00261578	0.00134665	4	3.23951	3.24135	3.50362	4.05201	2.30262e-05
0.00603401	0.00449914	0.00326531	0.00187037	4	5.10093	4.24557	4.14062	4.74296	0.000141696
0.00580239	0.0052396	0.00412745	0.00213162	4	3.47373	4.10826	4.16257	5.07615	9.90793e-05
0.00374569	0.00377223	0.00269272	0.00119814	4	2.89979	3.07589	3.32777	3.81224	6.84424e-06
0.00761506	0.00671911	0.00459791	0.00224014	4	5.49723	4.26726	4.73905	5.30568	1.09917e-05
0.00960867	0.00840434	0.00623125	0.0034863	4	7.08477	5.26602	5.62148	6.63494	4.01548e-05
0.00505365	0.00396343	0.00277665	0.00147036	4	3.79508	3.34098	3.5573	4.17258	3.44869e-05
0.00768482	0.00548706	0.00392244	0.00227279	4	5.13142	4.30683	4.45373	5.19525	8.953e-05
0.00966141	0.00698251	0.00494188	0.00235033	4	4.19399	4.39881	4.69555	5.43115	7.2555e-05
0.00660008	0.00528224	0.00411057	0.00210269	4	4.603	4.50153	4.46066	5.18237	3.39758e-05
0.0188048	0.0109234	0.0074396	0.00423825	4	10.6846	6.95634	6.7529	6.82628	0.000584663
0.00815998	0.00595447	0.0044609	0.00251879	4	5.28643	4.68813	4.40563	5.40795	0.000202781
0.00385965	0.00339609	0.00261076	0.0014075	4	3.14625	3.51976	3.5329	4.15548	7.89142e-05
0.00396437	0.00327468	0.00266767	0.00149546	4	3.41377	3.62149	3.47887	4.37435	4.24272e-05
0.0049082	0.00489936	0.00370185	0.00182716	4	3.08711	3.53142	3.98587	4.91613	1.70776e-05
0.00990594	0.00713994	0.00541188	0.00278513	4	4.0187	4.88013	5.03722	5.71565	0.000271809
0.00891559	0.00599088	0.00494178	0.00311628	4	5.06849	5.36155	4.86827	6.10954	0.00242534
0.0066285	0.00607684	0.00440446	0.00215944	4	3.6683	4.0558	4.25371	4.97465	6.90455e-05
0.00661206	0.0061312	0.00437163	0.00242881	4	5.37485	4.54195	4.62809	5.0342	0.000498151
0.00544816	0.00556989	0.00440037	0.00222659	4	3.09402	4.08128	4.58192	5.13357	0.000279308
0.00754469	0.00444344	0.00315384	0.00174336	4	3.74988	4.09956	4.06742	4.57621	0.0014634
0.0102966	0.00722352	0.00480668	0.00240949	4	4.36774	4.53546	4.89912	5.07793	0.000569741
0.0128193	0.00873557	0.00541105	0.00237696	4	5.1993	4.38293	5.06914	5.37563	2.24601e-05
0.00743261	0.00585789	0.00444271	0.00242968	4	4.70781	4.62592	4.60457	5.43226	0.000232241
0.00603927	0.00483815	0.00370744	0.00205453	4	4.26217	4.19365	4.24828	5.09561	0.00011977
0.00810133	0.006835	0.00491843	0.00241759	4	4.97628	4.55431	4.81426	5.31456	3.48869e-05
0.0100437	0.00730425	0.00549934	0.00328552	4	6.71079	5.47925	5.14984	5.96119	0.00034483
0.00441699	0.00326421	0.00248718	0.00150264	4	3.65597	3.65517	3.43195	4.17046	0.000289152
0.00911809	0.00507147	0.00350864	0.00187888	4	4.78925	4.29086	4.14526	4.76515	0.000153017
0.00640678	0.00539489	0.00377779	0.00181772	4	4.20261	4.00317	4.31191	4.66653	4.13284e-05
0.0108561	0.00747662	0.00530682	0.00273459	4	5.01697	4.92056	5.0611	5.51971	0.000347826
0.0069135	0.00597492	0.00455577	0.00245442	4	4.58558	4.33715	4.57374	5.3496	5.5259e-05
0.00757865	0.00504918	0.00349809	0.00208182	4	5.25764	4.20708	4.07902	4.98022	0.00014499
0.00625063	0.00435684	0.00355688	0.00202643	4	3.9688	4.43958	4.00575	4.77792	0.000387424
0.00300261	0.00306001	0.00245457	0.0012608	4	2.46618	3.18592	3.33289	3.97581	3.90426e-05
0.00563519	0.00465127	0.00381177	0.00212335	4	3.49559	4.49425	4.05511	5.15272	0.000833307
0.00589805	0.00429387	0.00295757	0.00152743	4	3.21644	3.37764	3.75229	4.40366	4.90561e-05
0.00595506	0.005136	0.00410363	0.00232845	4	4.30161	4.25069	4.20345	5.38974	8.51496e-05
0.0134456	0.00918986	0.0060655	0.00343169	4	6.96652	4.93143	5.6474	6.49751	9.78235e-05
0.00710794	0.00548646	0.00401037	0.00227207	4	6.469	4.52845	4.38227	5.37584	1.76318e-05
0.00649492	0.00642299	0.00470111	0.00217347	4	3.76729	4.09685	4.58974	4.95051	3.83679e-05
0.0063314	0.00551648	0.0041964	0.00238509	4	5.56818	4.38163	4.39995	5.5429	1.70195e-05
0.00578385	0.00691682	0.00509751	0.00246469	4	3.92331	4.29056	4.94937	5.19077	8.32606e-05
0.00508083	0.00519828	0.00410919	0.00221392	4	3.41381	4.17004	4.22665	5.10388	0.000183428
0.00897204	0.00701586	0.00505979	0.00244798	4	4.37029	4.55398	4.89836	5.48653	7.57778e-05
0.0210375	0.0125525	0.00791246	0.00404433	4	7.84162	5.77152	6.26957	6.72122	0.000172974
0.0141376	0.00869481	0.00597386	0.00288199	4	6.93234	5.5898	5.40379	5.99482	3.84265e-05
0.00578993	0.00602929	0.00435772	0.00213535	4	3.05919	3.8861	4.26591	5.11913	9.89714e-05
0.00726571	0.00564488	0.00451451	0.00250944	4	5.29322	5.16529	4.56152	5.49448	0.000252063
0.00664201	0.00481872	0.003744	0.00220345	4	4.88481	4.59239	4.09538	5.30058	0.000272923
0.0125373	0.00811203	0.005056	0.00244306	4	4.73673	4.66365	5.04747	4.98327	0.000802853
0.00242592	0.00292522	0.00214306	0.0010386	4	2.39597	2.69178	3.00774	3.60276	1.38235e-05
0.00940325	0.00779807	0.00592701	0.00312472	4	4.23015	4.91062	5.16699	6.22071	0.000268237
0.00864684	0.00708703	0.00480637	0.0025655	4	6.5661	4.69829	5.12133	5.52354	2.97656e-05
0.0110809	0.007154	0.00521232	0.00325343	4	5.54239	5.28166	5.06663	6.11979	0.00163904
0.00631279	0.0042648	0.00287312	0.00148231	4	3.77215	3.46727	3.66666	4.35777	7.24912e-05
0.00943232	0.00654474	0.00488525	0.00279438	4	7.56793	5.54672	5.16572	5.64109	0.000181595
0.0037946	0.00374907	0.00269225	0.00137005	4	3.41958	3.10483	3.46808	4.20982	6.86783e-06
0.00198478	0.00248686	0.00196406	0.000958013	4	1.88558	2.61334	2.89698	3.42306	1.83879e-05
0.00693935	0.00540978	0.00398541	0.00215484	4	4.30917	4.19269	4.28435	5.08824	0.000164962
0.00336894	0.00378365	0.00289243	0.00143518	4	2.77791	3.28907	3.3756	4.15513	7.5778e-05
0.00858465	0.00652657	0.00463326	0.00229885	4	4.61075	4.66911	4.7375	5.05874	0.000245678
0.00983217	0.00794689	0.0050679	0.00239122	4	5.4064	4.35097	4.95684	5.12383	5.90821e-05
0.0047461	0.00456923	0.0034587	0.00176339	4	2.89077	3.67269	4.20858	4.6278	0.00016536
0.00517778	0.00398815	0.00274067	0.00143284	4	4.74883	3.58853	3.56732	4.31044	1.16695e-05
0.00428005	0.00477653	0.00381578	0.00192142	4	4.00487	3.94668	3.85063	4.75054	7.64172e-06
0.00754162	0.00539417	0.0036558	0.00187696	4	4.73784	3.95049	4.18713	4.74554	6.90398e-05
0.00598227	0.00482969	0.00324541	0.00148814	4	3.13609	3.59439	3.98004	4.1284	0.000107755
0.00833011	0.00498725	0.00346745	0.00192744	4	5.06574	4.25482	4.20148	4.96414	0.000179004
0.00470172	0.00355424	0.00271916	0.00165938	4	3.91984	3.77608	3.76599	4.65523	0.000297581
0.00460567	0.00397079	0.00310523	0.00171641	4	3.39083	3.81609	3.8178	4.66762	0.000118073
0.0102273	0.00745587	0.00503471	0.0025459	4	5.30606	4.58444	4.87072	5.44507	5.29868e-05
0.00652365	0.00594483	0.00460944	0.00252639	4	3.74309	4.45695	4.49311	5.22345	0.000570105
0.00859041	0.00801044	0.00590614	0.00282342	4	5.37326	5.2464	5.2811	5.54922	0.000174412
0.0167135	0.0114975	0.00809665	0.00420361	4	7.27532	6.11457	6.09481	6.85347	0.000144193
0.00538441	0.00511545	0.00398077	0.00203133	4	4.10223	4.17082	4.26303	5.03999	3.40351e-05
0.00880842	0.00711506	0.00561516	0.00280589	4	4.09862	5.18756	5.07863	5.56723	0.00065802
0.00643513	0.00491299	0.00364552	0.00205407	4	5.11412	4.25362	4.13172	4.96868	9.03508e-05
0.00774693	0.00562661	0.00396853	0.00204247	4	4.82314	4.2492	4.27955	4.90395	7.06874e-05
0.00633896	0.0056561	0.0040786	0.00191649	4	3.89656	3.96265	4.29494	4.79326	1.82406e-05
0.0124829	0.00876766	0.00595182	0.00316804	4	7.62082	5.09867	5.46264	6.45626	2.21322e-05
0.00779608	0.0049363	0.00345651	0.00194701	4	4.37959	4.15247	4.08696	4.71469	0.000430096
0.00697776	0.0056154	0.00393941	0.00203396	4	3.87826	3.84744	4.28358	4.99739	7.07581e-05
0.0043588	0.00479737	0.00412782	0.00206461	4	3.31854	4.25908	4.15488	4.90211	8.54216e-05
0.00967626	0.00736547	0.00508808	0.00255372	4	5.13917	4.53086	5.02732	5.58031	8.79858e-05
0.00581174	0.00500015	0.00374329	0.00206763	4	4.38115	4.15804	4.0966	4.99675	5.044e-05
0.009763	0.00829556	0.0062343	0.00312622	4	4.96015	5.01445	5.4706	6.02204	6.72071e-05
0.00867604	0.00631181	0.00477024	0.00262108	4	5.82323	4.89197	4.70525	5.64888	5.09123e-05
0.00632952	0.0059144	0.00470044	0.00262661	4	5.03429	5.11211	4.84417	5.50267	0.00023145
0.00693124	0.00535007	0.00409073	0.00243726	4	4.80743	4.438	4.22331	5.45742	0.000205796
0.0104255	0.00570694	0.00441359	0.00270045	4	8.78395	5.89053	4.85587	5.90662	0.00030405
0.00600997	0.00545505	0.00455131	0.00269601	4	4.1498	4.53776	4.36817	5.7595	0.000178229
0.00743517	0.00585133	0.00449166	0.00252671	4	5.12498	4.67091	4.61257	5.60082	8.61107e-05
0.00822479	0.00539755	0.00362821	0.00186298	4	5.13218	4.22006	4.35169	4.74729	6.99804e-05
0.00830085	0.00687617	0.00490001	0.00267272	4	4.68696	4.61419	5.02753	5.68855	0.00040559
0.00868017	0.00546049	0.00369453	0.00188928	4	4.60963	4.16744	4.4047	4.8235	0.000138043
0.00480229	0.0045081	0.00337082	0.00166884	4	3.84973	3.79432	3.70054	4.4928	3.03697e-05
0.00714419	0.00737744	0.0053311	0.00257833	4	4.91592	4.59682	5.04796	5.32753	4.08484e-05
0.0083572	0.00558696	0.00396737	0.00212215	4	5.70972	4.36429	4.30581	5.16847	4.57966e-05
0.00590226	0.00463563	0.00322771	0.00168567	4	4.14324	3.76032	4.072	4.53792	5.12625e-05
0.00354541	0.00397145	0.00300329	0.00161773	4	2.90419	3.29396	3.60719	4.35882	5.55336e-05
0.00850287	0.00642363	0.00479559	0.00244344	4	6.27624	5.07541	4.86726	5.4852	3.43586e-05
0.00650571	0.00415901	0.00286723	0.0015451	4	5.36412	4.139	3.7878	4.16532	0.000190247
0.00737415	0.00615135	0.00449834	0.00234339	4	4.18651	4.44369	4.38108	5.185	0.000303996
0.00708684	0.00460902	0.0030803	0.00175772	4	3.73645	3.89303	3.88964	4.62486	0.000855945
0.003345	0.00390073	0.00278092	0.00134366	4	2.56152	2.92114	3.37949	4.07717	1.4603e-05
0.00682696	0.00614384	0.00430508	0.00222603	4	4.69712	4.09748	4.51177	5.15969	3.04464e-05
0.00774022	0.00530734	0.0034633	0.00176513	4	5.04047	4.10163	4.28186	4.72685	3.89106e-05
0.0085662	0.00557054	0.00397375	0.00222805	4	4.59818	4.27976	4.3486	5.34412	0.000114744
0.0125329	0.00903568	0.00619114	0.00305681	4	6.89792	5.49683	5.56901	5.82535	0.000114459
0.00556267	0.00457252	0.0031166	0.00148418	4	3.40877	3.46326	3.73833	4.1815	5.52817e-05
0.00918213	0.00589641	0.00467815	0.00309552	4	5.48019	5.32595	4.81572	6.07128	0.00134889
0.00886727	0.00612933	0.00467391	0.00252363	4	4.96004	4.99941	4.75084	5.45991	0.000456931
0.0144858	0.00745576	0.00539099	0.00308616	4	7.66007	5.90823	5.51281	6.15192	0.00053061
0.0073854	0.00564829	0.00374834	0.00168745	4	4.55227	4.01081	4.21199	4.29772	2.00405e-05
0.00545102	0.00490842	0.00417754	0.00240902	4	3.21624	4.30664	4.42041	5.4201	0.00021162
0.00720433	0.00579867	0.00425966	0.00212946	4	3.9949	4.21737	4.31619	5.09069	6.60102e-05
0.00665803	0.00535044	0.00361416	0.00189335	4	4.22339	3.68302	4.30257	4.90799	2.34384e-05
0.00549026	0.00507688	0.00440681	0.00268291	4	3.83236	4.93687	4.52949	5.45106	0.00145248
0.00397189	0.00403129	0.00328535	0.00182945	4	2.90901	3.58042	3.84604	4.80224	5.29678e-05
0.0141041	0.00867836	0.00684776	0.00417745	4	6.65675	6.33281	5.81924	7.19648	0.00135657
0.00366594	0.00305903	0.00217714	0.00123039	4	3.23146	3.05934	3.00785	3.9635	5.52337e-05
0.00935049	0.00648406	0.00494283	0.00280968	4	6.54536	5.34824	4.92437	5.90674	0.000152087
0.00627447	0.00520647	0.0037258	0.00184949	4	4.89881	4.05508	4.24085	4.73101	1.93383e-05
0.00461784	0.00514593	0.00385477	0.00189625	4	4.03919	3.72782	4.10242	4.89173	5.71497e-06
0.00605871	0.00572077	0.00392742	0.00188618	4	4.15561	3.73428	4.28395	4.81365	3.07859e-05
0.00599885	0.00470656	0.00350029	0.00182022	4	4.66509	4.11681	4.04234	4.74662	4.98805e-05
0.00410717	0.00467597	0.00374657	0.00185185	4	2.94895	3.73681	3.94242	4.74064	2.32744e-05
0.014724	0.00953051	0.00761408	0.00459748	4	6.05209	6.41981	5.84285	7.45357	0.00103287
0.00704327	0.0056906	0.00404536	0.00215037	4	4.93185	4.12295	4.15693	5.11568	2.12288e-05
0.00662483	0.00544574	0.00394235	0.00195712	4	3.85119	4.26255	4.34333	4.77858	0.000661144
0.00684517	0.0061103	0.00443677	0.00226927	4	4.67637	4.42792	4.40016	5.15875	0.000144326
0.0110381	0.00922061	0.00679319	0.00343941	4	4.86709	5.06787	5.59792	6.28631	0.000183905
0.00723072	0.00531487	0.0039281	0.00246841	4	5.9283	4.55735	4.45509	5.60017	0.000277346
0.0041102	0.0033029	0.00241127	0.00124018	4	3.0523	3.28503	3.42729	3.96024	0.000142541
0.00298785	0.003284	0.0027505	0.00147622	4	2.8881	3.45167	3.35876	4.39389	2.23579e-05
0.00386441	0.00325585	0.00247696	0.00137633	4	4.40755	3.61085	3.46311	4.12246	5.42332e-05
0.00857006	0.00634878	0.00498005	0.00283737	4	6.01647	5.34404	4.9033	6.0051	0.000188786
0.00429674	0.00400872	0.00284099	0.00135314	4	2.87499	3.19775	3.70388	4.08102	3.37592e-05
0.00694893	0.00641229	0.00490956	0.00248185	4	4.2579	4.61989	4.78419	5.30516	0.000197634
0.00685069	0.00553385	0.00381596	0.00214133	4	4.25256	3.86781	4.26952	5.24655	5.65865e-05
0.0050668	0.0033747	0.0024429	0.00129857	4	3.23922	3.49689	3.47477	4.03151	0.00036449
0.0106197	0.0071816	0.0048311	0.0022355	4	4.19624	4.58766	4.86913	5.13067	0.000267238
0.00814101	0.00665224	0.0048032	0.00250305	4	4.57724	4.42835	4.84265	5.59005	5.30769e-05
0.0052964	0.00434796	0.0033835	0.00180535	4	3.5736	3.88234	3.87174	4.71794	5.98705e-05
0.00320449	0.0032726	0.0027774	0.00163812	4	3.02572	3.66255	3.56104	4.48437	0.000149122
0.00792173	0.00609192	0.0044732	0.00255131	4	5.12715	4.52005	4.61828	5.62708	8.38859e-05
0.00634459	0.00476202	0.00339487	0.00178506	4	3.83338	3.8264	3.98124	4.75201	5.82596e-05
0.004686	0.00422559	0.00310553	0.00172248	4	4.05547	3.66598	3.84085	4.56966	4.87946e-05
0.00358446	0.00299537	0.00215059	0.00112271	4	2.48998	3.03719	3.16188	3.73831	0.00014004
0.00391674	0.00351814	0.00265409	0.00146286	4	3.56639	3.47136	3.53024	4.38672	5.48831e-05
0.0197731	0.0124529	0.00817646	0.00398433	4	6.73034	5.6247	6.3268	6.98104	8.0441e-05
0.00411576	0.00411602	0.00322222	0.00164363	4	2.67578	3.31735	3.76334	4.68287	3.22099e-05
0.00544042	0.00496953	0.00372627	0.00220493	4	3.416	3.82804	4.10644	5.16313	0.000330323
0.0136464	0.00957107	0.00646017	0.00328695	4	6.22739	5.0195	5.71144	6.41728	3.70959e-05
0.0128475	0.00900936	0.0064949	0.00327756	4	7.35314	5.90471	5.82759	5.89133	0.000206723
0.00538938	0.00412405	0.00272102	0.00135262	4	3.30277	3.43751	3.58939	3.90539	0.000295436
0.00946488	0.00729396	0.00510111	0.00288605	4	5.36673	4.73932	4.88319	5.6063	0.00021318
0.00467263	0.0049348	0.00358097	0.00186967	4	3.4901	3.87665	4.24861	4.54689	0.000306404
0.00936928	0.00655392	0.00486793	0.00262881	4	7.15149	5.14962	4.64956	5.72865	4.42095e-05
0.00586776	0.00483277	0.00354232	0.00180471	4	3.78137	4.01833	4.12831	4.59176	0.000170522
0.00497615	0.00461333	0.00354519	0.00187408	4	3.52646	3.8657	4.10591	4.80382	7.93118e-05
0.010248	0.00524784	0.00339203	0.00196142	4	5.82477	4.22152	4.27288	4.87483	0.000298124
0.00438724	0.0045691	0.00330919	0.00163392	4	3.26176	3.36282	3.92965	4.40597	2.08948e-05
0.0085354	0.00685173	0.00511404	0.00256183	4	4.18112	4.53575	4.73894	5.64563	5.63952e-05
0.0188154	0.00990092	0.00726928	0.00436519	4	8.86007	6.74363	6.44805	7.31753	0.00108782
0.00926579	0.00773756	0.00539899	0.00260282	4	5.30045	4.79673	5.1031	5.44821	6.16151e-05
0.0052587	0.00610653	0.00434307	0.00179991	4	3.18756	3.86101	4.31686	4.5764	2.09506e-05
0.00770271	0.00568403	0.00415021	0.00245467	4	5.08027	4.50017	4.53919	5.5038	0.000276212
0.00595354	0.00573506	0.0041929	0.00205961	4	3.39026	3.92282	4.29374	4.94155	5.45221e-05
0.00520807	0.00585695	0.00448991	0.00217076	4	3.67758	4.22485	4.67887	5.01231	8.29226e-05
0.00678172	0.00591204	0.00473794	0.00260327	4	5.27944	4.87989	4.59895	5.72498	0.000123566
0.00685384	0.00770829	0.00557784	0.00275088	4	3.93123	4.22855	5.1281	5.51337	0.000171513
0.0043348	0.00438916	0.0032797	0.00164905	4	3.80456	3.74984	3.79443	4.318	4.01307e-05
0.0060654	0.00514991	0.00423324	0.0024403	4	4.92803	4.78004	4.42411	5.44135	0.000163574
0.00586789	0.00458905	0.00309884	0.00149875	4	3.77558	3.63198	3.87403	4.26347	3.66066e-05
0.00411232	0.00367994	0.00317674	0.00184874	4	3.08808	3.94977	3.63781	4.85906	0.000190806
0.00672811	0.00598354	0.00400287	0.00186951	4	4.70051	4.01112	4.26471	4.54213	4.65458e-05
0.00542309	0.00549722	0.00384798	0.00163512	4	2.77571	3.37666	3.89527	4.39401	1.7845e-05
0.00378443	0.00433747	0.003651	0.00190584	4	3.41602	4.02675	3.81292	4.64442	5.18742e-05
0.00898079	0.00683897	0.00517899	0.00291068	4	5.0397	4.74074	4.99364	6.00252	0.000147681
0.0104533	0.00778545	0.00588033	0.00331438	4	6.30113	5.38795	5.27768	6.3953	0.000112932
0.00614894	0.00506938	0.00343465	0.00173553	4	4.03149	3.58236	4.00674	4.64091	2.78557e-05
0.00622407	0.00553555	0.00383558	0.0017381	4	3.5271	3.67388	3.85685	4.48633	2.15792e-05
0.010261	0.00664843	0.00435611	0.00226618	4	6.27395	4.45393	4.57597	5.24999	4.15237e-05
0.00435567	0.00471381	0.00361053	0.00200491	4	3.9832	3.93579	4.11506	4.89344	5.69829e-05
0.00730236	0.00508351	0.00356045	0.0019289	4	4.18701	4.05402	4.2358	4.71534	0.000389279
0.00842517	0.00733976	0.00567549	0.0029524	4	4.31738	4.90228	4.80846	5.79009	0.000249792
0.0103915	0.0071534	0.00501297	0.0026717	4	6.25953	4.92463	4.92077	5.71798	6.94908e-05
0.00557332	0.00527759	0.00363468	0.00163793	4	3.35693	3.62705	4.24259	4.40579	1.66651e-05
0.0112604	0.00695713	0.00489087	0.00284997	4	4.75138	4.87151	5.0731	5.69896	0.00121856
0.00660491	0.00523404	0.00416219	0.00238446	4	4.62667	4.58792	4.52456	5.44771	0.0002177
0.00677839	0.00475612	0.00375238	0.00238399	4	4.86193	4.7438	4.25397	5.3939	0.000676625
0.0035346	0.00412092	0.00334141	0.00169813	4	3.58292	3.72841	3.91177	4.59235	2.55638e-05
0.00494976	0.00426897	0.00306849	0.00173301	4	4.12525	3.57161	3.72775	4.68388	3.19283e-05
0.00891859	0.00618673	0.00446556	0.00238228	4	6.79835	5.24416	4.71959	5.27722	0.000129688
0.0103115	0.00800379	0.00523541	0.00239545	4	5.53396	4.72773	5.21686	5.26388	5.0586e-05
0.00958765	0.00606064	0.00430768	0.00230179	4	5.68516	5.00182	4.73952	5.2551	0.000357046
0.00992728	0.00690907	0.00526082	0.00299046	4	3.8837	4.98798	5.11348	5.88658	0.00104728
0.00356349	0.00438632	0.00334329	0.00151155	4	2.2366	3.2987	3.60938	3.98441	4.45744e-05
0.00998792	0.00817852	0.00574383	0.00288211	4	3.99541	4.54128	5.35544	5.60063	0.000454471
0.0184011	0.0100663	0.00609182	0.00288432	4	8.52578	5.26722	5.63799	5.81732	3.49427e-05
0.00595382	0.00491846	0.00377369	0.00201099	4	3.14697	3.94397	4.05043	5.07497	0.000160258
0.00285081	0.00323813	0.00288947	0.00158117	4	3.18414	3.80103	3.58001	4.40323	7.46991e-05
0.010447	0.0075464	0.00520553	0.00290918	4	4.83547	4.83409	5.2531	5.89708	0.000661432
0.00967258	0.00682115	0.00537899	0.00305654	4	4.21328	5.05997	4.88504	5.92534	0.00116492
0.0100276	0.00668397	0.00484908	0.00273233	4	4.96644	5.03427	5.12615	5.68219	0.00116007
0.00649716	0.00511628	0.00364854	0.00198191	4	3.63811	3.87172	4.24937	5.08756	9.83637e-05
0.00710517	0.00596758	0.00459595	0.00244743	4	3.35281	4.34509	4.68074	5.45833	0.000150099
0.00348911	0.00370317	0.00292493	0.00165173	4	3.59209	3.50561	3.78194	4.53416	4.51225e-05
0.00608842	0.0048319	0.00326092	0.00155684	4	4.30793	3.69537	3.87584	4.2246	4.28766e-05
0.00745661	0.0058452	0.00417614	0.00201222	4	4.41505	4.25181	4.44641	4.77072	6.04305e-05
0.0128058	0.00777981	0.00569995	0.00349468	4	6.26384	5.5034	5.28628	6.31344	0.00121013
0.00409839	0.00389757	0.00281558	0.00136897	4	3.16665	3.49208	3.62298	3.9083	0.000111981
0.00720743	0.00619174	0.00385578	0.00180696	4	3.86883	3.53934	4.45033	4.58094	1.78376e-05
0.00336933	0.00293423	0.00229086	0.00125486	4	3.24531	3.6633	3.36454	3.74662	0.000277828
0.00585257	0.00500306	0.00363383	0.0018935	4	4.3173	3.98252	4.13357	4.76618	4.53482e-05
0.0054639	0.00515944	0.00404492	0.00212711	4	4.27485	4.3531	4.31364	5.0447	3.96383e-05
0.00685798	0.00607963	0.0043874	0.00242441	4	5.2942	4.44542	4.65809	5.41302	9.66513e-05
0.00723815	0.00629109	0.00470487	0.00234598	4	3.88155	4.56333	4.67581	5.27955	0.000223256
0.00555655	0.00519366	0.00414709	0.00248707	4	4.09037	4.57473	4.36354	5.31365	0.00147324
0.00330164	0.00352042	0.00281919	0.00149378	4	2.5169	3.32177	3.45663	4.3529	4.72524e-05
0.0115431	0.00739216	0.0049049	0.0025095	4	5.54012	4.6404	5.03377	5.45312	0.000216873
0.00791346	0.00667935	0.00507895	0.00276581	4	5.14685	4.6981	4.78312	5.95014	7.1273e-05
0.0166593	0.00794726	0.00496914	0.00264508	4	6.3458	4.89839	5.26011	5.63915	0.000201184
0.00601227	0.00431313	0.00314809	0.00175669	4	5.27761	4.05235	4.15276	4.78627	2.77039e-05
0.00557717	0.00437344	0.00326432	0.00171498	4	3.45026	3.91426	4.09832	4.55796	0.00021699
0.00705153	0.00573925	0.00407789	0.00220419	4	4.25032	4.14721	4.32067	5.15059	9.77957e-05
0.00416553	0.00444837	0.00315595	0.00153865	4	3.16593	3.37536	3.63453	4.22088	3.43359e-05
0.00721765	0.00635678	0.00453606	0.00216337	4	3.57252	4.06268	4.72833	5.12521	6.67453e-05
0.00322279	0.00327215	0.00268287	0.00160348	4	3.63969	4.03785	3.79669	4.24908	0.000859531
0.00670012	0.0052989	0.00380876	0.00204968	4	4.23755	3.92372	4.26578	5.09698	4.64736e-05
0.00550585	0.00515842	0.00438022	0.00254708	4	4.74718	4.95392	4.40938	5.47643	0.00035648
0.00456638	0.00398493	0.00303066	0.00170326	4	3.39916	3.7608	3.73101	4.45365	0.000414617
0.00703504	0.00594386	0.00421903	0.0021687	4	4.7737	4.29473	4.55495	5.02335	7.85066e-05
0.00444061	0.00517661	0.00385612	0.0018809	4	3.12413	3.71438	4.06486	4.55168	8.92329e-05
0.00655203	0.00515951	0.00373071	0.00205566	4	3.87648	3.83574	4.3129	5.05541	0.000105521
0.00659891	0.00495566	0.00390283	0.00227597	4	4.76361	4.48801	4.21772	5.19597	0.000159364
0.00445616	0.00374648	0.00306257	0.00175806	4	4.966	4.04254	3.72209	4.74926	4.05872e-05
0.00786673	0.00575259	0.00378677	0.00185263	4	4.22844	3.84993	4.32552	4.7617	3.16361e-05
0.00842337	0.00687159	0.00504268	0.0026823	4	5.28389	4.60592	4.76358	5.59903	5.77902e-05
0.00467004	0.00468587	0.00390661	0.00209923	4	3.63464	4.27064	3.99869	5.07542	8.23806e-05
0.0074066	0.00636566	0.00431399	0.00209671	4	4.09928	3.72795	4.42426	5.25241	2.45512e-05
0.00818073	0.00737333	0.00531825	0.00281915	4	5.55521	4.82264	5.14437	5.82417	0.000101132
0.0129218	0.00932755	0.00648228	0.00364285	4	6.06894	5.52911	5.84433	6.20147	0.000999843
0.00745136	0.00620823	0.00447133	0.00225242	4	5.70502	4.44946	4.51887	5.17181	2.01761e-05
0.0122769	0.00926779	0.00651912	0.00313426	4	5.99467	5.06832	5.65486	6.05964	4.05713e-05
0.0164642	0.0100188	0.00754779	0.00452832	4	7.09707	6.49442	6.2637	7.25529	0.00114149
0.00605762	0.00509601	0.00385137	0.00205483	4	4.25433	4.38136	4.15472	4.75159	0.000257666
0.00473975	0.00492251	0.00386872	0.00192245	4	3.26819	3.94915	4.18843	4.78852	0.000140881
0.00447247	0.00362061	0.00266963	0.00150804	4	4.15685	3.62168	3.547	4.34426	5.73589e-05
0.00454175	0.00363386	0.00273974	0.00153381	4	3.1146	3.35546	3.51467	4.47434	5.45178e-05
0.00469084	0.00473794	0.0037842	0.00199858	4	3.30509	3.83041	4.13442	4.93776	3.30561e-05
0.00300628	0.00289063	0.00226049	0.00126099	4	2.65155	3.12245	3.05742	3.98157	7.77278e-05
0.00700246	0.00553263	0.00374074	0.0017079	4	3.8577	4.033	4.47038	4.48286	7.61562e-05
0.00365845	0.00387145	0.00290936	0.00156098	4	3.17724	3.52483	3.66292	4.2733	7.96104e-05
0.00666738	0.00556134	0.00387896	0.00202013	4	5.45272	4.24793	4.24589	4.82072	4.40627e-05
0.0114802	0.00723449	0.00518922	0.00302426	4	5.84538	5.08106	4.99665	6.23093	0.000190094
0.00525095	0.00517749	0.00371072	0.00179742	4	4.29758	3.76217	4.02362	4.55312	1.4127e-05
0.00578829	0.00507751	0.00394914	0.00216747	4	3.51712	3.87221	4.09895	5.22056	6.71278e-05
0.00525331	0.00477966	0.00325316	0.00150125	4	3.20777	3.40601	4.01665	4.19333	2.80945e-05
0.00642572	0.00637315	0.00460982	0.00210304	4	3.09804	3.87643	4.45349	5.03544	2.20785e-05
0.00586301	0.00488028	0.00347706	0.00181478	4	3.17719	3.87757	3.94983	4.30979	0.000765408
0.00960066	0.00689975	0.00477988	0.00260023	4	4.94092	4.64259	4.62745	5.52136	0.000153895
0.00738419	0.00555419	0.0041407	0.00219826	4	3.74458	4.4934	4.34978	5.18429	0.00100391
0.00503642	0.00429342	0.00322685	0.00161671	4	3.71567	3.9472	3.8974	4.46482	7.11853e-05
0.00324774	0.00290657	0.00210073	0.00108983	4	3.2083	3.12694	3.14214	3.45915	5.16629e-05
0.00215628	0.00286372	0.00222827	0.00110718	4	2.32023	2.79552	3.04138	3.63342	1.68386e-05
0.0031781	0.00418673	0.00327866	0.00141125	4	2.66763	3.36098	3.7155	4.1503	6.48708e-06
0.0072891	0.00577929	0.00411866	0.0022705	4	6.32529	4.44924	4.51359	5.13286	2.93662e-05
0.00873545	0.00658407	0.00455636	0.00251639	4	5.05433	4.49722	4.52066	5.18919	0.00017927
0.00751404	0.00622821	0.00421599	0.00193353	4	4.12634	4.01096	4.33768	4.73538	3.51997e-05
0.00643145	0.00419214	0.00321628	0.00192077	4	4.41997	4.41197	4.22148	5.0646	0.000544145
0.00817886	0.00694557	0.00511439	0.00272372	4	5.11888	4.63935	4.93576	5.75876	3.59954e-05
0.0148998	0.00962792	0.00634152	0.00319835	4	5.95769	5.23475	5.59377	5.99663	0.000115864
0.00668104	0.00568758	0.00378458	0.0017487	4	3.34945	3.52849	4.23776	4.56521	2.82652e-05
0.0121488	0.00916775	0.00606092	0.0031576	4	6.23575	4.96309	5.42426	6.11067	4.10249e-05
0.00959698	0.00801741	0.00641493	0.0037326	4	6.94855	5.82182	5.62345	7.02837	8.98176e-05
0.0143328	0.00818855	0.00585883	0.00307844	4	7.39987	5.86203	5.47879	5.93974	0.000360679
0.00571331	0.004441	0.00349969	0.00228337	4	5.97929	4.5548	4.07866	5.45737	7.84756e-05
0.00497028	0.00436952	0.00350291	0.00193573	4	3.27146	4.01921	3.94259	4.82267	0.000181385
0.00657338	0.00514367	0.00386009	0.00227999	4	5.63727	4.52618	4.25868	5.25298	0.000145757
0.00718104	0.00534454	0.00406251	0.00232788	4	5.60551	4.60815	4.4563	5.47519	9.39895e-05
0.00687537	0.00542989	0.00388931	0.00195199	4	3.90281	4.03276	4.64547	4.89551	0.000116282
0.00559651	0.00480227	0.00340676	0.00182508	4	3.48702	3.63977	4.01157	4.72644	0.000148107
0.00561379	0.00587767	0.00423158	0.00207818	4	4.78375	3.82287	4.28491	5.02587	3.91956e-06
0.00285387	0.00302917	0.00229093	0.00114471	4	2.56602	3.0035	3.23195	3.71489	3.13648e-05
0.00928389	0.00690568	0.00563958	0.00353848	4	7.60995	5.9777	5.27331	6.33454	0.000237266
0.00536137	0.00458966	0.00351879	0.00200163	4	5.02092	4.47526	4.23377	4.79895	0.000297149
0.0044694	0.00456452	0.00395866	0.00243193	4	3.13439	4.31031	4.19698	5.40979	0.00107584
0.0104599	0.00716636	0.00508663	0.00278728	4	6.58254	4.87839	5.06794	5.94777	4.25384e-05
0.0032936	0.0038952	0.00300462	0.00151845	4	2.72391	3.29889	3.45038	4.4196	1.93226e-05
0.0052902	0.00486789	0.00353762	0.0017886	4	4.27194	3.89075	4.02379	4.56939	2.76264e-05
0.0182453	0.0104877	0.00693693	0.00351561	4	7.31399	5.73993	6.02154	6.3682	0.000193104
0.014812	0.00910854	0.00624556	0.00304276	4	6.29226	5.62045	5.6383	6.03025	0.00021233
0.00431818	0.00393002	0.00329891	0.00183825	4	3.77053	4.17247	3.82802	4.89503	0.000168392
0.0131431	0.00838354	0.00564567	0.00285786	4	5.37571	5.03333	5.37415	5.75868	0.000225248
0.00402139	0.00367648	0.00261292	0.00128653	4	4.40495	3.43115	3.61211	3.92005	1.36302e-05
0.00661752	0.00519289	0.00396924	0.00204996	4	4.50914	4.44092	4.12334	4.90276	8.32755e-05
0.00274795	0.00288675	0.00234068	0.00123209	4	2.52312	3.0084	3.09635	4.0645	1.92247e-05
0.00887957	0.00571914	0.00387364	0.00207601	4	5.46921	4.3646	4.52979	4.96884	0.000114511
0.010227	0.00759643	0.00495857	0.00248864	4	6.73973	4.62452	4.89586	5.42422	2.95347e-05
0.010203	0.00709457	0.00497597	0.00271916	4	5.25483	4.67568	5.16417	5.73712	0.000146962
0.00992652	0.00709591	0.00513005	0.00296748	4	6.81865	5.06263	5.01212	5.95496	8.56919e-05
0.007756	0.0074378	0.00564829	0.00291807	4	5.23463	4.98316	5.11902	5.71598	0.000163923
0.00596852	0.0061166	0.00461542	0.00239924	4	4.55097	4.40564	4.41584	5.33929	9.3626e-05
0.00632958	0.00455528	0.00301659	0.00161632	4	4.37217	3.72565	4.05803	4.47602	5.65053e-05
0.00729788	0.0058179	0.00413139	0.0022332	4	4.54768	4.22978	4.24911	5.04925	0.000143823
0.00547712	0.00524692	0.00371175	0.00183059	4	3.31159	3.78773	4.20606	4.46226	0.000140154
0.00622664	0.00526792	0.00421371	0.00246633	4	3.6209	4.35817	4.32541	5.66448	0.000349824
0.00481979	0.00408858	0.00320167	0.00182608	4	3.61329	4.02048	3.8709	4.81691	0.000261296
0.00274196	0.00267349	0.00203645	0.00114584	4	2.39458	2.83429	3.00015	3.81889	8.94162e-05
0.00689676	0.00545363	0.00405421	0.00213741	4	3.60853	4.25205	4.45682	5.08129	0.000379614
0.0075805	0.00568326	0.00397493	0.00221799	4	5.09892	4.2039	4.30842	4.94746	0.000201344
0.010859	0.00911512	0.00697003	0.0037846	4	5.11431	5.41703	5.85004	6.84948	9.45257e-05
0.00616411	0.00499529	0.00352768	0.00196152	4	3.77644	3.76571	3.97292	5.04499	5.37546e-05
0.00984214	0.00689818	0.00517937	0.00285425	4	5.16102	5.03826	5.08005	5.82287	0.000784311
0.00944114	0.00717016	0.005006	0.00279048	4	5.11809	4.45958	4.95861	5.94247	3.6498e-05
0.00390645	0.0038238	0.00275815	0.00141616	4	2.67462	3.093	3.43662	4.16368	3.86697e-05
0.0048598	0.00518191	0.00396224	0.00212817	4	3.4755	3.85336	4.14576	4.97111	5.64188e-05
0.0064821	0.00475429	0.00300461	0.00139421	4	5.72661	3.59452	3.80777	4.3263	2.70529e-06
0.00271814	0.00312555	0.00231484	0.00103342	4	2.14985	2.68559	2.98184	3.59704	6.18294e-06
0.0134811	0.00924161	0.0063394	0.00343073	4	5.95709	5.37816	5.80223	6.08308	0.000564208
0.00691878	0.005521	0.0038045	0.00186002	4	3.66516	3.79818	4.108	4.65475	8.31538e-05
0.0099984	0.00729778	0.00569121	0.00315046	4	6.67546	5.76538	5.42699	6.13088	0.000168454
0.00461005	0.00420422	0.00313452	0.00157461	4	3.48279	3.66798	3.66535	4.30676	4.63748e-05
0.00420156	0.00391903	0.00305804	0.00159196	4	3.38985	3.55415	3.50333	4.46623	3.94417e-05
0.00546699	0.00468399	0.00363804	0.00202714	4	3.33803	3.91377	4.04267	5.0411	0.000152925
0.00489196	0.00440245	0.00318526	0.00160005	4	3.06008	3.52776	3.97061	4.26159	0.000117636
0.00841459	0.00589104	0.00416794	0.00213283	4	4.31775	4.23872	4.53924	5.26333	0.000111968
0.0140613	0.00889616	0.00608916	0.00333404	4	6.81143	5.48911	5.56997	6.16923	0.000285719
0.00712346	0.00617824	0.00437252	0.00211273	4	5.25903	4.2258	4.34819	5.21874	8.48712e-06
0.00565869	0.00476392	0.00329778	0.00157046	4	4.33085	3.76228	4.02509	4.30996	1.41311e-05
0.00991582	0.00638724	0.00465992	0.00252081	4	4.06727	4.75035	4.75066	5.33214	0.0013187
0.00606502	0.00455615	0.00349704	0.00200809	4	4.94016	4.27647	3.96577	5.07639	8.22862e-05
0.00781542	0.00688056	0.00538468	0.00258063	4	4.14575	4.81112	4.96954	5.74755	4.54984e-05
0.00392535	0.00296424	0.00218071	0.00112574	4	3.00992	3.1966	3.11725	3.90031	4.73671e-05
0.010603	0.00693549	0.00449732	0.00240484	4	5.61856	4.47996	4.90915	5.40482	0.000107719
0.00444661	0.00386773	0.00311282	0.0018033	4	3.13585	3.69961	3.7845	4.69154	0.000232649
0.00387895	0.00322858	0.00231715	0.00123425	4	3.33553	3.23738	3.24973	3.91737	6.26881e-05
0.00785876	0.00571314	0.00425131	0.00234009	4	5.06739	4.77287	4.41277	5.06743	0.000326316
0.00506932	0.00407739	0.00342541	0.0020476	4	4.53352	4.23224	3.88536	5.25864	6.08513e-05
0.00560931	0.00486881	0.00383061	0.00210325	4	4.48966	4.36453	4.21763	5.0903	6.97209e-05
0.00597553	0.00464935	0.00316527	0.00145889	4	3.19259	3.47059	3.83237	4.26051	5.54599e-05
0.00953128	0.00648284	0.0044236	0.00236191	4	5.44551	4.60743	4.80998	5.13318	0.000376954
0.00414236	0.00456798	0.0034301	0.00174172	4	3.17671	3.38416	3.68495	4.58324	7.72286e-06
0.00464585	0.0040681	0.00302046	0.0015491	4	3.36413	3.5696	3.6118	4.37112	8.07538e-05
0.00928578	0.00725409	0.00504852	0.00242191	4	5.13163	4.8888	5.02656	5.10195	0.000150998
0.00293981	0.00285976	0.00212973	0.0011209	4	2.42043	2.87799	3.0262	3.80303	3.37775e-05
0.00772308	0.00564002	0.00423512	0.0024991	4	5.62842	4.65819	4.47802	5.53772	8.69336e-05
0.00625074	0.00553015	0.00421648	0.00229065	4	3.4996	4.24415	4.2057	5.16175	0.000223691
0.0106128	0.00798288	0.00540784	0.00307899	4	6.45798	5.04957	5.37855	5.80897	0.000491916
0.00395039	0.00437069	0.00326445	0.00165967	4	2.64298	3.28819	3.5614	4.45764	2.61368e-05
0.00916226	0.00673778	0.00464327	0.00212365	4	4.59185	4.28041	4.56993	4.9833	4.36402e-05
0.00427353	0.00408019	0.00333519	0.00162707	4	3.41356	4.05524	4.18936	4.40323	0.000101856
0.00735136	0.00561599	0.00385544	0.00187784	4	4.85773	4.11026	4.47727	4.7886	1.96473e-05
0.0079231	0.00718825	0.00534516	0.00266322	4	3.82606	4.46533	4.92595	5.60351	0.000150503
0.00764905	0.00532816	0.00399293	0.00244954	4	5.47757	4.33765	4.3295	5.65416	8.38791e-05
0.00420265	0.00418349	0.00312762	0.00161917	4	3.25066	3.60605	3.72904	4.41284	7.91925e-05
0.00659713	0.00543779	0.00410956	0.00235397	4	4.34623	4.49699	4.61239	5.1599	0.000413755
0.0118257	0.01004	0.00729169	0.00360741	4	6.07946	5.6152	5.9121	6.33908	0.0001034
0.00542494	0.00396174	0.00279371	0.00149212	4	4.31115	3.61089	3.61215	4.41282	2.96517e-05
0.0058027	0.0050916	0.00409634	0.00213312	4	3.12218	4.29348	4.27536	4.93389	0.000517037
0.00780126	0.00587953	0.00444092	0.00232724	4	5.18459	4.69262	4.48268	5.24869	7.66826e-05
0.00579251	0.0053099	0.0032559	0.0014741	4	4.36343	3.20695	3.91697	4.27882	5.28703e-06
0.00403557	0.00432885	0.00326361	0.00170768	4	3.28287	3.46608	3.85564	4.60886	3.23177e-05
0.0142866	0.00924014	0.00669329	0.0039097	4	8.62952	5.91954	5.77176	6.72723	7.94349e-05
0.003899	0.00388288	0.00294694	0.00159432	4	2.36532	3.28955	3.56333	4.36773	0.000123969
0.00563789	0.00490771	0.00349021	0.00174948	4	3.46203	3.74982	4.0689	4.51264	4.93412e-05
0.0066296	0.00500822	0.00348185	0.00177911	4	4.21931	3.8801	4.04953	4.70747	5.34733e-05
0.00515326	0.00354129	0.0025803	0.00140506	4	3.08848	3.70478	3.55644	4.19961	0.000953472
0.00323009	0.00392867	0.00314833	0.0016882	4	2.99007	3.34272	3.65109	4.72925	1.50672e-05
0.0114507	0.00769337	0.00481074	0.00221246	4	6.41813	4.77747	4.95025	5.05794	7.01746e-05
0.0059751	0.00483078	0.00322206	0.00142511	4	3.27161	3.4219	3.7947	4.08071	1.40686e-05
0.00359808	0.00315701	0.0022726	0.00118207	4	3.32474	3.12229	3.27418	3.80763	6.76548e-05
0.0104081	0.0076804	0.00574796	0.00328556	4	6.3824	5.5666	5.26139	6.14264	0.000723161
0.00855386	0.00700931	0.00477208	0.00218911	4	4.84974	4.3049	4.72542	5.05449	1.26466e-05
0.00435519	0.00452297	0.00386532	0.00216408	4	3.12072	4.01957	4.02714	5.19986	0.000114081
0.00276759	0.00333377	0.00264621	0.00130174	4	2.29136	3.15732	3.29777	3.94124	4.43381e-05
0.00437686	0.00321295	0.00238883	0.00134734	4	3.45318	3.53502	3.25667	4.13043	0.00011759
0.0106677	0.0067588	0.00432857	0.00216216	4	4.31832	4.24246	4.7212	5.11439	0.000207392
0.0074016	0.00511666	0.00364451	0.00206923	4	4.38528	4.0895	4.37576	4.91157	8.62287e-05
0.00282007	0.00227915	0.00188512	0.00116639	4	2.85645	3.12948	2.82489	3.87831	8.02758e-05
0.00472123	0.00491563	0.00370994	0.00199128	4	3.1578	3.66081	3.97017	5.05046	4.55272e-05
0.00768045	0.00537693	0.00336529	0.00161495	4	4.06618	3.47539	4.11296	4.58835	2.59369e-05
0.00938744	0.0054814	0.00415161	0.00219765	4	4.52231	5.0372	4.52774	5.23283	0.00120766
0.0139713	0.00971003	0.00738907	0.00437528	4	6.45042	6.22855	6.02922	7.11558	0.00158823
0.00460821	0.00434697	0.00318899	0.00160656	4	2.96861	3.39149	3.76773	4.55599	1.43534e-05
0.00377088	0.00374167	0.0031751	0.00193096	4	3.75377	4.08962	3.83939	4.69246	0.000289709
0.00736988	0.00553452	0.00423521	0.00240414	4	4.7821	4.91901	4.61845	5.44341	0.000847124
0.00445251	0.00498789	0.0039782	0.00191995	4	3.69198	4.17679	4.03156	4.63505	3.00792e-05
0.00794956	0.0054434	0.00385663	0.00212472	4	4.27673	4.26437	4.45444	5.0475	0.000382469
0.00696789	0.00529239	0.00391195	0.00190919	4	4.07639	4.20539	4.27105	4.78821	0.000149323
0.0083198	0.00560831	0.00422836	0.00251191	4	6.06074	4.94659	4.47761	5.56379	0.000147602
0.00379868	0.00373041	0.00272041	0.00130443	4	2.6627	3.00475	3.45124	4.04264	6.68625e-06
0.0104411	0.00733478	0.00501125	0.00269995	4	5.45227	4.65927	5.11661	5.74857	9.43245e-05
0.0137281	0.00841982	0.0056723	0.00286534	4	7.31298	5.01729	5.21384	6.05658	9.70445e-06
0.00986081	0.00629852	0.00450241	0.00238305	4	3.84161	4.36891	4.7096	5.31008	0.000198193
0.00964208	0.00814221	0.00669243	0.00387556	4	5.80363	6.14547	5.58961	6.47037	0.00059489
0.00856156	0.0071531	0.00506187	0.00269147	4	5.36142	4.62777	4.90473	5.87044	0.000105214
0.00355118	0.0029627	0.00210424	0.00106204	4	3.02236	3.03395	3.19166	3.65107	2.92892e-05
0.00529993	0.00413925	0.00311948	0.00161313	4	2.93444	3.65505	3.81775	4.57426	8.88802e-05
0.0047698	0.0044224	0.00342009	0.00180402	4	3.49667	3.77252	3.81466	4.78432	6.4154e-05
0.00413765	0.004457	0.00375103	0.00198576	4	3.28851	4.19916	4.05022	4.88862	0.000108004
0.00323232	0.002964	0.00237783	0.00139977	4	3.08354	3.3317	3.22506	4.20239	7.36439e-05
0.00475017	0.00402181	0.00328029	0.00198002	4	4.20921	4.30198	3.86111	5.04611	0.000216326
0.00541181	0.00406906	0.00281506	0.00145217	4	3.83234	3.73758	3.83367	4.10398	0.000114553
0.00482219	0.00387205	0.00274335	0.00147652	4	3.7564	3.49225	3.59737	4.3665	5.92148e-05
0.011929	0.00804564	0.00588523	0.00336194	4	5.84729	5.44567	5.48269	6.18387	0.000235987
0.0165755	0.0092044	0.00674786	0.00393897	4	8.41968	6.28139	5.90617	7.11692	0.000136177
0.00721212	0.00574426	0.00398928	0.00200453	4	4.02483	3.91512	4.25949	4.83411	7.95273e-05
0.00459691	0.00344434	0.00242844	0.00126293	4	3.04584	3.28685	3.44613	3.82458	0.000186006
0.00813969	0.00537181	0.00384871	0.00217213	4	4.88674	4.51881	4.30643	5.00179	0.000797131
0.0029461	0.00311904	0.00240207	0.00131092	4	2.58147	3.14461	3.3373	3.99048	0.000114193
0.00647155	0.00505732	0.00321742	0.00146251	4	3.24725	3.40003	3.93475	4.1534	4.67575e-05
0.00808875	0.00736221	0.00536595	0.00268365	4	5.62921	4.64975	4.95178	5.59454	3.65018e-05
0.00728791	0.00709843	0.00513355	0.00254838	4	5.50716	4.4564	4.65007	5.54009	1.30786e-05
0.00497304	0.00388461	0.00312369	0.00185664	4	3.22722	3.97633	3.79222	4.75603	0.000802785
0.00651162	0.00569841	0.00427344	0.00221998	4	4.00915	4.33399	4.44157	5.08553	0.000182306
0.00593061	0.00505505	0.0039707	0.00219551	4	3.9596	4.27511	4.30536	5.22834	0.000112874
0.0238938	0.0114944	0.00775273	0.00432539	4	9.26837	6.56507	6.39008	7.01767	0.000430874
0.00628012	0.00477655	0.0031817	0.00161367	4	4.60104	3.71695	3.78809	4.40897	3.30667e-05
0.00782818	0.0057817	0.0040807	0.0023489	4	5.54567	4.3396	4.65751	5.50186	3.86787e-05
0.0053866	0.00555664	0.0044203	0.00269643	4	4.77981	4.42578	4.5253	5.76195	0.00013208
0.00394686	0.00441729	0.00329586	0.00155973	4	3.02541	3.51986	3.62188	4.4389	2.09542e-05
0.00666356	0.00519877	0.00377943	0.00191963	4	4.97535	4.38583	4.34722	4.76201	6.48411e-05
0.00393639	0.00481039	0.0037642	0.00191723	4	2.4661	3.60808	3.8315	4.57856	0.000372947
0.00419612	0.00445533	0.0033679	0.00164855	4	3.12273	3.64622	3.83156	4.35248	9.02436e-05
0.0073451	0.00750752	0.00510648	0.00252919	4	4.29597	4.10333	4.91446	5.50548	5.02295e-05
0.00483834	0.00456303	0.00324273	0.00163698	4	3.58822	3.69675	3.91988	4.41971	8.04309e-05
0.00940236	0.00722028	0.00520899	0.0026929	4	5.53528	4.94106	5.04265	5.71334	0.000115249
0.0112524	0.00734995	0.00545795	0.00308926	4	6.80099	5.34434	5.28935	6.20068	0.00014108
0.00794963	0.00544942	0.00401533	0.00239713	4	5.33368	4.5282	4.40731	5.36327	0.000270583
0.0105469	0.00836478	0.00578909	0.00294987	4	4.58272	4.78399	5.2403	5.6107	0.000415233
0.00863098	0.00758802	0.00553291	0.00287564	4	4.99713	4.69404	5.29244	5.88659	5.83918e-05
0.00893887	0.00670915	0.00447185	0.00216957	4	4.63351	4.40118	4.65784	5.09972	8.17212e-05
0.00483575	0.00368258	0.00261723	0.00134122	4	3.41584	3.50042	3.54649	3.93404	9.63203e-05
0.00765143	0.00558741	0.00419817	0.00245733	4	5.20471	4.91961	4.72594	5.27556	0.00070063
0.00525965	0.00553089	0.00390473	0.00180976	4	3.65191	3.79033	4.2039	4.45738	6.76423e-05
0.00813626	0.00599949	0.00474348	0.00266721	4	4.65987	4.96397	4.7009	5.82613	0.000397936
0.00350733	0.00353181	0.0026097	0.00136377	4	2.88329	3.26278	3.31968	4.08869	0.000123913
0.00484161	0.00377938	0.00300922	0.00169923	4	3.85131	4.21061	3.72085	4.55986	0.000977713
0.00560278	0.00500395	0.00409668	0.00236045	4	4.03253	4.53046	4.25609	5.35996	0.000304207
0.00585022	0.00476976	0.00359457	0.00183603	4	4.37993	4.17752	3.98689	4.67716	4.32737e-05
0.00767274	0.00572453	0.00433891	0.00251012	4	4.55569	4.3271	4.36003	5.57528	0.000101815
0.0090634	0.00684196	0.0047174	0.00229739	4	4.39262	4.36429	4.76865	5.27497	4.65104e-05
0.00577774	0.00445299	0.00326354	0.0017772	4	3.7495	3.89361	3.96543	4.75527	0.000113112
0.00398543	0.00391575	0.00303866	0.00161225	4	2.7555	3.30315	3.61652	4.63595	3.30645e-05
0.00852974	0.00782999	0.0058744	0.00273678	4	3.75152	4.74049	5.26862	5.60295	0.000125489
0.00349168	0.00332048	0.00245995	0.00122371	4	2.50347	3.138	3.3118	3.87601	5.95894e-05
0.00851913	0.00625819	0.00443211	0.00247163	4	5.27382	4.72143	4.52304	5.42384	0.000336626
0.00487926	0.00433478	0.00326687	0.00174766	4	3.94842	3.90971	4.12202	4.73706	2.7038e-05
0.00953991	0.00716546	0.00562192	0.00332085	4	6.06851	5.60868	5.36742	6.40696	0.000302514
0.00487984	0.00446377	0.00306719	0.00143296	4	2.46703	3.22461	3.70459	4.17973	8.33018e-05
0.00645925	0.00531036	0.00452856	0.00269527	4	5.44467	5.1572	4.52392	5.77611	0.000113548
0.00279243	0.00293742	0.00210642	0.00107312	4	2.07661	2.6144	2.98878	3.63557	2.48024e-05
0.00953706	0.00544193	0.00362392	0.00202045	4	5.68721	4.43765	4.39995	4.94914	0.000348798
0.00837416	0.00633349	0.00466101	0.00259849	4	4.65833	4.78833	4.89859	5.28574	0.000479332
0.0103728	0.00756901	0.0052287	0.00266275	4	5.69915	4.75914	5.02706	5.70736	5.05058e-05
0.00638517	0.0061476	0.00431443	0.00216166	4	3.25243	3.82727	4.41573	4.89678	0.000139182
0.00738152	0.00569619	0.00399931	0.0020766	4	4.6314	4.23821	4.24479	5.02573	7.95497e-05
0.00618191	0.00475248	0.003809	0.00228345	4	4.97192	4.60149	4.2678	5.4712	0.000141296
0.00310296	0.00312549	0.00219375	0.00091854	4	2.24282	2.87209	3.04992	3.24508	4.22585e-05
0.00443789	0.00323986	0.00221275	0.00112947	4	3.42572	3.33518	3.51125	3.6453	0.000160139
0.0080204	0.00596828	0.00404024	0.00212734	4	3.73597	4.0003	4.48069	5.03832	0.000189869
0.0127877	0.00736396	0.00532589	0.00288942	4	5.66582	5.20659	5.23515	5.98731	0.000345803
0.00808603	0.00661798	0.00481323	0.00240577	4	4.39971	4.48729	4.75687	5.30393	0.000105878
0.00422285	0.00418608	0.0030853	0.00155822	4	3.70299	3.50807	3.63221	4.44525	2.03341e-05
0.00323529	0.00305332	0.00241943	0.00128099	4	2.20321	3.1264	3.39932	4.00187	0.000235302
0.00602844	0.00524157	0.00414037	0.00227368	4	3.02976	4.08351	4.29339	5.21987	0.000419493
0.0114969	0.00705078	0.00485092	0.00286506	4	8.27281	5.25786	5.19078	5.71004	0.000250425
0.00965478	0.0072086	0.00475063	0.00226547	4	5.30752	4.29369	4.5323	5.19082	2.90779e-05
0.0231335	0.0139568	0.00935049	0.00463945	4	9.1313	6.82903	7.06567	7.475	0.000167318
0.00821246	0.00632292	0.00486058	0.00261782	4	5.4857	4.93657	4.65438	5.51976	9.45634e-05
0.0105435	0.00907284	0.00656661	0.00304523	4	4.22797	4.79275	5.26044	5.98139	9.43168e-05
0.00571468	0.00444209	0.0036031	0.00202782	4	4.4713	4.39542	3.9876	4.95619	0.000120308
0.0065123	0.0069808	0.00481796	0.00217818	4	2.97363	3.7797	4.6061	4.88303	5.13376e-05
0.00634345	0.00649354	0.00480451	0.00231076	4	4.13483	4.30321	4.51717	5.13299	0.000114216
0.00940251	0.00630124	0.00457632	0.00256497	4	5.22728	4.77367	4.77771	5.40669	0.000432727
0.00969541	0.00697158	0.00463025	0.00230039	4	4.9634	4.22236	4.71927	5.29227	4.93302e-05
0.00715871	0.00627975	0.00473945	0.00272961	4	5.58818	4.93224	5.08106	5.74229	0.000205123
0.00985013	0.00736864	0.00507012	0.0026026	4	4.34355	4.69454	5.04993	5.31638	0.000481411
0.00308133	0.00341471	0.00257769	0.00130245	4	3.0533	3.15636	3.3349	3.9706	1.22947e-05
0.00662425	0.00495047	0.00393919	0.00252816	4	7.35259	5.07267	4.4858	5.60448	0.000229423
0.00324039	0.00330363	0.0026789	0.00147848	4	2.7563	3.55105	3.4245	4.17481	0.000256738
0.00699697	0.00481046	0.00366545	0.0020681	4	4.66113	4.60622	4.21483	4.89882	0.00040982
0.0147183	0.00764358	0.00501523	0.00259197	4	5.59461	4.99607	5.17541	5.47812	0.000560723
0.00696771	0.00576551	0.00391764	0.00206073	4	3.63018	3.76664	4.28628	5.03533	8.70546e-05
0.00638248	0.00464587	0.00320303	0.00166453	4	4.5352	3.88867	3.87282	4.39747	5.84713e-05
0.00556469	0.0042862	0.00310311	0.00157205	4	3.30838	3.72966	4.0118	4.2203	0.000197726
0.00954985	0.00675321	0.00494016	0.0027872	4	5.24729	4.84463	4.77364	5.83578	0.000122105
0.00421669	0.00378131	0.00268433	0.0013609	4	4.04896	3.55117	3.39145	4.00398	1.99601e-05
0.00458626	0.00373291	0.00262552	0.00145524	4	3.57531	3.65559	3.50987	4.16545	0.000269048
0.0110803	0.00830346	0.0060581	0.00301728	4	4.88218	5.17757	5.16599	6.05873	0.000123633
0.00457329	0.00399649	0.00324642	0.0019516	4	3.52505	4.00722	3.98615	5.03201	0.000264899
0.00363657	0.00356652	0.0026368	0.00125027	4	2.49681	3.15469	3.4171	3.79761	5.44947e-05
0.00448303	0.00329953	0.0023434	0.00126822	4	2.84484	3.25518	3.36222	3.93907	0.000503908
0.00929431	0.00577115	0.00400428	0.00226229	4	5.47999	4.52967	4.45967	5.3296	0.000273651
0.0059613	0.00497343	0.00335343	0.00160184	4	3.37198	3.53335	3.9409	4.37545	4.68536e-05
0.0100656	0.00687016	0.00505462	0.00278335	4	5.47961	5.08658	4.88757	5.67838	0.000272117
0.00716431	0.00574098	0.00394899	0.00195731	4	4.83963	4.0606	4.30598	4.83724	3.19379e-05
0.00700709	0.00566265	0.00387708	0.00192627	4	4.12941	3.92646	4.53705	4.81641	0.000107729
0.00415367	0.00370983	0.00290598	0.00177367	4	4.68682	3.82112	3.77335	4.75645	6.11377e-05
0.00710849	0.00607393	0.00440659	0.00224723	4	5.05212	4.47618	4.56846	5.0338	6.99537e-05
0.00708822	0.00534737	0.00377241	0.00207478	4	4.28499	3.9087	4.12144	5.08534	6.99391e-05
0.00689482	0.00488554	0.00353368	0.00177823	4	4.17436	3.93368	3.77006	4.52266	5.00054e-05
0.0090264	0.00507019	0.0033455	0.00190799	4	6.09094	4.25235	4.20974	4.79771	0.000115526
0.00599419	0.00464495	0.00314746	0.0015983	4	4.23981	3.65893	3.79209	4.28583	2.4191e-05
0.00437414	0.00364577	0.00282581	0.00156283	4	4.26363	3.67286	3.6177	4.55495	1.29622e-05
0.0121248	0.00639153	0.0046243	0.0027482	4	6.58456	5.28759	4.93854	6.0345	0.000517403
0.0082161	0.00612589	0.00399734	0.00210135	4	3.57744	3.86703	4.49483	5.11536	0.000182952
0.00498168	0.00481714	0.00358335	0.00203597	4	3.88337	3.77402	4.11088	5.042	8.54141e-05
0.00945171	0.00791527	0.00555853	0.00271485	4	5.32903	4.89038	5.09272	5.66254	0.000135797
0.00712951	0.00493187	0.00338305	0.00196297	4	5.06183	4.07572	4.1243	4.85341	0.000362378
0.00314293	0.00288021	0.00222333	0.00109033	4	2.08244	2.93649	3.12123	3.71923	0.000103799
0.00887428	0.00659231	0.00409215	0.00194134	4	4.66714	4.10637	4.50094	4.60736	0.00014915
0.0048851	0.00479386	0.00323814	0.00156455	4	4.34603	3.54124	3.91071	4.28246	1.88075e-05
0.00830527	0.0062995	0.00450096	0.00244244	4	6.63163	4.79557	4.74884	5.44337	3.44401e-05
0.0110515	0.00800072	0.00519884	0.00241254	4	4.95594	4.34467	4.95517	5.24743	3.35995e-05
0.0047717	0.00426117	0.00310038	0.00153154	4	3.74825	3.65132	3.78106	4.18902	4.42934e-05
0.008492	0.00542337	0.00407478	0.0023865	4	4.80936	4.75153	4.48851	5.23792	0.000572425
0.0048966	0.00438741	0.00335192	0.0018148	4	3.93166	3.96233	4.01887	4.86285	0.000119057
0.00451431	0.00413367	0.00304928	0.00147053	4	3.66495	3.70219	3.7451	4.16847	3.19533e-05
0.00528168	0.00396019	0.00289899	0.00161942	4	4.38519	3.7252	3.84161	4.54017	5.06777e-05
0.0094221	0.00777973	0.00525737	0.00269003	4	6.00763	4.67518	5.03073	5.47018	0.000105713
0.00373183	0.00307117	0.00204469	0.000875685	4	2.48629	2.76361	3.07753	3.13683	1.36575e-05
0.00572875	0.00548566	0.00363291	0.00168916	4	3.64115	3.53976	4.0892	4.51487	2.4604e-05
0.00868839	0.00488068	0.00323197	0.00192999	4	5.23359	4.14887	4.12604	4.99033	0.000587402
0.0064891	0.00458377	0.00337297	0.00186523	4	2.9314	3.99275	4.13328	4.86782	0.000789634
0.00534553	0.0041941	0.00310863	0.00175007	4	3.88108	3.82705	3.871	4.70333	0.000134733
0.00516602	0.00418182	0.00303332	0.00154444	4	3.42094	3.68249	3.79186	4.34978	8.23079e-05
0.00774201	0.00582036	0.00387469	0.00188516	4	4.36073	3.88255	4.38671	4.63975	4.70124e-05
0.00412401	0.00350104	0.00241397	0.00126367	4	3.57643	3.07584	3.36132	4.04664	1.6559e-05
0.0077149	0.00601918	0.004233	0.00220967	4	5.26756	4.48167	4.51944	5.16174	5.98157e-05
0.00689992	0.00539212	0.00399995	0.0022978	4	4.4787	4.38164	4.33511	5.20697	0.000347085
0.00585309	0.00420481	0.00319749	0.00182917	4	4.65178	4.23061	4.07584	4.76206	0.000187416
0.00605714	0.00575768	0.0045428	0.00242225	4	3.67467	4.35529	4.4092	5.31174	0.000194537
0.00494103	0.00386269	0.00262627	0.00124318	4	3.02192	3.4606	3.46956	3.68925	0.000206996
0.00652207	0.00527516	0.00387391	0.00181259	4	3.53433	4.17783	4.1007	4.42915	0.000312497
0.00656266	0.00421383	0.00284583	0.00148642	4	3.70123	3.61739	3.88984	4.37666	0.000135901
0.00420476	0.00419533	0.00349077	0.00195335	4	3.65856	4.0542	3.76686	4.93616	6.26058e-05
0.0089964	0.00802066	0.0057978	0.00289071	4	4.39833	4.88628	5.31293	5.80989	0.000268919
0.00624814	0.00611287	0.00439107	0.00222454	4	5.22243	4.46499	4.41164	4.88407	4.20359e-05
0.00415326	0.00386214	0.0029701	0.00153599	4	3.12217	3.37066	3.57197	4.50466	5.96574e-06
0.00532732	0.00546369	0.00406913	0.00196689	4	4.31591	4.11889	4.36148	4.89987	3.03341e-05
0.00675509	0.00487483	0.0036632	0.00195563	4	4.4896	4.43886	4.22808	4.90681	0.000142626
0.00652738	0.00408442	0.00274234	0.00135266	4	2.92513	3.29741	3.70147	4.27064	8.26891e-05
0.00809043	0.00675732	0.00496972	0.00227965	4	3.74847	4.62591	4.85535	5.04652	0.000293044
0.00623688	0.00547496	0.00371459	0.00166376	4	2.98928	3.60405	4.20249	4.37698	8.15081e-05
0.00756212	0.00679205	0.00473642	0.00223924	4	3.62659	4.10022	4.62496	5.04504	0.000107507
0.0119174	0.00830236	0.00588767	0.00301933	4	5.95352	5.13903	5.20505	6.1623	9.48512e-05
0.0103657	0.00692917	0.00519075	0.00287812	4	5.00837	5.16469	5.13586	5.95607	0.000606745
0.00766453	0.00612088	0.00469118	0.0026	4	5.03265	4.82916	4.57253	5.47768	0.000359162
0.00576991	0.00500785	0.0035459	0.00174146	4	3.73225	3.87944	4.2161	4.46	0.000126051
0.0109626	0.00817262	0.00562412	0.00269655	4	4.77589	4.68711	5.02381	5.60179	0.000118252
0.00902537	0.00616423	0.00401606	0.00197516	4	4.77902	4.22638	4.40237	4.81237	0.000192496
0.00541478	0.00412901	0.00311784	0.00181091	4	4.21815	4.06211	3.90843	4.73096	0.000236869
0.00533196	0.00470806	0.00397446	0.00228696	4	4.14264	4.43234	4.29676	5.38031	9.47979e-05
0.00505277	0.00474357	0.00372844	0.00185725	4	3.19002	3.84246	4.07781	4.74132	6.66707e-05
0.00579548	0.00473727	0.00346461	0.00199517	4	4.65206	4.06851	4.13279	4.96075	0.000110179
0.00524906	0.0046016	0.003226	0.00160472	4	3.98801	3.52796	3.98058	4.60887	7.86124e-06
0.00249376	0.00351495	0.00306096	0.00155013	4	2.71272	3.4518	3.6835	4.32746	2.19159e-05
0.00272139	0.00250714	0.00201848	0.00103256	4	2.23734	2.99477	2.96546	3.6019	4.39876e-05
0.00919322	0.00680423	0.00459775	0.0021922	4	5.31829	4.41071	4.7426	5.20632	1.07221e-05
0.00584673	0.00502687	0.00388607	0.00227813	4	5.69121	4.66049	4.38612	5.11878	8.82447e-05
0.00623363	0.00574738	0.00473754	0.0025752	4	3.883	4.65694	4.762	5.63493	0.000135353
0.0049001	0.00471186	0.00290607	0.0012412	4	2.50995	2.85982	3.56897	3.70029	2.85189e-05
0.00381492	0.00337496	0.0023956	0.00125102	4	3.26328	3.29738	3.28773	3.87668	0.0001173
0.00604238	0.00544632	0.0038912	0.00186028	4	3.75374	3.89394	4.20217	4.85725	6.08674e-05
0.00504432	0.00533365	0.00397921	0.00217153	4	4.67495	3.95953	4.15919	5.29788	1.85903e-05
0.00820061	0.00569916	0.00388345	0.00201045	4	4.51405	4.08697	4.41363	4.78384	0.000216291
0.0082416	0.00607079	0.00455853	0.00246309	4	4.89783	4.62432	4.61853	5.45671	0.00010883
0.01219	0.00754322	0.0055954	0.00349211	4	6.5614	5.65931	5.63625	6.34733	0.000792705
0.0149842	0.00944696	0.00695535	0.00386509	4	8.86532	6.28976	6.00166	6.98715	8.72026e-05
0.00484321	0.00424844	0.00318209	0.00172712	4	3.96291	3.79683	3.87104	4.48488	8.70103e-05
0.006268	0.00474229	0.00318341	0.00168608	4	4.74353	3.7664	3.81377	4.51911	4.3868e-05
0.0156086	0.00877129	0.00588223	0.00312136	4	5.63626	4.89918	5.36787	6.1984	8.85928e-05
0.00553587	0.00387698	0.00250056	0.00123524	4	4.04276	3.29901	3.38152	3.69119	1.27917e-05
0.00620915	0.0052037	0.00355771	0.00179529	4	4.18219	3.8357	4.04327	4.78009	3.47303e-05
0.00741931	0.00591626	0.004121	0.00210319	4	5.53956	4.17473	4.37617	5.10485	2.56692e-05
0.0100305	0.00681761	0.00477395	0.00237449	4	4.73921	4.64808	5.04077	5.34229	0.000147867
0.00674297	0.00574797	0.00431873	0.00240083	4	3.93415	4.34733	4.36441	5.26388	0.000365233
0.00456395	0.00413716	0.00335076	0.00186399	4	4.34181	4.20074	4.06342	4.93342	9.54923e-05
0.00558211	0.00412627	0.00310953	0.00179877	4	4.59339	4.05111	3.85906	4.8144	0.000118421
0.00876425	0.00613572	0.00483768	0.00271807	4	5.09644	5.25172	4.77484	5.72896	0.000729967
0.00615924	0.00413674	0.00321876	0.00198929	4	5.07504	4.34514	3.80838	4.85734	0.000247675
0.00522888	0.00465413	0.00311883	0.00154537	4	3.88384	3.50128	3.9697	4.19049	8.09159e-05
0.00232098	0.00244966	0.00189772	0.000990237	4	1.93579	2.64882	2.74261	3.46984	6.22343e-05
0.00601446	0.00421532	0.00286529	0.00148748	4	3.62778	3.64363	3.79939	4.1321	0.000285764
0.00977194	0.00616743	0.00466743	0.00277039	4	5.35012	5.02387	5.17304	5.8393	0.000701454
0.00700844	0.0051583	0.00358981	0.00181104	4	4.20589	3.88954	3.97344	4.64129	8.56018e-05
0.00533414	0.00559237	0.00391824	0.00189719	4	2.87709	3.58132	4.3559	4.52253	0.000195662
0.0052889	0.00519374	0.00412698	0.00215245	4	3.36266	4.25839	4.3413	5.16878	0.000319577
0.00560414	0.00432981	0.00319186	0.00176633	4	3.84792	4.00244	3.87406	4.55031	0.000233123
0.00360886	0.00380553	0.00311409	0.0016386	4	3.2389	3.70661	3.49936	4.53168	4.90553e-05
0.00909491	0.00748749	0.0055378	0.00300365	4	4.46368	5.10167	5.11838	5.66467	0.000772915
0.0053842	0.00474263	0.00371749	0.00213234	4	4.05523	4.26832	4.23912	5.07981	0.000285923
0.00359038	0.00372672	0.00277781	0.00148908	4	2.89111	3.19413	3.59946	4.43088	4.40778e-05
0.00323901	0.00318591	0.00240722	0.00128066	4	3.41599	3.40612	3.34805	3.80375	2.75374e-05
0.00701935	0.00599501	0.00423105	0.0020173	4	3.65145	4.21018	4.51171	4.7458	0.000326543
0.013838	0.0088673	0.00604167	0.00319113	4	6.53162	5.56829	5.58175	5.96454	0.000342887
0.00711681	0.00503867	0.00386433	0.00218206	4	3.59214	4.25714	4.15546	5.17341	0.000735961
0.00848056	0.0069528	0.00473307	0.00230384	4	4.08388	4.23323	4.80209	5.12672	8.73782e-05
0.0149339	0.00871667	0.00552278	0.00281813	4	6.42116	5.11318	5.65901	5.59403	0.00036304
0.0058736	0.00429958	0.00298735	0.00157187	4	3.90685	3.72512	3.86549	4.47073	0.000133401
0.011149	0.0068236	0.00475214	0.00253194	4	5.75922	5.13391	4.90183	5.29238	0.000574484
0.00452666	0.00443522	0.00364965	0.00208741	4	3.24074	4.03807	4.18062	4.956	0.000377441
0.00304816	0.00301846	0.00242628	0.00133363	4	3.21976	3.35364	3.27497	4.09065	3.51778e-05
0.0109495	0.00924628	0.00674646	0.00315316	4	5.84886	5.26466	5.37289	6.08586	1.4122e-05
0.00319972	0.00291213	0.00210789	0.00112218	4	3.12312	3.07188	3.12667	3.68254	7.09184e-05
0.00500629	0.00462856	0.00315912	0.00155445	4	3.87565	3.5829	3.91971	4.15118	4.73196e-05
0.00600337	0.00569096	0.00480969	0.00264864	4	5.2237	5.14216	4.70217	5.84979	0.000111593
0.00625225	0.00511977	0.00406256	0.00238882	4	4.15569	4.6501	4.44159	5.3634	0.000713596
0.00807119	0.00554733	0.00391595	0.00220724	4	3.83883	4.16781	4.31449	5.11964	0.000389538
0.00728251	0.00571604	0.00434124	0.00219505	4	4.95034	4.64577	4.50606	5.14363	8.09749e-05
0.00578062	0.00447847	0.00310892	0.00161739	4	4.2834	3.59507	3.89767	4.4854	4.09028e-05
0.00808213	0.00709257	0.00514616	0.00260954	4	4.85173	4.77288	5.11767	5.49165	0.000137906
0.0121476	0.00625024	0.00425734	0.00263734	4	6.84378	4.92904	4.75055	5.57453	0.000340436
0.00519697	0.00582829	0.00452571	0.00246608	4	3.54388	4.30795	4.49889	5.26715	0.000363963
0.00590365	0.0058673	0.00422333	0.00193131	4	3.54323	3.84645	4.34198	4.70747	2.9515e-05
0.00524216	0.00511205	0.00362479	0.00162317	4	3.41199	3.62338	3.94265	4.39393	1.76776e-05
0.00882359	0.00831192	0.00524858	0.00238682	4	4.14695	3.90394	4.90969	5.22041	1.71101e-05
0.00490889	0.00451213	0.0031108	0.00143683	4	3.56695	3.33085	3.75113	4.31635	3.29901e-06
0.00864695	0.00767349	0.00549942	0.00274699	4	4.98582	4.78552	5.18214	5.84735	9.02584e-05
0.0101414	0.00763049	0.00531513	0.0028929	4	4.54927	4.70168	4.97301	5.60107	0.000362368
0.0091308	0.0063635	0.00436085	0.0021928	4	4.76	4.40262	4.51323	5.03333	0.000167604
0.00339129	0.00318474	0.00246066	0.00141738	4	2.7152	3.18275	3.29532	4.24334	9.52153e-05
0.00446213	0.00332561	0.00245205	0.00136345	4	3.2023	3.40595	3.34785	4.09685	9.90343e-05
0.00405174	0.00434417	0.00351948	0.00182023	4	2.63006	3.72578	3.96461	4.61304	0.000160702
0.00517186	0.00446136	0.00347752	0.00193249	4	3.3854	3.87969	3.88145	5.06012	9.04027e-05
0.00528616	0.00459451	0.0035934	0.00196179	4	4.64985	4.29346	3.94511	4.93058	6.2113e-05
0.00819984	0.0059732	0.00401391	0.00207759	4	3.502	3.90144	4.51391	5.13223	0.000176122
0.00252101	0.00295904	0.00239967	0.00115192	4	2.30071	3.05263	3.28336	3.78494	5.40168e-05
0.00700497	0.0050094	0.00341453	0.00186441	4	4.36766	3.83826	4.05515	4.7484	9.22035e-05
0.00389051	0.00426493	0.00309146	0.00157361	4	1.89821	2.89544	3.74015	4.5045	8.51416e-05
0.00293569	0.00336328	0.00271686	0.00131992	4	2.52547	3.20285	3.18449	4.23307	9.72621e-06
0.00839542	0.00708625	0.00516119	0.00272734	4	4.56365	4.6144	4.95481	5.76365	0.000131098
0.00725303	0.00633927	0.00465186	0.00257913	4	4.0686	4.43114	4.66105	5.43414	0.000313294
0.00462452	0.00402681	0.00291783	0.00164132	4	3.05425	3.39115	3.62869	4.45719	0.000143702
0.0167065	0.00867317	0.00615764	0.0034937	4	8.65326	6.15251	5.52127	6.43891	0.000291323
0.00697636	0.00636489	0.00454752	0.00248251	4	4.43709	4.16027	4.65103	5.50524	0.000101106
0.00645015	0.00483081	0.00363623	0.00210088	4	4.66922	4.30833	4.2133	4.99038	0.000148785
0.00690227	0.00557201	0.00413291	0.00231043	4	5.13379	4.36527	4.50326	5.54107	3.7138e-05
0.00671136	0.00515034	0.00356649	0.00188928	4	4.09825	3.87553	4.05293	4.69859	0.000209179
0.00824421	0.00665236	0.00464731	0.00229973	4	3.93172	4.40865	4.67287	5.03524	0.000426392
0.00947497	0.00733622	0.00516567	0.00274823	4	7.37429	4.87021	4.95321	5.8947	1.59075e-05
0.00573077	0.00475297	0.00345015	0.00191675	4	5.06624	3.95168	3.98194	4.87894	2.16507e-05
0.00500042	0.00453273	0.00317073	0.0014921	4	3.28523	3.36355	3.74128	4.34576	1.90038e-05
0.00856303	0.00528011	0.00369128	0.00232153	4	4.35943	4.30016	4.4026	5.23796	0.00134848
0.00678337	0.00531277	0.0042315	0.00232692	4	5.09457	4.84054	4.39903	5.33462	0.000107917
0.00753648	0.00557637	0.00413739	0.00212967	4	4.45158	4.18235	4.32815	5.09284	4.39708e-05
0.0138597	0.00974358	0.00649697	0.00328111	4	7.92648	5.27149	5.65406	6.44945	1.69283e-05
0.00732565	0.00513616	0.0038227	0.0021587	4	4.36015	4.44062	4.27972	5.26645	0.000217715
0.0124426	0.00896168	0.00628887	0.00346489	4	8.00836	5.66982	5.47564	6.18557	0.000133335
0.00626619	0.00618978	0.0047745	0.0025881	4	4.31853	4.57875	4.68006	5.36981	0.000207445
0.00425498	0.00403393	0.00312142	0.00173413	4	4.15499	3.91421	3.85062	4.58511	6.08758e-05
0.0111434	0.00995272	0.00713333	0.00342469	4	3.45259	4.60539	5.69737	6.36036	0.000248681
0.0106266	0.00703305	0.00525826	0.00300339	4	6.55538	5.04751	5.2674	6.1343	5.15606e-05
0.00301294	0.00326567	0.00274833	0.00150728	4	2.38195	3.32868	3.37701	4.31277	0.000136939

