  0.2342E-02  0.1884E-02  0.1606E-02  0.9159E-03  0.2550E+01  0.2292E+01  0.2364E+01  0.2712E+01  0.3569E+01  0.5430E-04
  0.3951E-02  0.3272E-02  0.2315E-02  0.1178E-02  0.2550E+01  0.2468E+01  0.2947E+01  0.3298E+01  0.4003E+01  0.3111E-04
  0.4045E-02  0.3385E-02  0.2211E-02  0.1143E-02  0.2550E+01  0.2690E+01  0.2769E+01  0.3363E+01  0.3867E+01  0.1514E-04
  0.5273E-02  0.3527E-02  0.1891E-02  0.8313E-03  0.2550E+01  0.2845E+01  0.3143E+01  0.3254E+01  0.3555E+01  0.1775E-03
  0.2728E-02  0.2520E-02  0.2193E-02  0.1235E-02  0.2550E+01  0.2345E+01  0.2630E+01  0.3029E+01  0.3907E+01  0.9361E-04
  0.4768E-02  0.3868E-02  0.2793E-02  0.1462E-02  0.2550E+01  0.3174E+01  0.3375E+01  0.3554E+01  0.4101E+01  0.7374E-05
  0.4659E-02  0.3183E-02  0.2062E-02  0.9313E-03  0.2550E+01  0.2876E+01  0.3342E+01  0.3235E+01  0.3586E+01  0.3583E-04
  0.7690E-02  0.5523E-02  0.3320E-02  0.1422E-02  0.2550E+01  0.3394E+01  0.3813E+01  0.3977E+01  0.4162E+01  0.1791E-03
  0.4256E-02  0.3086E-02  0.1931E-02  0.8475E-03  0.2550E+01  0.2596E+01  0.3048E+01  0.3099E+01  0.3555E+01  0.2532E-05
  0.3050E-02  0.2797E-02  0.2162E-02  0.1134E-02  0.2550E+01  0.2385E+01  0.2616E+01  0.3107E+01  0.3895E+01  0.3735E-04
  0.2832E-02  0.2513E-02  0.1993E-02  0.1109E-02  0.2550E+01  0.2437E+01  0.2749E+01  0.3180E+01  0.3669E+01  0.5041E-04
