2
22 14																					
0.00754794	0.00853057	0.0103842	0.0126759	0.0128411	0.0096108	3.0001	3.03419	4.78444	4.00658	3.1231	3.04292	7.36034	0.001
0.00582798	0.00728702	0.00656056	0.00598015	0.00643911	0.00600028	3	2.5429	2.8846	2.93745	2.25547	2.16906	5.29327	0.001
0.00466253	0.0064324	0.00656419	0.00619232	0.00571038	0.00451361	3	2.2191	2.67088	1.9309	1.6217	2.00425	3.64065	0.001
0.0143098	0.0158913	0.013048	0.0125517	0.00933532	0.00550125	3	2.42739	2.84578	2.85256	2.7079	2.43395	4.45643	0.001
0.0108235	0.0130483	0.013337	0.0125196	0.00981082	0.00739442	3	2.35089	2.61728	2.75895	2.14297	2.481	5.42226	0.001
0.00527917	0.00714391	0.00572313	0.00751518	0.00757787	0.00613796	3	3.45503	2.95483	2.46139	2.90051	2.37476	4.37709	0.001
0.005259	0.00673249	0.00534239	0.00657037	0.00723684	0.00584253	3	2.4074	2.98314	3.57557	2.85749	2.05735	5.3748	0.001
0.00977561	0.0115455	0.012367	0.0128581	0.0104374	0.0099253	3	3.64009	3.68117	2.73774	2.24034	3.05373	5.16423	0.001
0.00950891	0.0183865	0.0217576	0.020392	0.0114582	0.00852499	3	3.17041	4.1713	3.15841	3.60219	2.77114	4.68053	0.001
0.0021034	0.00374222	0.00376609	0.00325891	0.00240818	0.00224667	3	1.77294	1.99793	1.76285	1.30098	1.34998	2.7516	0.001
0.00959463	0.0156225	0.0191857	0.0177685	0.0124998	0.00818195	3	3.03192	4.04166	3.45808	4.45579	4.97155	5.39181	0.001
0.00490722	0.00752663	0.00677352	0.00779938	0.0128287	0.010823	3	3.79962	3.80142	3.53214	2.61043	2.50586	6.2798	0.001
0.00463734	0.00674402	0.00664617	0.00827278	0.00849708	0.00698164	3	3.07659	2.79323	2.22948	2.6563	2.30905	3.80712	0.001
0.00265438	0.00329934	0.00369937	0.00416364	0.00452268	0.00415148	3	2.03853	2.80316	2.93642	2.66317	2.1957	4.24978	0.001
0.00404335	0.00491251	0.00548695	0.00547584	0.00468174	0.00388113	3	3.29136	4.17	4.80138	4.47616	3.97592	5.80734	0.001
0.0117695	0.0114126	0.00860626	0.0100303	0.0103047	0.00708116	3	2.57683	2.86509	2.41399	2.10449	2.74307	4.28284	0.001
0.00541942	0.00619972	0.00517564	0.00621081	0.00651597	0.00528948	3	1.909	2.72563	2.35943	1.99189	2.28445	4.11131	0.001
0.00397876	0.00469316	0.00418176	0.00623402	0.00829085	0.00737103	3	3.12008	4.32633	5.19779	4.75248	3.73466	5.50356	0.001
0.0407882	0.0394496	0.032429	0.0180648	0.010308	0.00690348	3	2.59475	2.2241	2.4187	2.1226	2.28967	3.36401	0.001
0.00342925	0.00474242	0.0050001	0.00560654	0.00522704	0.00485346	3	2.7009	2.42084	1.84196	1.86364	2.1234	3.80824	0.001
0.00532868	0.00754117	0.00817719	0.00818921	0.00727459	0.00619145	3	2.73594	2.61686	2.67433	2.89328	3.1121	4.05021	0.001
0.00403922	0.00498208	0.00546771	0.0048936	0.00547311	0.00503795	3	2.33877	2.93515	2.49747	2.85649	1.97103	4.88803	0.001
3	38																																				
0.029	0.02	0.021	0.014	0.01	0.009	0.029	0.02	0.021	0.014	0.01	0.009	0.029	0.02	0.021	0.014	0.01	0.009	2	2.1	2.2	2.3	2.4	2.5	2.6	2.7	2.8	2.9	3	3.1	3.2	3.3	3.4	3.5	3.6	3.7	3.8	0.0001
0.03	0.02	0.03	0.014	0.01	0.009	0.029	0.02	0.021	0.014	0.01	0.009	0.029	0.02	0.021	0.014	0.01	0.01	2	2.1	2.2	2.3	2.4	2.5	2.6	2.7	2.8	2.9	3	3.1	3.2	3.3	3.4	3.5	3.6	3.7	3.8	0.0001
0.00234	0.00156	0.00234	0.001092	0.00078	0.000702	0.002262	0.00156	0.001638	0.001092	0.00078	0.000702	0.002262	0.00156	0.001638	0.001092	0.00078	0.00078	2	2.1	2.2	2.3	2.4	2.5	2.6	2.7	2.8	2.9	3	3.1	3.2	3.3	3.4	3.5	3.6	3.7	3.8	0.0001