619
1 18
2.3070E-03	2.0520E-03	1.5040E-03	7.6830E-04	3.0805E-03	2.9386E-03	2.4225E-03	2.0887E-03	1.4498E-03	1.4103E-03	3.5780E-04	4.1194E-04	2.0000E+00	1.9210E+00	2.4950E+00	2.9440E+00	3.4080E+00	2.6330E-07
1 6
7.4210E-04	4.3840E-04	2.0000E+00	3.3220E+00	4.4480E+00	1.6500E-19
1 6
1.1880E-03	3.2230E-04	2.0000E+00	3.3690E+00	3.3560E+00	2.1370E-04
1 6
7.4210E-04	4.3840E-04	2.0000E+00	3.3220E+00	4.4480E+00	6.8450E-19
1 6
7.4210E-04	4.3840E-04	2.0000E+00	3.3220E+00	4.4480E+00	4.6880E-19
1 10
9.3970E-04	3.9990E-04	1.1737E-03	1.1727E-03	5.3783E-04	3.2707E-04	2.0000E+00	3.3260E+00	3.3480E+00	4.0290E-05
1 10
9.3970E-04	3.9990E-04	1.1737E-03	1.1727E-03	5.3783E-04	3.2707E-04	2.0000E+00	3.3260E+00	3.3480E+00	4.0290E-05
1 8
1.5940E-03	3.0620E-03	2.6730E-03	6.1540E-04	2.0000E+00	3.0850E+00	3.9190E+00	6.0520E-05
1 8
1.5940E-03	3.0620E-03	2.6730E-03	6.1540E-04	2.0000E+00	3.0850E+00	3.9190E+00	6.0520E-05
1 8
1.5940E-03	3.0620E-03	2.6730E-03	6.1540E-04	2.0000E+00	3.0850E+00	3.9190E+00	6.0520E-05
1 6
3.4370E-04	5.1933E-04	3.7859E-04	2.0000E+00	2.6180E+00	1.4880E-05
1 6
3.4370E-04	5.1933E-04	3.7859E-04	2.0000E+00	2.6180E+00	1.4880E-05
1 8
8.4110E-03	5.9250E-04	9.1220E-05	2.0000E+00	1.4500E+00	1.2540E+00	1.2040E+00	7.4120E-05
1 8
8.4110E-03	5.9250E-04	9.1220E-05	2.0000E+00	1.4500E+00	1.2540E+00	1.2040E+00	7.4120E-05
1 8
8.4110E-03	5.9250E-04	9.1220E-05	2.0000E+00	1.4500E+00	1.2540E+00	1.2040E+00	7.4120E-05
1 8
8.4110E-03	5.9250E-04	9.1220E-05	2.0000E+00	1.4500E+00	1.2540E+00	1.2040E+00	7.4120E-05
1 14
2.5650E-03	2.0250E-03	1.1090E-03	3.4177E-03	3.2568E-03	2.3903E-03	2.0599E-03	1.0636E-03	9.8140E-04	2.0000E+00	1.7870E+00	2.1260E+00	2.5340E+00	6.5630E-05
1 4
1.5350E-03	2.0000E+00	2.3640E+00	3.4330E-04
1 6
2.4060E-03	1.7480E-04	2.0000E+00	2.0490E+00	1.7810E+00	5.7520E-04
1 8
6.3990E-03	5.9430E-04	8.5710E-05	2.0000E+00	1.4200E+00	1.2590E+00	1.2100E+00	2.8690E-03
1 26
5.8060E-04	1.3500E-03	1.7730E-03	2.0450E-03	2.2130E-03	2.3000E-03	2.3300E-03	2.3320E-03	1.0480E-03	5.5410E-04	3.4020E-04	2.6420E-04	2.0440E-04	1.3230E-04	6.8100E-05	1.9110E-05	2.0000E+00	1.9170E+00	2.6020E+00	2.9830E+00	2.8210E+00	2.3520E+00	1.8450E+00	2.0740E+00	3.7770E+00	1.1060E-05
1 35
7.2090E-04	1.5370E-03	1.9610E-03	2.2190E-03	2.3480E-03	2.3810E-03	2.3480E-03	2.2740E-03	2.1790E-03	2.0830E-03	2.0200E-03	1.2470E-03	5.3570E-04	3.4230E-04	2.6390E-04	2.6830E-04	2.6770E-04	2.8460E-04	2.5740E-04	1.9350E-04	1.0940E-04	3.7450E-05	2.0000E+00	1.9930E+00	2.1130E+00	2.3280E+00	2.5290E+00	2.7770E+00	2.8240E+00	2.5660E+00	1.8690E+00	1.6220E+00	2.1870E+00	3.5570E+00	1.7230E-05
1 10
1.7640E-03	7.3360E-04	2.3434E-03	2.2553E-03	8.5514E-04	6.8992E-04	2.0000E+00	2.4160E+00	2.9000E+00	2.9480E-05
1 10
2.3520E-03	9.7810E-04	3.1400E-03	2.9946E-03	1.1128E-03	9.5301E-04	2.0000E+00	2.4160E+00	2.9000E+00	3.9310E-05
1 10
2.3520E-03	9.7810E-04	3.1400E-03	2.9946E-03	1.1128E-03	9.5301E-04	2.0000E+00	2.4160E+00	2.9000E+00	3.9310E-05
1 10
2.3520E-03	9.7810E-04	3.1400E-03	2.9946E-03	1.1128E-03	9.5301E-04	2.0000E+00	2.4160E+00	2.9000E+00	3.9310E-05
1 10
2.3520E-03	9.7810E-04	3.1400E-03	2.9946E-03	1.1128E-03	9.5301E-04	2.0000E+00	2.4160E+00	2.9000E+00	3.9310E-05
1 10
2.3520E-03	9.7810E-04	3.1400E-03	2.9946E-03	1.1128E-03	9.5301E-04	2.0000E+00	2.4160E+00	2.9000E+00	3.9310E-05
1 10
2.3520E-03	9.7810E-04	3.1400E-03	2.9946E-03	1.1128E-03	9.5301E-04	2.0000E+00	2.4160E+00	2.9000E+00	3.9310E-05
1 10
2.3520E-03	9.7810E-04	3.1400E-03	2.9946E-03	1.1128E-03	9.5301E-04	2.0000E+00	2.4160E+00	2.9000E+00	3.9310E-05
1 10
2.3520E-03	9.7810E-04	3.1400E-03	2.9946E-03	1.1128E-03	9.5301E-04	2.0000E+00	2.4160E+00	2.9000E+00	3.9310E-05
1 10
2.3520E-03	9.7810E-04	3.1400E-03	2.9946E-03	1.1128E-03	9.5301E-04	2.0000E+00	2.4160E+00	2.9000E+00	3.9310E-05
1 10
2.3520E-03	9.7810E-04	3.1400E-03	2.9946E-03	1.1128E-03	9.5301E-04	2.0000E+00	2.4160E+00	2.9000E+00	3.9310E-05
1 14
2.5650E-03	2.0250E-03	1.1090E-03	3.4177E-03	3.2568E-03	2.3903E-03	2.0599E-03	1.0636E-03	9.8140E-04	2.0000E+00	1.7870E+00	2.1260E+00	2.5340E+00	6.5630E-05
1 14
2.5650E-03	2.0250E-03	1.1090E-03	3.4177E-03	3.2568E-03	2.3903E-03	2.0599E-03	1.0636E-03	9.8140E-04	2.0000E+00	1.7870E+00	2.1260E+00	2.5340E+00	6.5630E-05
1 4
6.4350E-04	2.0000E+00	4.7170E+00	1.7560E-05
1 10
1.1280E-03	4.7990E-04	1.4293E-03	1.4231E-03	6.1195E-04	4.1419E-04	2.0000E+00	3.3260E+00	3.3480E+00	4.8340E-05
1 6
2.6740E-04	4.4609E-04	2.7699E-04	2.0000E+00	2.6180E+00	1.1570E-05
1 6
1.2030E-04	3.0679E-04	8.1744E-05	2.0000E+00	2.6180E+00	5.2080E-06
1 17
8.7680E-04	1.8190E-03	2.2680E-03	2.4990E-03	2.5820E-03	1.5000E-03	5.9660E-04	3.9130E-04	2.0690E-04	5.9030E-05	2.0000E+00	2.0770E+00	1.9830E+00	2.5800E+00	2.5270E+00	4.1830E+00	3.9900E-05
1 17
8.7680E-04	1.8190E-03	2.2680E-03	2.4990E-03	2.5820E-03	1.5000E-03	5.9660E-04	3.9130E-04	2.0690E-04	5.9030E-05	2.0000E+00	2.0770E+00	1.9830E+00	2.5800E+00	2.5270E+00	4.1830E+00	3.9900E-05
1 17
8.7680E-04	1.8190E-03	2.2680E-03	2.4990E-03	2.5820E-03	1.5000E-03	5.9660E-04	3.9130E-04	2.0690E-04	5.9030E-05	2.0000E+00	2.0770E+00	1.9830E+00	2.5800E+00	2.5270E+00	4.1830E+00	3.9900E-05
1 10
2.2050E-03	9.1700E-04	2.9448E-03	2.8117E-03	1.0453E-03	8.8750E-04	2.0000E+00	2.4160E+00	2.9000E+00	3.6850E-05
1 23
5.5940E-04	1.2190E-03	1.5990E-03	1.8390E-03	1.9690E-03	2.0210E-03	2.0320E-03	9.7510E-04	4.6910E-04	3.4550E-04	2.5500E-04	1.5920E-04	8.7060E-05	2.4760E-05	2.0000E+00	1.7790E+00	1.8440E+00	2.0360E+00	1.9300E+00	1.7340E+00	2.0910E+00	3.3740E+00	3.8500E-06
1 6
2.9630E-03	2.1690E-04	2.0000E+00	2.1130E+00	1.7900E+00	7.0060E-04
1 6
2.9630E-03	2.1690E-04	2.0000E+00	2.1130E+00	1.7900E+00	7.0060E-04
1 12
1.1500E-02	1.2990E-03	8.2220E-04	1.3060E-04	6.1090E-05	2.0000E+00	1.3360E+00	9.6410E-01	9.4840E-01	9.1580E-01	9.4230E-01	2.5800E-04
1 14
2.1380E-03	1.6880E-03	9.2450E-04	2.8556E-03	2.7284E-03	1.9809E-03	1.7029E-03	8.9530E-04	7.8196E-04	2.0000E+00	1.7870E+00	2.1260E+00	2.5340E+00	5.4700E-05
1 17
7.5930E-04	1.6080E-03	2.0390E-03	2.2860E-03	2.3890E-03	1.3110E-03	5.8100E-04	3.9550E-04	2.0880E-04	5.7990E-05	2.0000E+00	1.9570E+00	1.7900E+00	2.3840E+00	2.3880E+00	3.9320E+00	2.2770E-05
1 17
6.6240E-04	1.4320E-03	1.8220E-03	2.0100E-03	2.0670E-03	1.1540E-03	5.3600E-04	3.5770E-04	1.9400E-04	5.4700E-05	2.0000E+00	1.7630E+00	2.0240E+00	2.0660E+00	1.9750E+00	3.4310E+00	2.7300E-06
1 18
1.4420E-03	1.2820E-03	9.3990E-04	4.8020E-04	1.8782E-03	1.8373E-03	1.4734E-03	1.2756E-03	9.0897E-04	7.9867E-04	2.2363E-04	2.5747E-04	2.0000E+00	1.9210E+00	2.4950E+00	2.9440E+00	3.4080E+00	1.6460E-07
1 4
4.1460E-04	2.0000E+00	3.0690E+00	3.2940E-19
1 6
8.5540E-04	5.1810E-04	2.0000E+00	3.5550E+00	5.2050E+00	2.6690E-19
1 6
7.4210E-04	4.3840E-04	2.0000E+00	3.3220E+00	4.4480E+00	2.0470E-19
1 6
7.4210E-04	4.3840E-04	2.0000E+00	3.3220E+00	4.4480E+00	2.7270E-19
1 6
8.5810E-04	5.4320E-04	2.0000E+00	3.4860E+00	5.1020E+00	1.0210E-18
1 6
4.2970E-04	6.0362E-04	4.9303E-04	2.0000E+00	2.6180E+00	1.8600E-05
1 6
7.4210E-04	4.3840E-04	2.0000E+00	3.3220E+00	4.4480E+00	1.9930E-19
1 14
1.0010E-03	2.0040E-03	2.4550E-03	2.6470E-03	1.6920E-03	6.8650E-04	3.6930E-04	1.1000E-04	2.0000E+00	2.1200E+00	2.9560E+00	2.8380E+00	4.4500E+00	5.7140E-05
1 14
1.0010E-03	2.0040E-03	2.4550E-03	2.6470E-03	1.6920E-03	6.8650E-04	3.6930E-04	1.1000E-04	2.0000E+00	2.1200E+00	2.9560E+00	2.8380E+00	4.4500E+00	5.7140E-05
1 6
4.0100E-04	5.7533E-04	4.5484E-04	2.0000E+00	2.6180E+00	1.7360E-05
1 14
1.0010E-03	2.0040E-03	2.4550E-03	2.6470E-03	1.6920E-03	6.8650E-04	3.6930E-04	1.1000E-04	2.0000E+00	2.1200E+00	2.9560E+00	2.8380E+00	4.4500E+00	5.7140E-05
1 14
1.0010E-03	2.0040E-03	2.4550E-03	2.6470E-03	1.6920E-03	6.8650E-04	3.6930E-04	1.1000E-04	2.0000E+00	2.1200E+00	2.9560E+00	2.8380E+00	4.4500E+00	5.7140E-05
1 10
7.0520E-03	1.1600E-03	2.2820E-04	6.4560E-05	2.0000E+00	1.2480E+00	1.4030E+00	1.0820E+00	1.1290E+00	2.5960E-03
1 14
9.2440E-04	1.8670E-03	2.2770E-03	2.4370E-03	1.5690E-03	6.2370E-04	3.3400E-04	9.8270E-05	2.0000E+00	2.1010E+00	2.4430E+00	2.4670E+00	3.7860E+00	3.2260E-05
1 8
4.9490E-03	5.9200E-04	8.0670E-05	2.0000E+00	1.3940E+00	1.2580E+00	1.2180E+00	1.7450E-03
1 8
4.9490E-03	5.9200E-04	8.0670E-05	2.0000E+00	1.3940E+00	1.2580E+00	1.2180E+00	1.7450E-03
1 8
4.9490E-03	5.9200E-04	8.0670E-05	2.0000E+00	1.3940E+00	1.2580E+00	1.2180E+00	1.7450E-03
1 8
4.9490E-03	5.9200E-04	8.0670E-05	2.0000E+00	1.3940E+00	1.2580E+00	1.2180E+00	1.7450E-03
1 10
2.2050E-03	9.1700E-04	2.9448E-03	2.8117E-03	1.0453E-03	8.8750E-04	2.0000E+00	2.4160E+00	2.9000E+00	3.6850E-05
1 10
7.0520E-03	1.1600E-03	2.2820E-04	6.4560E-05	2.0000E+00	1.2480E+00	1.4030E+00	1.0820E+00	1.1290E+00	2.5960E-03
1 10
7.0520E-03	1.1600E-03	2.2820E-04	6.4560E-05	2.0000E+00	1.2480E+00	1.4030E+00	1.0820E+00	1.1290E+00	2.5960E-03
1 10
7.0520E-03	1.1600E-03	2.2820E-04	6.4560E-05	2.0000E+00	1.2480E+00	1.4030E+00	1.0820E+00	1.1290E+00	2.5960E-03
1 10
7.0520E-03	1.1600E-03	2.2820E-04	6.4560E-05	2.0000E+00	1.2480E+00	1.4030E+00	1.0820E+00	1.1290E+00	2.5960E-03
1 8
4.9490E-03	5.9200E-04	8.0670E-05	2.0000E+00	1.3940E+00	1.2580E+00	1.2180E+00	1.7450E-03
1 8
4.9490E-03	5.9200E-04	8.0670E-05	2.0000E+00	1.3940E+00	1.2580E+00	1.2180E+00	1.7450E-03
1 14
8.3010E-04	1.7380E-03	2.1530E-03	2.3390E-03	1.4300E-03	6.1900E-04	3.4780E-04	1.0300E-04	2.0000E+00	1.9550E+00	2.1500E+00	2.4290E+00	3.7340E+00	2.3860E-05
1 10
1.1760E-03	4.8910E-04	1.4971E-03	1.4869E-03	6.2049E-04	4.2421E-04	2.0000E+00	2.4160E+00	2.9000E+00	1.9650E-05
1 18
1.5960E-03	1.3710E-03	9.3730E-04	4.8040E-04	2.1021E-03	2.0383E-03	1.5846E-03	1.3694E-03	9.0665E-04	7.9585E-04	2.2372E-04	2.5758E-04	2.0000E+00	1.8210E+00	1.7470E+00	1.8730E+00	2.1730E+00	8.5690E-06
1 10
1.7640E-03	7.3360E-04	2.3434E-03	2.2553E-03	8.5514E-04	6.8992E-04	2.0000E+00	2.4160E+00	2.9000E+00	2.9480E-05
1 6
9.1680E-04	1.1446E-03	1.1422E-03	2.0000E+00	2.5680E+00	5.3280E-05
1 10
1.5060E-03	1.0110E-03	6.4060E-04	3.2480E-04	2.0000E+00	3.6800E+00	3.2860E+00	3.7320E+00	4.2240E+00	3.1700E-04
1 6
9.1680E-04	1.1446E-03	1.1422E-03	2.0000E+00	2.5680E+00	5.3280E-05
1 14
2.0040E-03	1.5820E-03	8.6680E-04	2.6752E-03	2.5606E-03	1.8491E-03	1.5914E-03	8.4426E-04	7.1937E-04	2.0000E+00	1.7870E+00	2.1260E+00	2.5340E+00	5.1280E-05
1 10
2.2050E-03	9.1700E-04	2.9448E-03	2.8117E-03	1.0453E-03	8.8750E-04	2.0000E+00	2.4160E+00	2.9000E+00	3.6850E-05
1 14
2.1380E-03	1.6880E-03	9.2450E-04	2.8556E-03	2.7284E-03	1.9809E-03	1.7029E-03	8.9530E-04	7.8196E-04	2.0000E+00	1.7870E+00	2.1260E+00	2.5340E+00	5.4700E-05
1 6
2.4060E-03	1.7480E-04	2.0000E+00	2.0490E+00	1.7810E+00	5.7520E-04
1 8
4.9490E-03	5.9200E-04	8.0670E-05	2.0000E+00	1.3940E+00	1.2580E+00	1.2180E+00	1.7450E-03
1 4
1.2740E-03	2.0000E+00	2.2180E+00	2.5890E-04
1 4
1.2740E-03	2.0000E+00	2.2180E+00	2.5890E-04
1 10
7.0520E-03	1.1600E-03	2.2820E-04	6.4560E-05	2.0000E+00	1.2480E+00	1.4030E+00	1.0820E+00	1.1290E+00	2.5960E-03
1 14
9.2440E-04	1.8670E-03	2.2770E-03	2.4370E-03	1.5690E-03	6.2370E-04	3.3400E-04	9.8270E-05	2.0000E+00	2.1010E+00	2.4430E+00	2.4670E+00	3.7860E+00	3.2260E-05
1 8
4.9490E-03	5.9200E-04	8.0670E-05	2.0000E+00	1.3940E+00	1.2580E+00	1.2180E+00	1.7450E-03
1 8
4.9490E-03	5.9200E-04	8.0670E-05	2.0000E+00	1.3940E+00	1.2580E+00	1.2180E+00	1.7450E-03
1 10
7.0520E-03	1.1600E-03	2.2820E-04	6.4560E-05	2.0000E+00	1.2480E+00	1.4030E+00	1.0820E+00	1.1290E+00	2.5960E-03
1 8
4.9490E-03	5.9200E-04	8.0670E-05	2.0000E+00	1.3940E+00	1.2580E+00	1.2180E+00	1.7450E-03
1 8
4.9490E-03	5.9200E-04	8.0670E-05	2.0000E+00	1.3940E+00	1.2580E+00	1.2180E+00	1.7450E-03
1 12
1.2820E-02	1.2840E-03	7.7980E-04	1.1420E-04	5.3610E-05	2.0000E+00	1.3530E+00	1.0110E+00	9.1230E-01	9.1300E-01	9.5040E-01	3.6990E-03
1 14
1.8700E-02	1.2950E-03	9.7810E-04	3.9270E-04	7.9740E-05	4.4550E-05	2.0000E+00	1.5090E+00	1.1790E+00	8.3070E-01	7.9570E-01	7.1410E-01	8.6010E-01	9.0640E-03
1 14
9.2440E-04	1.8670E-03	2.2770E-03	2.4370E-03	1.5690E-03	6.2370E-04	3.3400E-04	9.8270E-05	2.0000E+00	2.1010E+00	2.4430E+00	2.4670E+00	3.7860E+00	3.2260E-05
1 6
9.1680E-04	1.1446E-03	1.1422E-03	2.0000E+00	2.5680E+00	5.3280E-05
1 6
2.2630E-03	1.6100E-04	2.0000E+00	2.0660E+00	1.7790E+00	5.4040E-04
1 4
1.4340E-03	2.0000E+00	2.3370E+00	3.0660E-04
1 23
7.5930E-04	1.7330E-03	2.2080E-03	2.4660E-03	2.5920E-03	2.6330E-03	2.6340E-03	1.3630E-03	6.6870E-04	4.2300E-04	3.5300E-04	2.4800E-04	1.2640E-04	3.2860E-05	2.0000E+00	2.0800E+00	2.4190E+00	2.4790E+00	2.4460E+00	2.0990E+00	1.9670E+00	3.9700E+00	4.4030E-06
1 6
1.2070E-03	3.2650E-04	2.0000E+00	3.1540E+00	3.4000E+00	2.2900E-04
1 4
1.4340E-03	2.0000E+00	2.3370E+00	3.0660E-04
1 6
3.7600E-04	5.5082E-04	4.2158E-04	2.0000E+00	2.6180E+00	1.6270E-05
1 6
9.1680E-04	1.1446E-03	1.1422E-03	2.0000E+00	2.5680E+00	5.3280E-05
1 6
9.1680E-04	1.1446E-03	1.1422E-03	2.0000E+00	2.5680E+00	5.3280E-05
1 8
4.9490E-03	5.9200E-04	8.0670E-05	2.0000E+00	1.3940E+00	1.2580E+00	1.2180E+00	1.7450E-03
1 8
4.9490E-03	5.9200E-04	8.0670E-05	2.0000E+00	1.3940E+00	1.2580E+00	1.2180E+00	1.7450E-03
1 18
1.9950E-03	1.7140E-03	1.1720E-03	6.0050E-04	2.6631E-03	2.5493E-03	2.0129E-03	1.7303E-03	1.1217E-03	1.0495E-03	2.7965E-04	3.2197E-04	2.0000E+00	1.8210E+00	1.7470E+00	1.8730E+00	2.1730E+00	1.0710E-05
1 6
2.2630E-03	1.6100E-04	2.0000E+00	2.0660E+00	1.7790E+00	5.4040E-04
1 14
2.0040E-03	1.5820E-03	8.6680E-04	2.6752E-03	2.5606E-03	1.8491E-03	1.5914E-03	8.4426E-04	7.1937E-04	2.0000E+00	1.7870E+00	2.1260E+00	2.5340E+00	5.1280E-05
1 14
2.0040E-03	1.5820E-03	8.6680E-04	2.6752E-03	2.5606E-03	1.8491E-03	1.5914E-03	8.4426E-04	7.1937E-04	2.0000E+00	1.7870E+00	2.1260E+00	2.5340E+00	5.1280E-05
1 6
2.2630E-03	1.6100E-04	2.0000E+00	2.0660E+00	1.7790E+00	5.4040E-04
1 4
1.4340E-03	2.0000E+00	2.3370E+00	3.0660E-04
1 4
4.5760E-04	2.0000E+00	3.1530E+00	7.8010E-19
1 14
2.2410E-03	1.5700E-03	7.2710E-04	2.9927E-03	2.8565E-03	1.8340E-03	1.5789E-03	7.2274E-04	5.6703E-04	2.0000E+00	2.3300E+00	3.0570E+00	3.6240E+00	1.0240E-04
1 14
2.2410E-03	1.5700E-03	7.2710E-04	2.9927E-03	2.8565E-03	1.8340E-03	1.5789E-03	7.2274E-04	5.6703E-04	2.0000E+00	2.3300E+00	3.0570E+00	3.6240E+00	1.0240E-04
1 4
5.5650E-04	2.0000E+00	2.5050E+00	6.0780E-05
1 4
5.5650E-04	2.0000E+00	2.5050E+00	6.0780E-05
1 4
5.5650E-04	2.0000E+00	2.5050E+00	6.0780E-05
1 4
5.5650E-04	2.0000E+00	2.5050E+00	6.0780E-05
1 4
5.5650E-04	2.0000E+00	2.5050E+00	6.0780E-05
1 14
2.0490E-03	1.4350E-03	6.6470E-04	2.7359E-03	2.6171E-03	1.6649E-03	1.4368E-03	6.6954E-04	4.9863E-04	2.0000E+00	2.3300E+00	3.0570E+00	3.6240E+00	9.3610E-05
1 6
2.2630E-03	1.6100E-04	2.0000E+00	2.0660E+00	1.7790E+00	5.4040E-04
1 14
2.0490E-03	1.4350E-03	6.6470E-04	2.7359E-03	2.6171E-03	1.6649E-03	1.4368E-03	6.6954E-04	4.9863E-04	2.0000E+00	2.3300E+00	3.0570E+00	3.6240E+00	9.3610E-05
1 14
2.2410E-03	1.5700E-03	7.2710E-04	2.9927E-03	2.8565E-03	1.8340E-03	1.5789E-03	7.2274E-04	5.6703E-04	2.0000E+00	2.3300E+00	3.0570E+00	3.6240E+00	1.0240E-04
1 10
1.5060E-03	1.0110E-03	6.4060E-04	3.2480E-04	2.0000E+00	3.6800E+00	3.2860E+00	3.7320E+00	4.2240E+00	3.1700E-04
1 10
2.0160E-03	8.3840E-04	2.6914E-03	2.5757E-03	9.6175E-04	8.0308E-04	2.0000E+00	2.4160E+00	2.9000E+00	3.3690E-05
1 8
4.9490E-03	5.9200E-04	8.0670E-05	2.0000E+00	1.3940E+00	1.2580E+00	1.2180E+00	1.7450E-03
1 6
2.0770E-03	1.4320E-04	2.0000E+00	2.0590E+00	1.7790E+00	4.9210E-04
1 6
9.1680E-04	1.1446E-03	1.1422E-03	2.0000E+00	2.5680E+00	5.3280E-05
1 6
5.8670E-04	7.6201E-04	7.0191E-04	2.0000E+00	2.5680E+00	3.4100E-05
1 10
2.2050E-03	9.1700E-04	2.9448E-03	2.8117E-03	1.0453E-03	8.8750E-04	2.0000E+00	2.4160E+00	2.9000E+00	3.6850E-05
1 6
9.1680E-04	1.1446E-03	1.1422E-03	2.0000E+00	2.5680E+00	5.3280E-05
1 10
2.0160E-03	8.3840E-04	2.6914E-03	2.5757E-03	9.6175E-04	8.0308E-04	2.0000E+00	2.4160E+00	2.9000E+00	3.3690E-05
1 10
1.4940E-03	1.0280E-03	6.5740E-04	3.3290E-04	2.0000E+00	3.4680E+00	3.2370E+00	3.6020E+00	4.2730E+00	3.0480E-04
1 10
5.8110E-03	1.1430E-03	2.0990E-04	5.9400E-05	2.0000E+00	1.3190E+00	1.4320E+00	1.0730E+00	1.1410E+00	1.8130E-03
1 8
1.5630E-03	3.0180E-03	2.6230E-03	6.2600E-04	2.0000E+00	3.0940E+00	3.9570E+00	1.9510E-05
1 8
1.5630E-03	3.0180E-03	2.6230E-03	6.2600E-04	2.0000E+00	3.0940E+00	3.9570E+00	1.9510E-05
1 8
1.5630E-03	3.0180E-03	2.6230E-03	6.2600E-04	2.0000E+00	3.0940E+00	3.9570E+00	1.9510E-05
1 8
1.5630E-03	3.0180E-03	2.6230E-03	6.2600E-04	2.0000E+00	3.0940E+00	3.9570E+00	1.9510E-05
1 8
1.5630E-03	3.0180E-03	2.6230E-03	6.2600E-04	2.0000E+00	3.0940E+00	3.9570E+00	1.9510E-05
1 8
1.5630E-03	3.0180E-03	2.6230E-03	6.2600E-04	2.0000E+00	3.0940E+00	3.9570E+00	1.9510E-05
1 8
1.5630E-03	3.0180E-03	2.6230E-03	6.2600E-04	2.0000E+00	3.0940E+00	3.9570E+00	1.9510E-05
1 8
1.5630E-03	3.0180E-03	2.6230E-03	6.2600E-04	2.0000E+00	3.0940E+00	3.9570E+00	1.9510E-05
1 8
1.5630E-03	3.0180E-03	2.6230E-03	6.2600E-04	2.0000E+00	3.0940E+00	3.9570E+00	1.9510E-05
1 8
1.5630E-03	3.0180E-03	2.6230E-03	6.2600E-04	2.0000E+00	3.0940E+00	3.9570E+00	1.9510E-05
1 8
1.5630E-03	3.0180E-03	2.6230E-03	6.2600E-04	2.0000E+00	3.0940E+00	3.9570E+00	1.9510E-05
1 8
1.5630E-03	3.0180E-03	2.6230E-03	6.2600E-04	2.0000E+00	3.0940E+00	3.9570E+00	1.9510E-05
1 8
1.5630E-03	3.0180E-03	2.6230E-03	6.2600E-04	2.0000E+00	3.0940E+00	3.9570E+00	1.9510E-05
1 8
1.0390E-03	8.3000E-04	4.6250E-04	2.0000E+00	3.1610E+00	4.5840E+00	5.7970E+00	1.5960E-18
1 4
4.3400E-04	2.0000E+00	3.0870E+00	1.5230E-18
1 4
4.3400E-04	2.0000E+00	3.0870E+00	8.8510E-19
1 4
4.3400E-04	2.0000E+00	3.0870E+00	7.1780E-20
1 4
4.3400E-04	2.0000E+00	3.0870E+00	8.6650E-19
1 4
4.3400E-04	2.0000E+00	3.0870E+00	8.3850E-19
1 4
4.3400E-04	2.0000E+00	3.0870E+00	1.2260E-18
1 4
4.3400E-04	2.0000E+00	3.0870E+00	1.0150E-18
1 4
4.3400E-04	2.0000E+00	3.0870E+00	1.2690E-18
1 4
4.3400E-04	2.0000E+00	3.0870E+00	6.2580E-19
1 4
4.3400E-04	2.0000E+00	3.0870E+00	1.8820E-19
1 4
4.3400E-04	2.0000E+00	3.0870E+00	5.6580E-19
1 4
4.3400E-04	2.0000E+00	3.0870E+00	8.0630E-19
1 4
4.3400E-04	2.0000E+00	3.0870E+00	6.9020E-19
1 4
4.3400E-04	2.0000E+00	3.0870E+00	5.1700E-19
1 4
4.3400E-04	2.0000E+00	3.0870E+00	1.5290E-18
1 4
4.3400E-04	2.0000E+00	3.0870E+00	3.6700E-19
1 4
4.3400E-04	2.0000E+00	3.0870E+00	8.6880E-19
1 4
4.3400E-04	2.0000E+00	3.0870E+00	5.5220E-19
1 4
4.3400E-04	2.0000E+00	3.0870E+00	7.8590E-20
1 4
4.3400E-04	2.0000E+00	3.0870E+00	7.9130E-19
1 4
4.3400E-04	2.0000E+00	3.0870E+00	5.2550E-19
1 4
4.3400E-04	2.0000E+00	3.0870E+00	4.8030E-19
1 4
4.3400E-04	2.0000E+00	3.0870E+00	5.3870E-19
1 4
4.3400E-04	2.0000E+00	3.0870E+00	6.7420E-19
1 4
4.3400E-04	2.0000E+00	3.0870E+00	1.8090E-19
1 4
4.3400E-04	2.0000E+00	3.0870E+00	1.1050E-19
1 4
4.3400E-04	2.0000E+00	3.0870E+00	1.0050E-18
1 4
4.3400E-04	2.0000E+00	3.0870E+00	3.7320E-19
1 4
4.3400E-04	2.0000E+00	3.0870E+00	5.6030E-19
1 4
4.3400E-04	2.0000E+00	3.0870E+00	2.1720E-19
1 4
4.3400E-04	2.0000E+00	3.0870E+00	6.4820E-19
1 4
4.3400E-04	2.0000E+00	3.0870E+00	4.8780E-19
1 4
4.3400E-04	2.0000E+00	3.0870E+00	1.2650E-18
1 4
4.3400E-04	2.0000E+00	3.0870E+00	4.1300E-19
1 4
4.3400E-04	2.0000E+00	3.0870E+00	1.0100E-18
1 4
4.3400E-04	2.0000E+00	3.0870E+00	1.7320E-19
1 4
4.3400E-04	2.0000E+00	3.0870E+00	1.6110E-18
1 4
4.3400E-04	2.0000E+00	3.0870E+00	1.4760E-18
1 4
4.3400E-04	2.0000E+00	3.0870E+00	2.9790E-19
1 4
4.3400E-04	2.0000E+00	3.0870E+00	2.7240E-19
1 4
4.3400E-04	2.0000E+00	3.0870E+00	3.9510E-20
1 4
4.3400E-04	2.0000E+00	3.0870E+00	1.2160E-18
1 4
4.3400E-04	2.0000E+00	3.0870E+00	1.0810E-18
1 4
4.3400E-04	2.0000E+00	3.0870E+00	8.2330E-19
1 4
4.3400E-04	2.0000E+00	3.0870E+00	7.6370E-19
1 4
4.3400E-04	2.0000E+00	3.0870E+00	1.4110E-19
1 4
4.3400E-04	2.0000E+00	3.0870E+00	1.8430E-19
1 4
4.3400E-04	2.0000E+00	3.0870E+00	1.7160E-18
1 4
4.3400E-04	2.0000E+00	3.0870E+00	4.7470E-19
1 4
4.3400E-04	2.0000E+00	3.0870E+00	2.1310E-20
1 4
4.3400E-04	2.0000E+00	3.0870E+00	1.7000E-19
1 4
4.3400E-04	2.0000E+00	3.0870E+00	6.3640E-19
1 4
4.3400E-04	2.0000E+00	3.0870E+00	2.8970E-20
1 4
4.3400E-04	2.0000E+00	3.0870E+00	1.1440E-18
1 4
4.3400E-04	2.0000E+00	3.0870E+00	2.0590E-18
1 4
4.3400E-04	2.0000E+00	3.0870E+00	2.2230E-19
1 4
4.3400E-04	2.0000E+00	3.0870E+00	1.0340E-18
1 4
4.3400E-04	2.0000E+00	3.0870E+00	8.4650E-19
1 4
4.3400E-04	2.0000E+00	3.0870E+00	7.6930E-19
1 4
4.3400E-04	2.0000E+00	3.0870E+00	1.2720E-19
1 4
4.3400E-04	2.0000E+00	3.0870E+00	2.0960E-19
1 4
4.3400E-04	2.0000E+00	3.0870E+00	3.9120E-19
1 4
4.3400E-04	2.0000E+00	3.0870E+00	4.1220E-19
1 4
4.3400E-04	2.0000E+00	3.0870E+00	3.1020E-19
1 4
4.3400E-04	2.0000E+00	3.0870E+00	2.9080E-19
1 4
4.3400E-04	2.0000E+00	3.0870E+00	2.8390E-19
1 4
4.3400E-04	2.0000E+00	3.0870E+00	9.6370E-19
1 4
4.3400E-04	2.0000E+00	3.0870E+00	4.3450E-19
1 4
4.3400E-04	2.0000E+00	3.0870E+00	2.9550E-19
1 4
4.3400E-04	2.0000E+00	3.0870E+00	3.1970E-19
1 4
4.3400E-04	2.0000E+00	3.0870E+00	3.2000E-19
1 4
4.3400E-04	2.0000E+00	3.0870E+00	1.3590E-18
1 4
4.3400E-04	2.0000E+00	3.0870E+00	2.6850E-19
1 4
4.3400E-04	2.0000E+00	3.0870E+00	9.1820E-19
1 4
4.3400E-04	2.0000E+00	3.0870E+00	4.0060E-19
1 4
4.3400E-04	2.0000E+00	3.0870E+00	8.2630E-19
1 6
3.3420E-04	5.1018E-04	3.6595E-04	2.0000E+00	2.6180E+00	1.4470E-05
1 6
3.3420E-04	5.1018E-04	3.6595E-04	2.0000E+00	2.6180E+00	1.4470E-05
1 6
3.3420E-04	5.1018E-04	3.6595E-04	2.0000E+00	2.6180E+00	1.4470E-05
1 6
3.3420E-04	5.1018E-04	3.6595E-04	2.0000E+00	2.6180E+00	1.4470E-05
1 6
3.3420E-04	5.1018E-04	3.6595E-04	2.0000E+00	2.6180E+00	1.4470E-05
1 6
3.3420E-04	5.1018E-04	3.6595E-04	2.0000E+00	2.6180E+00	1.4470E-05
1 6
3.3420E-04	5.1018E-04	3.6595E-04	2.0000E+00	2.6180E+00	1.4470E-05
1 6
3.3420E-04	5.1018E-04	3.6595E-04	2.0000E+00	2.6180E+00	1.4470E-05
1 6
3.3420E-04	5.1018E-04	3.6595E-04	2.0000E+00	2.6180E+00	1.4470E-05
1 6
3.3420E-04	5.1018E-04	3.6595E-04	2.0000E+00	2.6180E+00	1.4470E-05
1 6
3.3420E-04	5.1018E-04	3.6595E-04	2.0000E+00	2.6180E+00	1.4470E-05
1 6
3.3420E-04	5.1018E-04	3.6595E-04	2.0000E+00	2.6180E+00	1.4470E-05
1 6
3.3420E-04	5.1018E-04	3.6595E-04	2.0000E+00	2.6180E+00	1.4470E-05
1 6
3.3420E-04	5.1018E-04	3.6595E-04	2.0000E+00	2.6180E+00	1.4470E-05
1 6
3.3420E-04	5.1018E-04	3.6595E-04	2.0000E+00	2.6180E+00	1.4470E-05
1 6
3.3420E-04	5.1018E-04	3.6595E-04	2.0000E+00	2.6180E+00	1.4470E-05
1 6
3.3420E-04	5.1018E-04	3.6595E-04	2.0000E+00	2.6180E+00	1.4470E-05
1 6
3.3420E-04	5.1018E-04	3.6595E-04	2.0000E+00	2.6180E+00	1.4470E-05
1 6
3.3420E-04	5.1018E-04	3.6595E-04	2.0000E+00	2.6180E+00	1.4470E-05
1 6
3.3420E-04	5.1018E-04	3.6595E-04	2.0000E+00	2.6180E+00	1.4470E-05
1 6
3.3420E-04	5.1018E-04	3.6595E-04	2.0000E+00	2.6180E+00	1.4470E-05
1 6
3.3420E-04	5.1018E-04	3.6595E-04	2.0000E+00	2.6180E+00	1.4470E-05
1 4
1.2740E-03	2.0000E+00	2.2180E+00	2.5890E-04
1 4
1.2740E-03	2.0000E+00	2.2180E+00	2.5890E-04
1 4
1.2740E-03	2.0000E+00	2.2180E+00	2.5890E-04
1 4
1.2740E-03	2.0000E+00	2.2180E+00	2.5890E-04
1 4
1.2740E-03	2.0000E+00	2.2180E+00	2.5890E-04
1 4
1.2740E-03	2.0000E+00	2.2180E+00	2.5890E-04
1 4
1.2740E-03	2.0000E+00	2.2180E+00	2.5890E-04
1 4
1.2740E-03	2.0000E+00	2.2180E+00	2.5890E-04
1 4
1.2740E-03	2.0000E+00	2.2180E+00	2.5890E-04
1 4
1.2740E-03	2.0000E+00	2.2180E+00	2.5890E-04
1 4
1.2740E-03	2.0000E+00	2.2180E+00	2.5890E-04
1 4
1.2740E-03	2.0000E+00	2.2180E+00	2.5890E-04
1 4
1.2740E-03	2.0000E+00	2.2180E+00	2.5890E-04
1 4
1.2740E-03	2.0000E+00	2.2180E+00	2.5890E-04
1 4
1.2740E-03	2.0000E+00	2.2180E+00	2.5890E-04
1 4
1.2740E-03	2.0000E+00	2.2180E+00	2.5890E-04
1 4
1.2740E-03	2.0000E+00	2.2180E+00	2.5890E-04
1 4
1.2740E-03	2.0000E+00	2.2180E+00	2.5890E-04
1 4
1.2740E-03	2.0000E+00	2.2180E+00	2.5890E-04
1 4
1.3100E-03	2.0000E+00	2.2500E+00	2.6730E-04
1 6
2.0770E-03	1.4320E-04	2.0000E+00	2.0590E+00	1.7790E+00	4.9210E-04
1 4
7.7420E-04	2.0000E+00	1.9370E+00	1.6790E-04
1 4
1.2740E-03	2.0000E+00	2.2180E+00	2.5890E-04
1 10
2.0160E-03	8.3840E-04	2.6914E-03	2.5757E-03	9.6175E-04	8.0308E-04	2.0000E+00	2.4160E+00	2.9000E+00	3.3690E-05
1 11
8.9040E-04	1.7510E-03	2.1200E-03	1.5050E-03	6.0810E-04	1.9770E-04	2.0000E+00	2.1320E+00	2.4310E+00	3.2150E+00	1.6630E-06
1 14
8.6670E-04	1.7630E-03	2.1070E-03	2.2090E-03	1.4750E-03	5.4920E-04	3.3370E-04	1.1350E-04	2.0000E+00	2.2840E+00	2.7950E+00	1.9390E+00	2.9790E+00	2.1740E-05
1 8
1.2380E-03	2.3340E-03	2.0610E-03	4.4470E-04	2.0000E+00	2.4200E+00	3.4510E+00	3.0950E-05
1 8
1.2380E-03	2.3340E-03	2.0610E-03	4.4470E-04	2.0000E+00	2.4200E+00	3.4510E+00	3.0950E-05
1 23
7.5930E-04	1.7330E-03	2.2080E-03	2.4660E-03	2.5920E-03	2.6330E-03	2.6340E-03	1.3630E-03	6.6870E-04	4.2300E-04	3.5300E-04	2.4800E-04	1.2640E-04	3.2860E-05	2.0000E+00	2.0800E+00	2.4190E+00	2.4790E+00	2.4460E+00	2.0990E+00	1.9670E+00	3.9700E+00	4.4030E-06
1 23
7.5930E-04	1.7330E-03	2.2080E-03	2.4660E-03	2.5920E-03	2.6330E-03	2.6340E-03	1.3630E-03	6.6870E-04	4.2300E-04	3.5300E-04	2.4800E-04	1.2640E-04	3.2860E-05	2.0000E+00	2.0800E+00	2.4190E+00	2.4790E+00	2.4460E+00	2.0990E+00	1.9670E+00	3.9700E+00	4.4030E-06
1 23
7.5930E-04	1.7330E-03	2.2080E-03	2.4660E-03	2.5920E-03	2.6330E-03	2.6340E-03	1.3630E-03	6.6870E-04	4.2300E-04	3.5300E-04	2.4800E-04	1.2640E-04	3.2860E-05	2.0000E+00	2.0800E+00	2.4190E+00	2.4790E+00	2.4460E+00	2.0990E+00	1.9670E+00	3.9700E+00	4.4030E-06
1 23
7.5930E-04	1.7330E-03	2.2080E-03	2.4660E-03	2.5920E-03	2.6330E-03	2.6340E-03	1.3630E-03	6.6870E-04	4.2300E-04	3.5300E-04	2.4800E-04	1.2640E-04	3.2860E-05	2.0000E+00	2.0800E+00	2.4190E+00	2.4790E+00	2.4460E+00	2.0990E+00	1.9670E+00	3.9700E+00	4.4030E-06
1 23
7.5930E-04	1.7330E-03	2.2080E-03	2.4660E-03	2.5920E-03	2.6330E-03	2.6340E-03	1.3630E-03	6.6870E-04	4.2300E-04	3.5300E-04	2.4800E-04	1.2640E-04	3.2860E-05	2.0000E+00	2.0800E+00	2.4190E+00	2.4790E+00	2.4460E+00	2.0990E+00	1.9670E+00	3.9700E+00	4.4030E-06
1 23
7.5930E-04	1.7330E-03	2.2080E-03	2.4660E-03	2.5920E-03	2.6330E-03	2.6340E-03	1.3630E-03	6.6870E-04	4.2300E-04	3.5300E-04	2.4800E-04	1.2640E-04	3.2860E-05	2.0000E+00	2.0800E+00	2.4190E+00	2.4790E+00	2.4460E+00	2.0990E+00	1.9670E+00	3.9700E+00	4.4030E-06
1 23
7.5930E-04	1.7330E-03	2.2080E-03	2.4660E-03	2.5920E-03	2.6330E-03	2.6340E-03	1.3630E-03	6.6870E-04	4.2300E-04	3.5300E-04	2.4800E-04	1.2640E-04	3.2860E-05	2.0000E+00	2.0800E+00	2.4190E+00	2.4790E+00	2.4460E+00	2.0990E+00	1.9670E+00	3.9700E+00	4.4030E-06
1 23
7.5930E-04	1.7330E-03	2.2080E-03	2.4660E-03	2.5920E-03	2.6330E-03	2.6340E-03	1.3630E-03	6.6870E-04	4.2300E-04	3.5300E-04	2.4800E-04	1.2640E-04	3.2860E-05	2.0000E+00	2.0800E+00	2.4190E+00	2.4790E+00	2.4460E+00	2.0990E+00	1.9670E+00	3.9700E+00	4.4030E-06
1 23
7.5930E-04	1.7330E-03	2.2080E-03	2.4660E-03	2.5920E-03	2.6330E-03	2.6340E-03	1.3630E-03	6.6870E-04	4.2300E-04	3.5300E-04	2.4800E-04	1.2640E-04	3.2860E-05	2.0000E+00	2.0800E+00	2.4190E+00	2.4790E+00	2.4460E+00	2.0990E+00	1.9670E+00	3.9700E+00	4.4030E-06
1 23
7.5930E-04	1.7330E-03	2.2080E-03	2.4660E-03	2.5920E-03	2.6330E-03	2.6340E-03	1.3630E-03	6.6870E-04	4.2300E-04	3.5300E-04	2.4800E-04	1.2640E-04	3.2860E-05	2.0000E+00	2.0800E+00	2.4190E+00	2.4790E+00	2.4460E+00	2.0990E+00	1.9670E+00	3.9700E+00	4.4030E-06
1 23
7.5930E-04	1.7330E-03	2.2080E-03	2.4660E-03	2.5920E-03	2.6330E-03	2.6340E-03	1.3630E-03	6.6870E-04	4.2300E-04	3.5300E-04	2.4800E-04	1.2640E-04	3.2860E-05	2.0000E+00	2.0800E+00	2.4190E+00	2.4790E+00	2.4460E+00	2.0990E+00	1.9670E+00	3.9700E+00	4.4030E-06
1 23
7.5930E-04	1.7330E-03	2.2080E-03	2.4660E-03	2.5920E-03	2.6330E-03	2.6340E-03	1.3630E-03	6.6870E-04	4.2300E-04	3.5300E-04	2.4800E-04	1.2640E-04	3.2860E-05	2.0000E+00	2.0800E+00	2.4190E+00	2.4790E+00	2.4460E+00	2.0990E+00	1.9670E+00	3.9700E+00	4.4030E-06
1 23
7.5930E-04	1.7330E-03	2.2080E-03	2.4660E-03	2.5920E-03	2.6330E-03	2.6340E-03	1.3630E-03	6.6870E-04	4.2300E-04	3.5300E-04	2.4800E-04	1.2640E-04	3.2860E-05	2.0000E+00	2.0800E+00	2.4190E+00	2.4790E+00	2.4460E+00	2.0990E+00	1.9670E+00	3.9700E+00	4.4030E-06
1 23
7.5930E-04	1.7330E-03	2.2080E-03	2.4660E-03	2.5920E-03	2.6330E-03	2.6340E-03	1.3630E-03	6.6870E-04	4.2300E-04	3.5300E-04	2.4800E-04	1.2640E-04	3.2860E-05	2.0000E+00	2.0800E+00	2.4190E+00	2.4790E+00	2.4460E+00	2.0990E+00	1.9670E+00	3.9700E+00	4.4030E-06
1 47
5.0820E-04	1.2100E-03	1.6100E-03	1.8790E-03	2.0720E-03	2.2360E-03	2.3510E-03	2.4140E-03	2.4300E-03	2.4060E-03	2.3530E-03	2.2800E-03	2.2010E-03	2.1310E-03	2.0880E-03	9.1710E-04	5.3420E-04	3.4360E-04	2.7300E-04	2.0930E-04	1.8810E-04	2.2390E-04	2.3880E-04	2.3190E-04	2.0530E-04	1.7310E-04	1.4060E-04	9.9210E-05	6.8690E-05	2.5180E-05	2.0000E+00	1.9610E+00	1.8830E+00	1.8310E+00	2.0350E+00	2.2850E+00	2.4250E+00	2.5540E+00	2.5150E+00	2.2120E+00	1.7520E+00	1.4350E+00	1.1380E+00	1.3120E+00	2.0310E+00	3.1470E+00	1.8350E-05
1 47
5.0820E-04	1.2100E-03	1.6100E-03	1.8790E-03	2.0720E-03	2.2360E-03	2.3510E-03	2.4140E-03	2.4300E-03	2.4060E-03	2.3530E-03	2.2800E-03	2.2010E-03	2.1310E-03	2.0880E-03	9.1710E-04	5.3420E-04	3.4360E-04	2.7300E-04	2.0930E-04	1.8810E-04	2.2390E-04	2.3880E-04	2.3190E-04	2.0530E-04	1.7310E-04	1.4060E-04	9.9210E-05	6.8690E-05	2.5180E-05	2.0000E+00	1.9610E+00	1.8830E+00	1.8310E+00	2.0350E+00	2.2850E+00	2.4250E+00	2.5540E+00	2.5150E+00	2.2120E+00	1.7520E+00	1.4350E+00	1.1380E+00	1.3120E+00	2.0310E+00	3.1470E+00	1.8350E-05
1 47
5.0820E-04	1.2100E-03	1.6100E-03	1.8790E-03	2.0720E-03	2.2360E-03	2.3510E-03	2.4140E-03	2.4300E-03	2.4060E-03	2.3530E-03	2.2800E-03	2.2010E-03	2.1310E-03	2.0880E-03	9.1710E-04	5.3420E-04	3.4360E-04	2.7300E-04	2.0930E-04	1.8810E-04	2.2390E-04	2.3880E-04	2.3190E-04	2.0530E-04	1.7310E-04	1.4060E-04	9.9210E-05	6.8690E-05	2.5180E-05	2.0000E+00	1.9610E+00	1.8830E+00	1.8310E+00	2.0350E+00	2.2850E+00	2.4250E+00	2.5540E+00	2.5150E+00	2.2120E+00	1.7520E+00	1.4350E+00	1.1380E+00	1.3120E+00	2.0310E+00	3.1470E+00	1.8350E-05
1 47
5.0820E-04	1.2100E-03	1.6100E-03	1.8790E-03	2.0720E-03	2.2360E-03	2.3510E-03	2.4140E-03	2.4300E-03	2.4060E-03	2.3530E-03	2.2800E-03	2.2010E-03	2.1310E-03	2.0880E-03	9.1710E-04	5.3420E-04	3.4360E-04	2.7300E-04	2.0930E-04	1.8810E-04	2.2390E-04	2.3880E-04	2.3190E-04	2.0530E-04	1.7310E-04	1.4060E-04	9.9210E-05	6.8690E-05	2.5180E-05	2.0000E+00	1.9610E+00	1.8830E+00	1.8310E+00	2.0350E+00	2.2850E+00	2.4250E+00	2.5540E+00	2.5150E+00	2.2120E+00	1.7520E+00	1.4350E+00	1.1380E+00	1.3120E+00	2.0310E+00	3.1470E+00	1.8350E-05
1 38
8.5550E-04	2.0570E-03	2.6030E-03	2.8930E-03	3.0400E-03	3.0800E-03	3.0320E-03	2.9740E-03	2.9530E-03	2.8990E-03	2.8290E-03	2.7770E-03	1.5830E-03	8.2390E-04	3.7620E-04	2.8150E-04	2.6890E-04	3.0710E-04	3.2190E-04	2.8680E-04	2.2270E-04	1.5090E-04	1.0630E-04	4.0610E-05	2.0000E+00	1.7880E+00	2.0350E+00	2.6520E+00	2.9930E+00	2.9360E+00	2.8000E+00	2.3110E+00	1.8610E+00	1.4160E+00	1.4270E+00	2.0480E+00	3.4590E+00	3.8860E-05
1 38
8.5550E-04	2.0570E-03	2.6030E-03	2.8930E-03	3.0400E-03	3.0800E-03	3.0320E-03	2.9740E-03	2.9530E-03	2.8990E-03	2.8290E-03	2.7770E-03	1.5830E-03	8.2390E-04	3.7620E-04	2.8150E-04	2.6890E-04	3.0710E-04	3.2190E-04	2.8680E-04	2.2270E-04	1.5090E-04	1.0630E-04	4.0610E-05	2.0000E+00	1.7880E+00	2.0350E+00	2.6520E+00	2.9930E+00	2.9360E+00	2.8000E+00	2.3110E+00	1.8610E+00	1.4160E+00	1.4270E+00	2.0480E+00	3.4590E+00	3.8860E-05
1 38
8.5550E-04	2.0570E-03	2.6030E-03	2.8930E-03	3.0400E-03	3.0800E-03	3.0320E-03	2.9740E-03	2.9530E-03	2.8990E-03	2.8290E-03	2.7770E-03	1.5830E-03	8.2390E-04	3.7620E-04	2.8150E-04	2.6890E-04	3.0710E-04	3.2190E-04	2.8680E-04	2.2270E-04	1.5090E-04	1.0630E-04	4.0610E-05	2.0000E+00	1.7880E+00	2.0350E+00	2.6520E+00	2.9930E+00	2.9360E+00	2.8000E+00	2.3110E+00	1.8610E+00	1.4160E+00	1.4270E+00	2.0480E+00	3.4590E+00	3.8860E-05
1 38
8.5550E-04	2.0570E-03	2.6030E-03	2.8930E-03	3.0400E-03	3.0800E-03	3.0320E-03	2.9740E-03	2.9530E-03	2.8990E-03	2.8290E-03	2.7770E-03	1.5830E-03	8.2390E-04	3.7620E-04	2.8150E-04	2.6890E-04	3.0710E-04	3.2190E-04	2.8680E-04	2.2270E-04	1.5090E-04	1.0630E-04	4.0610E-05	2.0000E+00	1.7880E+00	2.0350E+00	2.6520E+00	2.9930E+00	2.9360E+00	2.8000E+00	2.3110E+00	1.8610E+00	1.4160E+00	1.4270E+00	2.0480E+00	3.4590E+00	3.8860E-05
1 38
8.5550E-04	2.0570E-03	2.6030E-03	2.8930E-03	3.0400E-03	3.0800E-03	3.0320E-03	2.9740E-03	2.9530E-03	2.8990E-03	2.8290E-03	2.7770E-03	1.5830E-03	8.2390E-04	3.7620E-04	2.8150E-04	2.6890E-04	3.0710E-04	3.2190E-04	2.8680E-04	2.2270E-04	1.5090E-04	1.0630E-04	4.0610E-05	2.0000E+00	1.7880E+00	2.0350E+00	2.6520E+00	2.9930E+00	2.9360E+00	2.8000E+00	2.3110E+00	1.8610E+00	1.4160E+00	1.4270E+00	2.0480E+00	3.4590E+00	3.8860E-05
1 38
8.5550E-04	2.0570E-03	2.6030E-03	2.8930E-03	3.0400E-03	3.0800E-03	3.0320E-03	2.9740E-03	2.9530E-03	2.8990E-03	2.8290E-03	2.7770E-03	1.5830E-03	8.2390E-04	3.7620E-04	2.8150E-04	2.6890E-04	3.0710E-04	3.2190E-04	2.8680E-04	2.2270E-04	1.5090E-04	1.0630E-04	4.0610E-05	2.0000E+00	1.7880E+00	2.0350E+00	2.6520E+00	2.9930E+00	2.9360E+00	2.8000E+00	2.3110E+00	1.8610E+00	1.4160E+00	1.4270E+00	2.0480E+00	3.4590E+00	3.8860E-05
1 23
7.5930E-04	1.7330E-03	2.2080E-03	2.4660E-03	2.5920E-03	2.6330E-03	2.6340E-03	1.3630E-03	6.6870E-04	4.2300E-04	3.5300E-04	2.4800E-04	1.2640E-04	3.2860E-05	2.0000E+00	2.0800E+00	2.4190E+00	2.4790E+00	2.4460E+00	2.0990E+00	1.9670E+00	3.9700E+00	4.4030E-06
1 23
7.5930E-04	1.7330E-03	2.2080E-03	2.4660E-03	2.5920E-03	2.6330E-03	2.6340E-03	1.3630E-03	6.6870E-04	4.2300E-04	3.5300E-04	2.4800E-04	1.2640E-04	3.2860E-05	2.0000E+00	2.0800E+00	2.4190E+00	2.4790E+00	2.4460E+00	2.0990E+00	1.9670E+00	3.9700E+00	4.4030E-06
1 23
7.5930E-04	1.7330E-03	2.2080E-03	2.4660E-03	2.5920E-03	2.6330E-03	2.6340E-03	1.3630E-03	6.6870E-04	4.2300E-04	3.5300E-04	2.4800E-04	1.2640E-04	3.2860E-05	2.0000E+00	2.0800E+00	2.4190E+00	2.4790E+00	2.4460E+00	2.0990E+00	1.9670E+00	3.9700E+00	4.4030E-06
1 20
8.7580E-04	1.9080E-03	2.3940E-03	2.6530E-03	2.7690E-03	2.7980E-03	1.5370E-03	6.7900E-04	3.7320E-04	2.7240E-04	1.4330E-04	3.8420E-05	2.0000E+00	1.8320E+00	2.6070E+00	2.6530E+00	2.3050E+00	2.0030E+00	3.3340E+00	3.4310E-05
1 20
8.7580E-04	1.9080E-03	2.3940E-03	2.6530E-03	2.7690E-03	2.7980E-03	1.5370E-03	6.7900E-04	3.7320E-04	2.7240E-04	1.4330E-04	3.8420E-05	2.0000E+00	1.8320E+00	2.6070E+00	2.6530E+00	2.3050E+00	2.0030E+00	3.3340E+00	3.4310E-05
1 20
8.7580E-04	1.9080E-03	2.3940E-03	2.6530E-03	2.7690E-03	2.7980E-03	1.5370E-03	6.7900E-04	3.7320E-04	2.7240E-04	1.4330E-04	3.8420E-05	2.0000E+00	1.8320E+00	2.6070E+00	2.6530E+00	2.3050E+00	2.0030E+00	3.3340E+00	3.4310E-05
1 17
6.5250E-04	1.4020E-03	1.7690E-03	1.9400E-03	1.9890E-03	1.1350E-03	5.2930E-04	3.4450E-04	1.8240E-04	5.8510E-05	2.0000E+00	1.7850E+00	2.0540E+00	1.9270E+00	1.8290E+00	3.1210E+00	6.2000E-06
1 17
6.5250E-04	1.4020E-03	1.7690E-03	1.9400E-03	1.9890E-03	1.1350E-03	5.2930E-04	3.4450E-04	1.8240E-04	5.8510E-05	2.0000E+00	1.7850E+00	2.0540E+00	1.9270E+00	1.8290E+00	3.1210E+00	6.2000E-06
1 17
6.5250E-04	1.4020E-03	1.7690E-03	1.9400E-03	1.9890E-03	1.1350E-03	5.2930E-04	3.4450E-04	1.8240E-04	5.8510E-05	2.0000E+00	1.7850E+00	2.0540E+00	1.9270E+00	1.8290E+00	3.1210E+00	6.2000E-06
1 20
8.7580E-04	1.9080E-03	2.3940E-03	2.6530E-03	2.7690E-03	2.7980E-03	1.5370E-03	6.7900E-04	3.7320E-04	2.7240E-04	1.4330E-04	3.8420E-05	2.0000E+00	1.8320E+00	2.6070E+00	2.6530E+00	2.3050E+00	2.0030E+00	3.3340E+00	3.4310E-05
1 20
8.7580E-04	1.9080E-03	2.3940E-03	2.6530E-03	2.7690E-03	2.7980E-03	1.5370E-03	6.7900E-04	3.7320E-04	2.7240E-04	1.4330E-04	3.8420E-05	2.0000E+00	1.8320E+00	2.6070E+00	2.6530E+00	2.3050E+00	2.0030E+00	3.3340E+00	3.4310E-05
1 17
6.5250E-04	1.4020E-03	1.7690E-03	1.9400E-03	1.9890E-03	1.1350E-03	5.2930E-04	3.4450E-04	1.8240E-04	5.8510E-05	2.0000E+00	1.7850E+00	2.0540E+00	1.9270E+00	1.8290E+00	3.1210E+00	6.2000E-06
1 6
3.0080E-04	4.7803E-04	3.2146E-04	2.0000E+00	2.6180E+00	1.3020E-05
1 6
7.3340E-04	9.2370E-04	8.9748E-04	2.0000E+00	2.5680E+00	4.2620E-05
1 10
1.6110E-03	6.8550E-04	2.1239E-03	2.0577E-03	8.0765E-04	6.3779E-04	2.0000E+00	3.3260E+00	3.3480E+00	6.9060E-05
1 14
8.3010E-04	1.7380E-03	2.1530E-03	2.3390E-03	1.4300E-03	6.1900E-04	3.4780E-04	1.0300E-04	2.0000E+00	1.9550E+00	2.1500E+00	2.4290E+00	3.7340E+00	2.3860E-05
1 20
8.7580E-04	1.9080E-03	2.3940E-03	2.6530E-03	2.7690E-03	2.7980E-03	1.5370E-03	6.7900E-04	3.7320E-04	2.7240E-04	1.4330E-04	3.8420E-05	2.0000E+00	1.8320E+00	2.6070E+00	2.6530E+00	2.3050E+00	2.0030E+00	3.3340E+00	3.4310E-05
1 17
6.5250E-04	1.4020E-03	1.7690E-03	1.9400E-03	1.9890E-03	1.1350E-03	5.2930E-04	3.4450E-04	1.8240E-04	5.8510E-05	2.0000E+00	1.7850E+00	2.0540E+00	1.9270E+00	1.8290E+00	3.1210E+00	6.2000E-06
1 17
7.0050E-04	1.4900E-03	1.8750E-03	2.1300E-03	2.2360E-03	1.2140E-03	5.6200E-04	3.8580E-04	2.0100E-04	5.5290E-05	2.0000E+00	1.9820E+00	2.0840E+00	2.0830E+00	2.1560E+00	3.6530E+00	5.9230E-06
1 23
7.4600E-04	1.7310E-03	2.2260E-03	2.5140E-03	2.6750E-03	2.7430E-03	2.7580E-03	1.3490E-03	6.9140E-04	3.7100E-04	2.8210E-04	1.9200E-04	9.4350E-05	2.6590E-05	2.0000E+00	1.8540E+00	2.4220E+00	2.7110E+00	2.4750E+00	2.0900E+00	2.0550E+00	3.4530E+00	2.9180E-05
1 29
5.8690E-04	1.4620E-03	1.9280E-03	2.2200E-03	2.4080E-03	2.5140E-03	2.5600E-03	2.5670E-03	2.5590E-03	1.1010E-03	6.4670E-04	3.6200E-04	3.0180E-04	2.7070E-04	2.1310E-04	1.3790E-04	7.3260E-05	2.3580E-05	2.0000E+00	2.0300E+00	2.3980E+00	2.8390E+00	2.9590E+00	2.7990E+00	2.2650E+00	1.6020E+00	2.1420E+00	3.8810E+00	8.8560E-06
1 41
8.0150E-04	2.0010E-03	2.5660E-03	2.8800E-03	3.0800E-03	3.1880E-03	3.2260E-03	3.2040E-03	3.1360E-03	3.0370E-03	2.9260E-03	2.8250E-03	2.7630E-03	1.5110E-03	8.5030E-04	3.8980E-04	2.8110E-04	2.4780E-04	2.6350E-04	2.6650E-04	2.5400E-04	2.1780E-04	1.7090E-04	1.3610E-04	9.8520E-05	3.6980E-05	2.0000E+00	1.9270E+00	1.9070E+00	2.2880E+00	2.5470E+00	2.6200E+00	2.4050E+00	2.1380E+00	1.9620E+00	1.6000E+00	1.5050E+00	1.6550E+00	2.4900E+00	3.9820E+00	5.2550E-05
1 11
1.0850E-03	2.1700E-03	2.5140E-03	1.8390E-03	6.2780E-04	1.8460E-04	2.0000E+00	2.0280E+00	2.9640E+00	4.0570E+00	2.5300E-05
1 41
8.0150E-04	2.0010E-03	2.5660E-03	2.8800E-03	3.0800E-03	3.1880E-03	3.2260E-03	3.2040E-03	3.1360E-03	3.0370E-03	2.9260E-03	2.8250E-03	2.7630E-03	1.5110E-03	8.5030E-04	3.8980E-04	2.8110E-04	2.4780E-04	2.6350E-04	2.6650E-04	2.5400E-04	2.1780E-04	1.7090E-04	1.3610E-04	9.8520E-05	3.6980E-05	2.0000E+00	1.9270E+00	1.9070E+00	2.2880E+00	2.5470E+00	2.6200E+00	2.4050E+00	2.1380E+00	1.9620E+00	1.6000E+00	1.5050E+00	1.6550E+00	2.4900E+00	3.9820E+00	5.2550E-05
1 11
1.0850E-03	2.1700E-03	2.5140E-03	1.8390E-03	6.2780E-04	1.8460E-04	2.0000E+00	2.0280E+00	2.9640E+00	4.0570E+00	2.5300E-05
1 32
5.0690E-04	1.2550E-03	1.6780E-03	1.9570E-03	2.1440E-03	2.2530E-03	2.3020E-03	2.3100E-03	2.2950E-03	2.2780E-03	9.4490E-04	5.6070E-04	3.3520E-04	2.6150E-04	2.2140E-04	2.1090E-04	1.8220E-04	1.2800E-04	6.9610E-05	2.0630E-05	2.0000E+00	2.0330E+00	2.3580E+00	2.6860E+00	2.8110E+00	2.9920E+00	2.7320E+00	1.9640E+00	1.3900E+00	1.9930E+00	3.6410E+00	7.8550E-06
1 20
6.0290E-04	1.3000E-03	1.6650E-03	1.8690E-03	1.9640E-03	1.9880E-03	1.0480E-03	4.9240E-04	3.4540E-04	2.2700E-04	1.2040E-04	3.6570E-05	2.0000E+00	1.7580E+00	1.8610E+00	2.0060E+00	1.6720E+00	1.9050E+00	3.1990E+00	8.4630E-06
1 38
8.4480E-04	2.0220E-03	2.5630E-03	2.8610E-03	3.0300E-03	3.1070E-03	3.1070E-03	3.0520E-03	2.9550E-03	2.8410E-03	2.7320E-03	2.6640E-03	1.5590E-03	8.0640E-04	3.7810E-04	2.6630E-04	2.7490E-04	2.8590E-04	2.8120E-04	2.5140E-04	1.9610E-04	1.4640E-04	1.0860E-04	4.1310E-05	2.0000E+00	1.9320E+00	1.9350E+00	2.2980E+00	2.5410E+00	2.5070E+00	2.1520E+00	2.0440E+00	1.6870E+00	1.4830E+00	1.5520E+00	2.3360E+00	3.9330E+00	2.4190E-05
1 80
3.1740E-04	8.3560E-04	1.2130E-03	1.4610E-03	1.6490E-03	1.7940E-03	1.9050E-03	1.9800E-03	2.0290E-03	2.0490E-03	2.0500E-03	2.0290E-03	1.9960E-03	1.9490E-03	1.9010E-03	1.9270E-03	1.9530E-03	1.9670E-03	1.9660E-03	1.9590E-03	1.9430E-03	1.9180E-03	1.8880E-03	1.8580E-03	1.8320E-03	1.8160E-03	6.0290E-04	4.4510E-04	3.0700E-04	2.1320E-04	1.7240E-04	1.4110E-04	1.2250E-04	1.1470E-04	1.1960E-04	1.1930E-04	1.1370E-04	1.1140E-04	1.2350E-04	1.3920E-04	1.4860E-04	1.5650E-04	1.6470E-04	1.6180E-04	1.4720E-04	1.2380E-04	1.0520E-04	8.3800E-05	6.0720E-05	3.8140E-05	2.4180E-05	8.5690E-06	2.0000E+00	1.9740E+00	1.9690E+00	1.9170E+00	1.9020E+00	1.8750E+00	1.9720E+00	1.9870E+00	1.9970E+00	1.9080E+00	1.8160E+00	1.6680E+00	1.6680E+00	1.8740E+00	2.0060E+00	2.1070E+00	2.1510E+00	2.1150E+00	2.0170E+00	1.8600E+00	1.6060E+00	1.3090E+00	1.2950E+00	1.3970E+00	1.7910E+00	2.1930E+00	2.6750E+00	1.9850E-06
1 80
3.1740E-04	8.3560E-04	1.2130E-03	1.4610E-03	1.6490E-03	1.7940E-03	1.9050E-03	1.9800E-03	2.0290E-03	2.0490E-03	2.0500E-03	2.0290E-03	1.9960E-03	1.9490E-03	1.9010E-03	1.9270E-03	1.9530E-03	1.9670E-03	1.9660E-03	1.9590E-03	1.9430E-03	1.9180E-03	1.8880E-03	1.8580E-03	1.8320E-03	1.8160E-03	6.0290E-04	4.4510E-04	3.0700E-04	2.1320E-04	1.7240E-04	1.4110E-04	1.2250E-04	1.1470E-04	1.1960E-04	1.1930E-04	1.1370E-04	1.1140E-04	1.2350E-04	1.3920E-04	1.4860E-04	1.5650E-04	1.6470E-04	1.6180E-04	1.4720E-04	1.2380E-04	1.0520E-04	8.3800E-05	6.0720E-05	3.8140E-05	2.4180E-05	8.5690E-06	2.0000E+00	1.9740E+00	1.9690E+00	1.9170E+00	1.9020E+00	1.8750E+00	1.9720E+00	1.9870E+00	1.9970E+00	1.9080E+00	1.8160E+00	1.6680E+00	1.6680E+00	1.8740E+00	2.0060E+00	2.1070E+00	2.1510E+00	2.1150E+00	2.0170E+00	1.8600E+00	1.6060E+00	1.3090E+00	1.2950E+00	1.3970E+00	1.7910E+00	2.1930E+00	2.6750E+00	1.9850E-06
1 80
3.1740E-04	8.3560E-04	1.2130E-03	1.4610E-03	1.6490E-03	1.7940E-03	1.9050E-03	1.9800E-03	2.0290E-03	2.0490E-03	2.0500E-03	2.0290E-03	1.9960E-03	1.9490E-03	1.9010E-03	1.9270E-03	1.9530E-03	1.9670E-03	1.9660E-03	1.9590E-03	1.9430E-03	1.9180E-03	1.8880E-03	1.8580E-03	1.8320E-03	1.8160E-03	6.0290E-04	4.4510E-04	3.0700E-04	2.1320E-04	1.7240E-04	1.4110E-04	1.2250E-04	1.1470E-04	1.1960E-04	1.1930E-04	1.1370E-04	1.1140E-04	1.2350E-04	1.3920E-04	1.4860E-04	1.5650E-04	1.6470E-04	1.6180E-04	1.4720E-04	1.2380E-04	1.0520E-04	8.3800E-05	6.0720E-05	3.8140E-05	2.4180E-05	8.5690E-06	2.0000E+00	1.9740E+00	1.9690E+00	1.9170E+00	1.9020E+00	1.8750E+00	1.9720E+00	1.9870E+00	1.9970E+00	1.9080E+00	1.8160E+00	1.6680E+00	1.6680E+00	1.8740E+00	2.0060E+00	2.1070E+00	2.1510E+00	2.1150E+00	2.0170E+00	1.8600E+00	1.6060E+00	1.3090E+00	1.2950E+00	1.3970E+00	1.7910E+00	2.1930E+00	2.6750E+00	1.9850E-06
1 80
3.1740E-04	8.3560E-04	1.2130E-03	1.4610E-03	1.6490E-03	1.7940E-03	1.9050E-03	1.9800E-03	2.0290E-03	2.0490E-03	2.0500E-03	2.0290E-03	1.9960E-03	1.9490E-03	1.9010E-03	1.9270E-03	1.9530E-03	1.9670E-03	1.9660E-03	1.9590E-03	1.9430E-03	1.9180E-03	1.8880E-03	1.8580E-03	1.8320E-03	1.8160E-03	6.0290E-04	4.4510E-04	3.0700E-04	2.1320E-04	1.7240E-04	1.4110E-04	1.2250E-04	1.1470E-04	1.1960E-04	1.1930E-04	1.1370E-04	1.1140E-04	1.2350E-04	1.3920E-04	1.4860E-04	1.5650E-04	1.6470E-04	1.6180E-04	1.4720E-04	1.2380E-04	1.0520E-04	8.3800E-05	6.0720E-05	3.8140E-05	2.4180E-05	8.5690E-06	2.0000E+00	1.9740E+00	1.9690E+00	1.9170E+00	1.9020E+00	1.8750E+00	1.9720E+00	1.9870E+00	1.9970E+00	1.9080E+00	1.8160E+00	1.6680E+00	1.6680E+00	1.8740E+00	2.0060E+00	2.1070E+00	2.1510E+00	2.1150E+00	2.0170E+00	1.8600E+00	1.6060E+00	1.3090E+00	1.2950E+00	1.3970E+00	1.7910E+00	2.1930E+00	2.6750E+00	1.9850E-06
1 20
6.0290E-04	1.3000E-03	1.6650E-03	1.8690E-03	1.9640E-03	1.9880E-03	1.0480E-03	4.9240E-04	3.4540E-04	2.2700E-04	1.2040E-04	3.6570E-05	2.0000E+00	1.7580E+00	1.8610E+00	2.0060E+00	1.6720E+00	1.9050E+00	3.1990E+00	8.4630E-06
1 11
1.0760E-03	2.1470E-03	2.4780E-03	1.8220E-03	6.1630E-04	1.8010E-04	2.0000E+00	2.1100E+00	2.6160E+00	3.8930E+00	3.3940E-05
1 23
7.4600E-04	1.7310E-03	2.2260E-03	2.5140E-03	2.6750E-03	2.7430E-03	2.7580E-03	1.3490E-03	6.9140E-04	3.7100E-04	2.8210E-04	1.9200E-04	9.4350E-05	2.6590E-05	2.0000E+00	1.8540E+00	2.4220E+00	2.7110E+00	2.4750E+00	2.0900E+00	2.0550E+00	3.4530E+00	2.9180E-05
1 20
6.0290E-04	1.3000E-03	1.6650E-03	1.8690E-03	1.9640E-03	1.9880E-03	1.0480E-03	4.9240E-04	3.4540E-04	2.2700E-04	1.2040E-04	3.6570E-05	2.0000E+00	1.7580E+00	1.8610E+00	2.0060E+00	1.6720E+00	1.9050E+00	3.1990E+00	8.4630E-06
1 41
8.0150E-04	2.0010E-03	2.5660E-03	2.8800E-03	3.0800E-03	3.1880E-03	3.2260E-03	3.2040E-03	3.1360E-03	3.0370E-03	2.9260E-03	2.8250E-03	2.7630E-03	1.5110E-03	8.5030E-04	3.8980E-04	2.8110E-04	2.4780E-04	2.6350E-04	2.6650E-04	2.5400E-04	2.1780E-04	1.7090E-04	1.3610E-04	9.8520E-05	3.6980E-05	2.0000E+00	1.9270E+00	1.9070E+00	2.2880E+00	2.5470E+00	2.6200E+00	2.4050E+00	2.1380E+00	1.9620E+00	1.6000E+00	1.5050E+00	1.6550E+00	2.4900E+00	3.9820E+00	5.2550E-05
1 29
5.8690E-04	1.4620E-03	1.9280E-03	2.2200E-03	2.4080E-03	2.5140E-03	2.5600E-03	2.5670E-03	2.5590E-03	1.1010E-03	6.4670E-04	3.6200E-04	3.0180E-04	2.7070E-04	2.1310E-04	1.3790E-04	7.3260E-05	2.3580E-05	2.0000E+00	2.0300E+00	2.3980E+00	2.8390E+00	2.9590E+00	2.7990E+00	2.2650E+00	1.6020E+00	2.1420E+00	3.8810E+00	8.8560E-06
1 11
1.0760E-03	2.1470E-03	2.4780E-03	1.8220E-03	6.1630E-04	1.8010E-04	2.0000E+00	2.1100E+00	2.6160E+00	3.8930E+00	3.3940E-05
1 29
5.8690E-04	1.4620E-03	1.9280E-03	2.2200E-03	2.4080E-03	2.5140E-03	2.5600E-03	2.5670E-03	2.5590E-03	1.1010E-03	6.4670E-04	3.6200E-04	3.0180E-04	2.7070E-04	2.1310E-04	1.3790E-04	7.3260E-05	2.3580E-05	2.0000E+00	2.0300E+00	2.3980E+00	2.8390E+00	2.9590E+00	2.7990E+00	2.2650E+00	1.6020E+00	2.1420E+00	3.8810E+00	8.8560E-06
1 53
5.0840E-04	1.3390E-03	1.8810E-03	2.2270E-03	2.4800E-03	2.6680E-03	2.7980E-03	2.8730E-03	2.9020E-03	2.8900E-03	2.8450E-03	2.7760E-03	2.6910E-03	2.6010E-03	2.5160E-03	2.4460E-03	2.4050E-03	9.7350E-04	6.8180E-04	4.3630E-04	2.8960E-04	2.2510E-04	1.8000E-04	1.8160E-04	2.0410E-04	2.1150E-04	2.0330E-04	1.8170E-04	1.5110E-04	1.2710E-04	1.0050E-04	8.5420E-05	6.1050E-05	2.2780E-05	2.0000E+00	1.9570E+00	1.8980E+00	1.8140E+00	1.8850E+00	2.1320E+00	2.3330E+00	2.4820E+00	2.5700E+00	2.4840E+00	2.1770E+00	1.8010E+00	1.5360E+00	1.2870E+00	1.2870E+00	1.4880E+00	2.1740E+00	3.1010E+00	2.0290E-05
1 53
5.0840E-04	1.3390E-03	1.8810E-03	2.2270E-03	2.4800E-03	2.6680E-03	2.7980E-03	2.8730E-03	2.9020E-03	2.8900E-03	2.8450E-03	2.7760E-03	2.6910E-03	2.6010E-03	2.5160E-03	2.4460E-03	2.4050E-03	9.7350E-04	6.8180E-04	4.3630E-04	2.8960E-04	2.2510E-04	1.8000E-04	1.8160E-04	2.0410E-04	2.1150E-04	2.0330E-04	1.8170E-04	1.5110E-04	1.2710E-04	1.0050E-04	8.5420E-05	6.1050E-05	2.2780E-05	2.0000E+00	1.9570E+00	1.8980E+00	1.8140E+00	1.8850E+00	2.1320E+00	2.3330E+00	2.4820E+00	2.5700E+00	2.4840E+00	2.1770E+00	1.8010E+00	1.5360E+00	1.2870E+00	1.2870E+00	1.4880E+00	2.1740E+00	3.1010E+00	2.0290E-05
1 38
8.4480E-04	2.0220E-03	2.5630E-03	2.8610E-03	3.0300E-03	3.1070E-03	3.1070E-03	3.0520E-03	2.9550E-03	2.8410E-03	2.7320E-03	2.6640E-03	1.5590E-03	8.0640E-04	3.7810E-04	2.6630E-04	2.7490E-04	2.8590E-04	2.8120E-04	2.5140E-04	1.9610E-04	1.4640E-04	1.0860E-04	4.1310E-05	2.0000E+00	1.9320E+00	1.9350E+00	2.2980E+00	2.5410E+00	2.5070E+00	2.1520E+00	2.0440E+00	1.6870E+00	1.4830E+00	1.5520E+00	2.3360E+00	3.9330E+00	2.4190E-05
1 11
1.0760E-03	2.1470E-03	2.4780E-03	1.8220E-03	6.1630E-04	1.8010E-04	2.0000E+00	2.1100E+00	2.6160E+00	3.8930E+00	3.3940E-05
1 20
8.7580E-04	1.9080E-03	2.3940E-03	2.6530E-03	2.7690E-03	2.7980E-03	1.5370E-03	6.7900E-04	3.7320E-04	2.7240E-04	1.4330E-04	3.8420E-05	2.0000E+00	1.8320E+00	2.6070E+00	2.6530E+00	2.3050E+00	2.0030E+00	3.3340E+00	3.4310E-05
1 6
2.0770E-03	1.4320E-04	2.0000E+00	2.0590E+00	1.7790E+00	4.9210E-04
1 8
3.6930E-03	5.8100E-04	7.3860E-05	2.0000E+00	1.3640E+00	1.2580E+00	1.2160E+00	8.9280E-04
1 22
1.7180E-03	1.6500E-03	1.4210E-03	1.0310E-03	4.3700E-04	2.2392E-03	2.2180E-03	2.1151E-03	1.6780E-03	1.6417E-03	1.3949E-03	9.5257E-04	9.6048E-04	3.1432E-04	2.3117E-04	2.0000E+00	2.1350E+00	1.7430E+00	1.5920E+00	2.0450E+00	2.4020E+00	4.0270E-05
1 22
1.7180E-03	1.6500E-03	1.4210E-03	1.0310E-03	4.3700E-04	2.2392E-03	2.2180E-03	2.1151E-03	1.6780E-03	1.6417E-03	1.3949E-03	9.5257E-04	9.6048E-04	3.1432E-04	2.3117E-04	2.0000E+00	2.1350E+00	1.7430E+00	1.5920E+00	2.0450E+00	2.4020E+00	4.0270E-05
1 22
1.7180E-03	1.6500E-03	1.4210E-03	1.0310E-03	4.3700E-04	2.2392E-03	2.2180E-03	2.1151E-03	1.6780E-03	1.6417E-03	1.3949E-03	9.5257E-04	9.6048E-04	3.1432E-04	2.3117E-04	2.0000E+00	2.1350E+00	1.7430E+00	1.5920E+00	2.0450E+00	2.4020E+00	4.0270E-05
1 22
1.7180E-03	1.6500E-03	1.4210E-03	1.0310E-03	4.3700E-04	2.2392E-03	2.2180E-03	2.1151E-03	1.6780E-03	1.6417E-03	1.3949E-03	9.5257E-04	9.6048E-04	3.1432E-04	2.3117E-04	2.0000E+00	2.1350E+00	1.7430E+00	1.5920E+00	2.0450E+00	2.4020E+00	4.0270E-05
1 22
1.7180E-03	1.6500E-03	1.4210E-03	1.0310E-03	4.3700E-04	2.2392E-03	2.2180E-03	2.1151E-03	1.6780E-03	1.6417E-03	1.3949E-03	9.5257E-04	9.6048E-04	3.1432E-04	2.3117E-04	2.0000E+00	2.1350E+00	1.7430E+00	1.5920E+00	2.0450E+00	2.4020E+00	4.0270E-05
1 22
1.7180E-03	1.6500E-03	1.4210E-03	1.0310E-03	4.3700E-04	2.2392E-03	2.2180E-03	2.1151E-03	1.6780E-03	1.6417E-03	1.3949E-03	9.5257E-04	9.6048E-04	3.1432E-04	2.3117E-04	2.0000E+00	2.1350E+00	1.7430E+00	1.5920E+00	2.0450E+00	2.4020E+00	4.0270E-05
1 22
1.7180E-03	1.6500E-03	1.4210E-03	1.0310E-03	4.3700E-04	2.2392E-03	2.2180E-03	2.1151E-03	1.6780E-03	1.6417E-03	1.3949E-03	9.5257E-04	9.6048E-04	3.1432E-04	2.3117E-04	2.0000E+00	2.1350E+00	1.7430E+00	1.5920E+00	2.0450E+00	2.4020E+00	4.0270E-05
1 6
2.0770E-03	1.4320E-04	2.0000E+00	2.0590E+00	1.7790E+00	4.9210E-04
1 6
2.0770E-03	1.4320E-04	2.0000E+00	2.0590E+00	1.7790E+00	4.9210E-04
1 22
1.7180E-03	1.6500E-03	1.4210E-03	1.0310E-03	4.3700E-04	2.2392E-03	2.2180E-03	2.1151E-03	1.6780E-03	1.6417E-03	1.3949E-03	9.5257E-04	9.6048E-04	3.1432E-04	2.3117E-04	2.0000E+00	2.1350E+00	1.7430E+00	1.5920E+00	2.0450E+00	2.4020E+00	4.0270E-05
1 22
1.7180E-03	1.6500E-03	1.4210E-03	1.0310E-03	4.3700E-04	2.2392E-03	2.2180E-03	2.1151E-03	1.6780E-03	1.6417E-03	1.3949E-03	9.5257E-04	9.6048E-04	3.1432E-04	2.3117E-04	2.0000E+00	2.1350E+00	1.7430E+00	1.5920E+00	2.0450E+00	2.4020E+00	4.0270E-05
1 22
1.7180E-03	1.6500E-03	1.4210E-03	1.0310E-03	4.3700E-04	2.2392E-03	2.2180E-03	2.1151E-03	1.6780E-03	1.6417E-03	1.3949E-03	9.5257E-04	9.6048E-04	3.1432E-04	2.3117E-04	2.0000E+00	2.1350E+00	1.7430E+00	1.5920E+00	2.0450E+00	2.4020E+00	4.0270E-05
1 22
1.7180E-03	1.6500E-03	1.4210E-03	1.0310E-03	4.3700E-04	2.2392E-03	2.2180E-03	2.1151E-03	1.6780E-03	1.6417E-03	1.3949E-03	9.5257E-04	9.6048E-04	3.1432E-04	2.3117E-04	2.0000E+00	2.1350E+00	1.7430E+00	1.5920E+00	2.0450E+00	2.4020E+00	4.0270E-05
1 22
1.7180E-03	1.6500E-03	1.4210E-03	1.0310E-03	4.3700E-04	2.2392E-03	2.2180E-03	2.1151E-03	1.6780E-03	1.6417E-03	1.3949E-03	9.5257E-04	9.6048E-04	3.1432E-04	2.3117E-04	2.0000E+00	2.1350E+00	1.7430E+00	1.5920E+00	2.0450E+00	2.4020E+00	4.0270E-05
1 22
1.7180E-03	1.6500E-03	1.4210E-03	1.0310E-03	4.3700E-04	2.2392E-03	2.2180E-03	2.1151E-03	1.6780E-03	1.6417E-03	1.3949E-03	9.5257E-04	9.6048E-04	3.1432E-04	2.3117E-04	2.0000E+00	2.1350E+00	1.7430E+00	1.5920E+00	2.0450E+00	2.4020E+00	4.0270E-05
1 22
1.7180E-03	1.6500E-03	1.4210E-03	1.0310E-03	4.3700E-04	2.2392E-03	2.2180E-03	2.1151E-03	1.6780E-03	1.6417E-03	1.3949E-03	9.5257E-04	9.6048E-04	3.1432E-04	2.3117E-04	2.0000E+00	2.1350E+00	1.7430E+00	1.5920E+00	2.0450E+00	2.4020E+00	4.0270E-05
1 22
1.7180E-03	1.6500E-03	1.4210E-03	1.0310E-03	4.3700E-04	2.2392E-03	2.2180E-03	2.1151E-03	1.6780E-03	1.6417E-03	1.3949E-03	9.5257E-04	9.6048E-04	3.1432E-04	2.3117E-04	2.0000E+00	2.1350E+00	1.7430E+00	1.5920E+00	2.0450E+00	2.4020E+00	4.0270E-05
1 22
1.7180E-03	1.6500E-03	1.4210E-03	1.0310E-03	4.3700E-04	2.2392E-03	2.2180E-03	2.1151E-03	1.6780E-03	1.6417E-03	1.3949E-03	9.5257E-04	9.6048E-04	3.1432E-04	2.3117E-04	2.0000E+00	2.1350E+00	1.7430E+00	1.5920E+00	2.0450E+00	2.4020E+00	4.0270E-05
1 22
1.7180E-03	1.6500E-03	1.4210E-03	1.0310E-03	4.3700E-04	2.2392E-03	2.2180E-03	2.1151E-03	1.6780E-03	1.6417E-03	1.3949E-03	9.5257E-04	9.6048E-04	3.1432E-04	2.3117E-04	2.0000E+00	2.1350E+00	1.7430E+00	1.5920E+00	2.0450E+00	2.4020E+00	4.0270E-05
1 22
1.7180E-03	1.6500E-03	1.4210E-03	1.0310E-03	4.3700E-04	2.2392E-03	2.2180E-03	2.1151E-03	1.6780E-03	1.6417E-03	1.3949E-03	9.5257E-04	9.6048E-04	3.1432E-04	2.3117E-04	2.0000E+00	2.1350E+00	1.7430E+00	1.5920E+00	2.0450E+00	2.4020E+00	4.0270E-05
1 22
1.7180E-03	1.6500E-03	1.4210E-03	1.0310E-03	4.3700E-04	2.2392E-03	2.2180E-03	2.1151E-03	1.6780E-03	1.6417E-03	1.3949E-03	9.5257E-04	9.6048E-04	3.1432E-04	2.3117E-04	2.0000E+00	2.1350E+00	1.7430E+00	1.5920E+00	2.0450E+00	2.4020E+00	4.0270E-05
1 22
1.7180E-03	1.6500E-03	1.4210E-03	1.0310E-03	4.3700E-04	2.2392E-03	2.2180E-03	2.1151E-03	1.6780E-03	1.6417E-03	1.3949E-03	9.5257E-04	9.6048E-04	3.1432E-04	2.3117E-04	2.0000E+00	2.1350E+00	1.7430E+00	1.5920E+00	2.0450E+00	2.4020E+00	4.0270E-05
1 4
1.3900E-03	2.0000E+00	2.3240E+00	2.9110E-04
1 4
1.3900E-03	2.0000E+00	2.3240E+00	2.9110E-04
1 4
1.3900E-03	2.0000E+00	2.3240E+00	2.9110E-04
1 4
1.3900E-03	2.0000E+00	2.3240E+00	2.9110E-04
1 4
1.3900E-03	2.0000E+00	2.3240E+00	2.9110E-04
1 4
1.3900E-03	2.0000E+00	2.3240E+00	2.9110E-04
1 4
1.3900E-03	2.0000E+00	2.3240E+00	2.9110E-04
1 4
1.3900E-03	2.0000E+00	2.3240E+00	2.9110E-04
1 4
1.3900E-03	2.0000E+00	2.3240E+00	2.9110E-04
1 4
1.3900E-03	2.0000E+00	2.3240E+00	2.9110E-04
1 4
1.3900E-03	2.0000E+00	2.3240E+00	2.9110E-04
1 4
1.3900E-03	2.0000E+00	2.3240E+00	2.9110E-04
1 4
1.3900E-03	2.0000E+00	2.3240E+00	2.9110E-04
1 4
1.3900E-03	2.0000E+00	2.3240E+00	2.9110E-04
1 4
1.3900E-03	2.0000E+00	2.3240E+00	2.9110E-04
1 4
1.3900E-03	2.0000E+00	2.3240E+00	2.9110E-04
1 4
1.5350E-03	2.0000E+00	2.3640E+00	3.4330E-04
1 4
1.5350E-03	2.0000E+00	2.3640E+00	3.4330E-04
1 4
1.3900E-03	2.0000E+00	2.3240E+00	2.9110E-04
1 4
1.3900E-03	2.0000E+00	2.3240E+00	2.9110E-04
1 4
1.3900E-03	2.0000E+00	2.3240E+00	2.9110E-04
1 4
1.3900E-03	2.0000E+00	2.3240E+00	2.9110E-04
1 4
1.3900E-03	2.0000E+00	2.3240E+00	2.9110E-04
1 4
1.3900E-03	2.0000E+00	2.3240E+00	2.9110E-04
1 4
1.3900E-03	2.0000E+00	2.3240E+00	2.9110E-04
1 4
1.3900E-03	2.0000E+00	2.3240E+00	2.9110E-04
1 4
1.3900E-03	2.0000E+00	2.3240E+00	2.9110E-04
1 4
1.3900E-03	2.0000E+00	2.3240E+00	2.9110E-04
1 4
1.3900E-03	2.0000E+00	2.3240E+00	2.9110E-04
1 4
1.3900E-03	2.0000E+00	2.3240E+00	2.9110E-04
1 4
1.3900E-03	2.0000E+00	2.3240E+00	2.9110E-04
1 4
1.3900E-03	2.0000E+00	2.3240E+00	2.9110E-04
1 4
1.3900E-03	2.0000E+00	2.3240E+00	2.9110E-04
1 26
1.9290E-03	1.5910E-03	1.3820E-03	1.2480E-03	9.1230E-04	3.8090E-04	2.5565E-03	2.4933E-03	2.0283E-03	1.6169E-03	1.5891E-03	1.3545E-03	1.1641E-03	1.2123E-03	6.5848E-04	5.4807E-04	1.0315E-04	2.1207E-04	2.0000E+00	1.8910E+00	2.0700E+00	1.6490E+00	1.5640E+00	2.0590E+00	2.3930E+00	7.6970E-05
1 4
1.5350E-03	2.0000E+00	2.3640E+00	3.4330E-04
1 12
7.7220E-03	1.2590E-03	7.3470E-04	1.0270E-04	4.9080E-05	2.0000E+00	1.3960E+00	1.0280E+00	8.8220E-01	9.1000E-01	9.5040E-01	3.1360E-03
1 12
7.7220E-03	1.2590E-03	7.3470E-04	1.0270E-04	4.9080E-05	2.0000E+00	1.3960E+00	1.0280E+00	8.8220E-01	9.1000E-01	9.5040E-01	3.1360E-03
1 12
7.7220E-03	1.2590E-03	7.3470E-04	1.0270E-04	4.9080E-05	2.0000E+00	1.3960E+00	1.0280E+00	8.8220E-01	9.1000E-01	9.5040E-01	3.1360E-03
1 12
7.7220E-03	1.2590E-03	7.3470E-04	1.0270E-04	4.9080E-05	2.0000E+00	1.3960E+00	1.0280E+00	8.8220E-01	9.1000E-01	9.5040E-01	3.1360E-03
1 12
1.1600E-03	9.9330E-04	8.0340E-04	5.7670E-04	2.9400E-04	2.0000E+00	1.9920E+00	2.6970E+00	3.1330E+00	3.5940E+00	4.2580E+00	1.4260E-04
1 12
1.1600E-03	9.9330E-04	8.0340E-04	5.7670E-04	2.9400E-04	2.0000E+00	1.9920E+00	2.6970E+00	3.1330E+00	3.5940E+00	4.2580E+00	1.4260E-04
1 14
1.0220E-03	9.3700E-04	8.1080E-04	6.5400E-04	4.6190E-04	2.3520E-04	2.0000E+00	1.7880E+00	2.2460E+00	2.6970E+00	3.0510E+00	3.3580E+00	3.7950E+00	6.0110E-06
1 56
4.9380E-04	1.2630E-03	1.6830E-03	1.9350E-03	2.0990E-03	2.1930E-03	2.2300E-03	2.2980E-03	2.3910E-03	2.4540E-03	2.4860E-03	2.4910E-03	2.4750E-03	2.4460E-03	2.4060E-03	2.3610E-03	2.3170E-03	2.2880E-03	9.3820E-04	5.8020E-04	3.2620E-04	2.6350E-04	2.2530E-04	1.8950E-04	1.6640E-04	1.7300E-04	1.7700E-04	1.7580E-04	1.6720E-04	1.7030E-04	1.6170E-04	1.4090E-04	1.0970E-04	7.9800E-05	5.3220E-05	1.9030E-05	2.0000E+00	1.9550E+00	1.9170E+00	2.1110E+00	2.2090E+00	2.1450E+00	1.9500E+00	2.1020E+00	2.1550E+00	2.0430E+00	1.9000E+00	2.0510E+00	2.0250E+00	1.7630E+00	1.3020E+00	1.2750E+00	1.5980E+00	2.2630E+00	2.9830E+00	3.5190E-06
1 59
4.5240E-04	1.1950E-03	1.5890E-03	1.8340E-03	2.0010E-03	2.1010E-03	2.1440E-03	2.1400E-03	2.1250E-03	2.1480E-03	2.1460E-03	2.1480E-03	2.1480E-03	2.1310E-03	2.1010E-03	2.0740E-03	2.0370E-03	2.0000E-03	1.9760E-03	8.7630E-04	5.6120E-04	2.8810E-04	2.3690E-04	2.0220E-04	1.7340E-04	1.4980E-04	1.6170E-04	1.7090E-04	1.7320E-04	1.7420E-04	1.6740E-04	1.6240E-04	1.4720E-04	1.2330E-04	9.3990E-05	6.6100E-05	4.4860E-05	1.6280E-05	2.0000E+00	1.9630E+00	1.9320E+00	1.8400E+00	2.0150E+00	2.0810E+00	2.0240E+00	1.9250E+00	2.0320E+00	2.0600E+00	1.9100E+00	1.7780E+00	1.8400E+00	1.7780E+00	1.5140E+00	1.3760E+00	1.4770E+00	1.4850E+00	2.2080E+00	3.1150E+00	5.8340E-06
1 59
4.5240E-04	1.1950E-03	1.5890E-03	1.8340E-03	2.0010E-03	2.1010E-03	2.1440E-03	2.1400E-03	2.1250E-03	2.1480E-03	2.1460E-03	2.1480E-03	2.1480E-03	2.1310E-03	2.1010E-03	2.0740E-03	2.0370E-03	2.0000E-03	1.9760E-03	8.7630E-04	5.6120E-04	2.8810E-04	2.3690E-04	2.0220E-04	1.7340E-04	1.4980E-04	1.6170E-04	1.7090E-04	1.7320E-04	1.7420E-04	1.6740E-04	1.6240E-04	1.4720E-04	1.2330E-04	9.3990E-05	6.6100E-05	4.4860E-05	1.6280E-05	2.0000E+00	1.9630E+00	1.9320E+00	1.8400E+00	2.0150E+00	2.0810E+00	2.0240E+00	1.9250E+00	2.0320E+00	2.0600E+00	1.9100E+00	1.7780E+00	1.8400E+00	1.7780E+00	1.5140E+00	1.3760E+00	1.4770E+00	1.4850E+00	2.2080E+00	3.1150E+00	5.8340E-06
1 59
4.5240E-04	1.1950E-03	1.5890E-03	1.8340E-03	2.0010E-03	2.1010E-03	2.1440E-03	2.1400E-03	2.1250E-03	2.1480E-03	2.1460E-03	2.1480E-03	2.1480E-03	2.1310E-03	2.1010E-03	2.0740E-03	2.0370E-03	2.0000E-03	1.9760E-03	8.7630E-04	5.6120E-04	2.8810E-04	2.3690E-04	2.0220E-04	1.7340E-04	1.4980E-04	1.6170E-04	1.7090E-04	1.7320E-04	1.7420E-04	1.6740E-04	1.6240E-04	1.4720E-04	1.2330E-04	9.3990E-05	6.6100E-05	4.4860E-05	1.6280E-05	2.0000E+00	1.9630E+00	1.9320E+00	1.8400E+00	2.0150E+00	2.0810E+00	2.0240E+00	1.9250E+00	2.0320E+00	2.0600E+00	1.9100E+00	1.7780E+00	1.8400E+00	1.7780E+00	1.5140E+00	1.3760E+00	1.4770E+00	1.4850E+00	2.2080E+00	3.1150E+00	5.8340E-06
1 59
4.5240E-04	1.1950E-03	1.5890E-03	1.8340E-03	2.0010E-03	2.1010E-03	2.1440E-03	2.1400E-03	2.1250E-03	2.1480E-03	2.1460E-03	2.1480E-03	2.1480E-03	2.1310E-03	2.1010E-03	2.0740E-03	2.0370E-03	2.0000E-03	1.9760E-03	8.7630E-04	5.6120E-04	2.8810E-04	2.3690E-04	2.0220E-04	1.7340E-04	1.4980E-04	1.6170E-04	1.7090E-04	1.7320E-04	1.7420E-04	1.6740E-04	1.6240E-04	1.4720E-04	1.2330E-04	9.3990E-05	6.6100E-05	4.4860E-05	1.6280E-05	2.0000E+00	1.9630E+00	1.9320E+00	1.8400E+00	2.0150E+00	2.0810E+00	2.0240E+00	1.9250E+00	2.0320E+00	2.0600E+00	1.9100E+00	1.7780E+00	1.8400E+00	1.7780E+00	1.5140E+00	1.3760E+00	1.4770E+00	1.4850E+00	2.2080E+00	3.1150E+00	5.8340E-06
1 59
4.5240E-04	1.1950E-03	1.5890E-03	1.8340E-03	2.0010E-03	2.1010E-03	2.1440E-03	2.1400E-03	2.1250E-03	2.1480E-03	2.1460E-03	2.1480E-03	2.1480E-03	2.1310E-03	2.1010E-03	2.0740E-03	2.0370E-03	2.0000E-03	1.9760E-03	8.7630E-04	5.6120E-04	2.8810E-04	2.3690E-04	2.0220E-04	1.7340E-04	1.4980E-04	1.6170E-04	1.7090E-04	1.7320E-04	1.7420E-04	1.6740E-04	1.6240E-04	1.4720E-04	1.2330E-04	9.3990E-05	6.6100E-05	4.4860E-05	1.6280E-05	2.0000E+00	1.9630E+00	1.9320E+00	1.8400E+00	2.0150E+00	2.0810E+00	2.0240E+00	1.9250E+00	2.0320E+00	2.0600E+00	1.9100E+00	1.7780E+00	1.8400E+00	1.7780E+00	1.5140E+00	1.3760E+00	1.4770E+00	1.4850E+00	2.2080E+00	3.1150E+00	5.8340E-06
1 62
4.2020E-04	1.1170E-03	1.5040E-03	1.7530E-03	1.9260E-03	2.0390E-03	2.0970E-03	2.1110E-03	2.0870E-03	2.0390E-03	1.9840E-03	1.9900E-03	2.0360E-03	2.0520E-03	2.0560E-03	2.0440E-03	2.0160E-03	1.9820E-03	1.9470E-03	1.9250E-03	8.1520E-04	5.3690E-04	2.9150E-04	2.1870E-04	1.7990E-04	1.5740E-04	1.4320E-04	1.4370E-04	1.5540E-04	1.5990E-04	1.7720E-04	1.8650E-04	2.0030E-04	1.9000E-04	1.5730E-04	1.2960E-04	9.8060E-05	6.4070E-05	3.6560E-05	1.3260E-05	2.0000E+00	1.9700E+00	1.9590E+00	1.9000E+00	1.9790E+00	2.0350E+00	2.0300E+00	1.9660E+00	2.1270E+00	2.0850E+00	2.0030E+00	1.9840E+00	1.9420E+00	1.9200E+00	1.7050E+00	1.4140E+00	1.2480E+00	1.2560E+00	1.5240E+00	2.1860E+00	2.9740E+00	7.8820E-06
1 59
4.5240E-04	1.1950E-03	1.5890E-03	1.8340E-03	2.0010E-03	2.1010E-03	2.1440E-03	2.1400E-03	2.1250E-03	2.1480E-03	2.1460E-03	2.1480E-03	2.1480E-03	2.1310E-03	2.1010E-03	2.0740E-03	2.0370E-03	2.0000E-03	1.9760E-03	8.7630E-04	5.6120E-04	2.8810E-04	2.3690E-04	2.0220E-04	1.7340E-04	1.4980E-04	1.6170E-04	1.7090E-04	1.7320E-04	1.7420E-04	1.6740E-04	1.6240E-04	1.4720E-04	1.2330E-04	9.3990E-05	6.6100E-05	4.4860E-05	1.6280E-05	2.0000E+00	1.9630E+00	1.9320E+00	1.8400E+00	2.0150E+00	2.0810E+00	2.0240E+00	1.9250E+00	2.0320E+00	2.0600E+00	1.9100E+00	1.7780E+00	1.8400E+00	1.7780E+00	1.5140E+00	1.3760E+00	1.4770E+00	1.4850E+00	2.2080E+00	3.1150E+00	5.8340E-06
1 56
4.9380E-04	1.2630E-03	1.6830E-03	1.9350E-03	2.0990E-03	2.1930E-03	2.2300E-03	2.2980E-03	2.3910E-03	2.4540E-03	2.4860E-03	2.4910E-03	2.4750E-03	2.4460E-03	2.4060E-03	2.3610E-03	2.3170E-03	2.2880E-03	9.3820E-04	5.8020E-04	3.2620E-04	2.6350E-04	2.2530E-04	1.8950E-04	1.6640E-04	1.7300E-04	1.7700E-04	1.7580E-04	1.6720E-04	1.7030E-04	1.6170E-04	1.4090E-04	1.0970E-04	7.9800E-05	5.3220E-05	1.9030E-05	2.0000E+00	1.9550E+00	1.9170E+00	2.1110E+00	2.2090E+00	2.1450E+00	1.9500E+00	2.1020E+00	2.1550E+00	2.0430E+00	1.9000E+00	2.0510E+00	2.0250E+00	1.7630E+00	1.3020E+00	1.2750E+00	1.5980E+00	2.2630E+00	2.9830E+00	3.5190E-06
1 62
4.2020E-04	1.1170E-03	1.5040E-03	1.7530E-03	1.9260E-03	2.0390E-03	2.0970E-03	2.1110E-03	2.0870E-03	2.0390E-03	1.9840E-03	1.9900E-03	2.0360E-03	2.0520E-03	2.0560E-03	2.0440E-03	2.0160E-03	1.9820E-03	1.9470E-03	1.9250E-03	8.1520E-04	5.3690E-04	2.9150E-04	2.1870E-04	1.7990E-04	1.5740E-04	1.4320E-04	1.4370E-04	1.5540E-04	1.5990E-04	1.7720E-04	1.8650E-04	2.0030E-04	1.9000E-04	1.5730E-04	1.2960E-04	9.8060E-05	6.4070E-05	3.6560E-05	1.3260E-05	2.0000E+00	1.9700E+00	1.9590E+00	1.9000E+00	1.9790E+00	2.0350E+00	2.0300E+00	1.9660E+00	2.1270E+00	2.0850E+00	2.0030E+00	1.9840E+00	1.9420E+00	1.9200E+00	1.7050E+00	1.4140E+00	1.2480E+00	1.2560E+00	1.5240E+00	2.1860E+00	2.9740E+00	7.8820E-06
1 29
5.6400E-04	1.3040E-03	1.7190E-03	1.9820E-03	2.1360E-03	2.2260E-03	2.2560E-03	2.2480E-03	2.2300E-03	1.0150E-03	5.3330E-04	3.2990E-04	3.1220E-04	2.8410E-04	2.6020E-04	2.0070E-04	1.1140E-04	3.1690E-05	2.0000E+00	2.1840E+00	2.5200E+00	2.8150E+00	3.1650E+00	3.0870E+00	2.3030E+00	1.2900E+00	2.0340E+00	3.6110E+00	6.1470E-07
1 20
9.2010E-04	2.0820E-03	2.6120E-03	2.8780E-03	2.9920E-03	3.0180E-03	1.6480E-03	7.6870E-04	3.9330E-04	2.8090E-04	1.4520E-04	3.9310E-05	2.0000E+00	1.8160E+00	2.2260E+00	2.3030E+00	1.9790E+00	1.9870E+00	3.2880E+00	2.6690E-05
1 4
4.1460E-04	2.0000E+00	3.0690E+00	1.3230E-18
1 14
1.0500E-03	1.0050E-03	9.0890E-04	7.5460E-04	5.4440E-04	2.8680E-04	2.0000E+00	1.9090E+00	2.4940E+00	3.0100E+00	3.5870E+00	4.1490E+00	4.4980E+00	3.2010E-18
1 12
1.1400E-03	1.0190E-03	8.3410E-04	5.9440E-04	3.1100E-04	2.0000E+00	2.3020E+00	3.1560E+00	3.9000E+00	4.3000E+00	4.8350E+00	4.6250E-19
1 14
1.0500E-03	1.0050E-03	9.0890E-04	7.5460E-04	5.4440E-04	2.8680E-04	2.0000E+00	1.9090E+00	2.4940E+00	3.0100E+00	3.5870E+00	4.1490E+00	4.4980E+00	2.3290E-18
1 12
1.1400E-03	1.0190E-03	8.3410E-04	5.9440E-04	3.1100E-04	2.0000E+00	2.3020E+00	3.1560E+00	3.9000E+00	4.3000E+00	4.8350E+00	3.7030E-18
1 14
1.0500E-03	1.0050E-03	9.0890E-04	7.5460E-04	5.4440E-04	2.8680E-04	2.0000E+00	1.9090E+00	2.4940E+00	3.0100E+00	3.5870E+00	4.1490E+00	4.4980E+00	3.0580E-18
1 10
1.1300E-03	9.8290E-04	7.4260E-04	4.0560E-04	2.0000E+00	2.6600E+00	3.6610E+00	4.7670E+00	5.6830E+00	2.5000E-18
1 12
1.1400E-03	1.0190E-03	8.3410E-04	5.9440E-04	3.1100E-04	2.0000E+00	2.3020E+00	3.1560E+00	3.9000E+00	4.3000E+00	4.8350E+00	1.7980E-18
1 12
1.1400E-03	1.0190E-03	8.3410E-04	5.9440E-04	3.1100E-04	2.0000E+00	2.3020E+00	3.1560E+00	3.9000E+00	4.3000E+00	4.8350E+00	7.1890E-19
1 12
1.1400E-03	1.0190E-03	8.3410E-04	5.9440E-04	3.1100E-04	2.0000E+00	2.3020E+00	3.1560E+00	3.9000E+00	4.3000E+00	4.8350E+00	3.1760E-18
1 12
1.1400E-03	1.0190E-03	8.3410E-04	5.9440E-04	3.1100E-04	2.0000E+00	2.3020E+00	3.1560E+00	3.9000E+00	4.3000E+00	4.8350E+00	1.8820E-18
1 14
1.0500E-03	1.0050E-03	9.0890E-04	7.5460E-04	5.4440E-04	2.8680E-04	2.0000E+00	1.9090E+00	2.4940E+00	3.0100E+00	3.5870E+00	4.1490E+00	4.4980E+00	1.5560E-18
1 14
1.0500E-03	1.0050E-03	9.0890E-04	7.5460E-04	5.4440E-04	2.8680E-04	2.0000E+00	1.9090E+00	2.4940E+00	3.0100E+00	3.5870E+00	4.1490E+00	4.4980E+00	3.2840E-18
1 14
1.0500E-03	1.0050E-03	9.0890E-04	7.5460E-04	5.4440E-04	2.8680E-04	2.0000E+00	1.9090E+00	2.4940E+00	3.0100E+00	3.5870E+00	4.1490E+00	4.4980E+00	1.7270E-18
1 14
1.0500E-03	1.0050E-03	9.0890E-04	7.5460E-04	5.4440E-04	2.8680E-04	2.0000E+00	1.9090E+00	2.4940E+00	3.0100E+00	3.5870E+00	4.1490E+00	4.4980E+00	2.4510E-18
1 12
1.1400E-03	1.0190E-03	8.3410E-04	5.9440E-04	3.1100E-04	2.0000E+00	2.3020E+00	3.1560E+00	3.9000E+00	4.3000E+00	4.8350E+00	1.8780E-19
1 12
1.1400E-03	1.0190E-03	8.3410E-04	5.9440E-04	3.1100E-04	2.0000E+00	2.3020E+00	3.1560E+00	3.9000E+00	4.3000E+00	4.8350E+00	4.4520E-18
1 12
1.1400E-03	1.0190E-03	8.3410E-04	5.9440E-04	3.1100E-04	2.0000E+00	2.3020E+00	3.1560E+00	3.9000E+00	4.3000E+00	4.8350E+00	3.2240E-20
1 12
1.1400E-03	1.0190E-03	8.3410E-04	5.9440E-04	3.1100E-04	2.0000E+00	2.3020E+00	3.1560E+00	3.9000E+00	4.3000E+00	4.8350E+00	1.6410E-18
1 12
1.1400E-03	1.0190E-03	8.3410E-04	5.9440E-04	3.1100E-04	2.0000E+00	2.3020E+00	3.1560E+00	3.9000E+00	4.3000E+00	4.8350E+00	1.4460E-18
1 53
5.1180E-04	1.2370E-03	1.6490E-03	1.9170E-03	2.1090E-03	2.2380E-03	2.3170E-03	2.3570E-03	2.3650E-03	2.3450E-03	2.3020E-03	2.2570E-03	2.2400E-03	2.2080E-03	2.1670E-03	2.1250E-03	2.0960E-03	9.4500E-04	5.7590E-04	3.1620E-04	2.4550E-04	1.8700E-04	1.4940E-04	1.7320E-04	1.8940E-04	1.9150E-04	1.8920E-04	1.8210E-04	1.6680E-04	1.4810E-04	1.1790E-04	8.5620E-05	5.8780E-05	2.1390E-05	2.0000E+00	1.9510E+00	1.8780E+00	1.8420E+00	1.7030E+00	2.0230E+00	2.2520E+00	2.3270E+00	2.2100E+00	2.0720E+00	2.0320E+00	2.0740E+00	1.8660E+00	1.4280E+00	1.1670E+00	1.3230E+00	2.0420E+00	3.2390E+00	1.0640E-05
1 53
5.1180E-04	1.2370E-03	1.6490E-03	1.9170E-03	2.1090E-03	2.2380E-03	2.3170E-03	2.3570E-03	2.3650E-03	2.3450E-03	2.3020E-03	2.2570E-03	2.2400E-03	2.2080E-03	2.1670E-03	2.1250E-03	2.0960E-03	9.4500E-04	5.7590E-04	3.1620E-04	2.4550E-04	1.8700E-04	1.4940E-04	1.7320E-04	1.8940E-04	1.9150E-04	1.8920E-04	1.8210E-04	1.6680E-04	1.4810E-04	1.1790E-04	8.5620E-05	5.8780E-05	2.1390E-05	2.0000E+00	1.9510E+00	1.8780E+00	1.8420E+00	1.7030E+00	2.0230E+00	2.2520E+00	2.3270E+00	2.2100E+00	2.0720E+00	2.0320E+00	2.0740E+00	1.8660E+00	1.4280E+00	1.1670E+00	1.3230E+00	2.0420E+00	3.2390E+00	1.0640E-05
1 12
1.1400E-03	1.0190E-03	8.3410E-04	5.9440E-04	3.1100E-04	2.0000E+00	2.3020E+00	3.1560E+00	3.9000E+00	4.3000E+00	4.8350E+00	4.4850E-19
1 12
1.1400E-03	1.0190E-03	8.3410E-04	5.9440E-04	3.1100E-04	2.0000E+00	2.3020E+00	3.1560E+00	3.9000E+00	4.3000E+00	4.8350E+00	1.3630E-18
1 12
1.1400E-03	1.0190E-03	8.3410E-04	5.9440E-04	3.1100E-04	2.0000E+00	2.3020E+00	3.1560E+00	3.9000E+00	4.3000E+00	4.8350E+00	2.3170E-18
1 12
1.1400E-03	1.0190E-03	8.3410E-04	5.9440E-04	3.1100E-04	2.0000E+00	2.3020E+00	3.1560E+00	3.9000E+00	4.3000E+00	4.8350E+00	3.3400E-18
1 12
1.1400E-03	1.0190E-03	8.3410E-04	5.9440E-04	3.1100E-04	2.0000E+00	2.3020E+00	3.1560E+00	3.9000E+00	4.3000E+00	4.8350E+00	1.1820E-18
1 12
1.1400E-03	1.0190E-03	8.3410E-04	5.9440E-04	3.1100E-04	2.0000E+00	2.3020E+00	3.1560E+00	3.9000E+00	4.3000E+00	4.8350E+00	2.6500E-18
1 12
1.1400E-03	1.0190E-03	8.3410E-04	5.9440E-04	3.1100E-04	2.0000E+00	2.3020E+00	3.1560E+00	3.9000E+00	4.3000E+00	4.8350E+00	2.0160E-18
1 12
1.1400E-03	1.0190E-03	8.3410E-04	5.9440E-04	3.1100E-04	2.0000E+00	2.3020E+00	3.1560E+00	3.9000E+00	4.3000E+00	4.8350E+00	5.4410E-19
1 12
1.1400E-03	1.0190E-03	8.3410E-04	5.9440E-04	3.1100E-04	2.0000E+00	2.3020E+00	3.1560E+00	3.9000E+00	4.3000E+00	4.8350E+00	1.1730E-18
1 12
1.1400E-03	1.0190E-03	8.3410E-04	5.9440E-04	3.1100E-04	2.0000E+00	2.3020E+00	3.1560E+00	3.9000E+00	4.3000E+00	4.8350E+00	2.8040E-18
1 12
1.1400E-03	1.0190E-03	8.3410E-04	5.9440E-04	3.1100E-04	2.0000E+00	2.3020E+00	3.1560E+00	3.9000E+00	4.3000E+00	4.8350E+00	1.8880E-18
1 12
1.1400E-03	1.0190E-03	8.3410E-04	5.9440E-04	3.1100E-04	2.0000E+00	2.3020E+00	3.1560E+00	3.9000E+00	4.3000E+00	4.8350E+00	1.8020E-18
1 12
1.1400E-03	1.0190E-03	8.3410E-04	5.9440E-04	3.1100E-04	2.0000E+00	2.3020E+00	3.1560E+00	3.9000E+00	4.3000E+00	4.8350E+00	6.5550E-19
1 12
1.1400E-03	1.0190E-03	8.3410E-04	5.9440E-04	3.1100E-04	2.0000E+00	2.3020E+00	3.1560E+00	3.9000E+00	4.3000E+00	4.8350E+00	1.1730E-18
1 12
1.1400E-03	1.0190E-03	8.3410E-04	5.9440E-04	3.1100E-04	2.0000E+00	2.3020E+00	3.1560E+00	3.9000E+00	4.3000E+00	4.8350E+00	9.8990E-19
1 12
1.1400E-03	1.0190E-03	8.3410E-04	5.9440E-04	3.1100E-04	2.0000E+00	2.3020E+00	3.1560E+00	3.9000E+00	4.3000E+00	4.8350E+00	2.9750E-18
1 12
1.1400E-03	1.0190E-03	8.3410E-04	5.9440E-04	3.1100E-04	2.0000E+00	2.3020E+00	3.1560E+00	3.9000E+00	4.3000E+00	4.8350E+00	8.6350E-19
1 12
1.1400E-03	1.0190E-03	8.3410E-04	5.9440E-04	3.1100E-04	2.0000E+00	2.3020E+00	3.1560E+00	3.9000E+00	4.3000E+00	4.8350E+00	3.4960E-18
1 12
1.1400E-03	1.0190E-03	8.3410E-04	5.9440E-04	3.1100E-04	2.0000E+00	2.3020E+00	3.1560E+00	3.9000E+00	4.3000E+00	4.8350E+00	1.7670E-18
1 12
1.1400E-03	1.0190E-03	8.3410E-04	5.9440E-04	3.1100E-04	2.0000E+00	2.3020E+00	3.1560E+00	3.9000E+00	4.3000E+00	4.8350E+00	3.6350E-19
1 12
1.1400E-03	1.0190E-03	8.3410E-04	5.9440E-04	3.1100E-04	2.0000E+00	2.3020E+00	3.1560E+00	3.9000E+00	4.3000E+00	4.8350E+00	8.0130E-19
1 12
1.1400E-03	1.0190E-03	8.3410E-04	5.9440E-04	3.1100E-04	2.0000E+00	2.3020E+00	3.1560E+00	3.9000E+00	4.3000E+00	4.8350E+00	1.4650E-18
1 12
1.1400E-03	1.0190E-03	8.3410E-04	5.9440E-04	3.1100E-04	2.0000E+00	2.3020E+00	3.1560E+00	3.9000E+00	4.3000E+00	4.8350E+00	2.2850E-18
1 12
1.1400E-03	1.0190E-03	8.3410E-04	5.9440E-04	3.1100E-04	2.0000E+00	2.3020E+00	3.1560E+00	3.9000E+00	4.3000E+00	4.8350E+00	1.6260E-18
1 12
1.1400E-03	1.0190E-03	8.3410E-04	5.9440E-04	3.1100E-04	2.0000E+00	2.3020E+00	3.1560E+00	3.9000E+00	4.3000E+00	4.8350E+00	1.5790E-18
1 12
1.1400E-03	1.0190E-03	8.3410E-04	5.9440E-04	3.1100E-04	2.0000E+00	2.3020E+00	3.1560E+00	3.9000E+00	4.3000E+00	4.8350E+00	1.4800E-18
1 12
1.1400E-03	1.0190E-03	8.3410E-04	5.9440E-04	3.1100E-04	2.0000E+00	2.3020E+00	3.1560E+00	3.9000E+00	4.3000E+00	4.8350E+00	1.7760E-18
1 12
1.1400E-03	1.0190E-03	8.3410E-04	5.9440E-04	3.1100E-04	2.0000E+00	2.3020E+00	3.1560E+00	3.9000E+00	4.3000E+00	4.8350E+00	1.8460E-18
1 12
1.1400E-03	1.0190E-03	8.3410E-04	5.9440E-04	3.1100E-04	2.0000E+00	2.3020E+00	3.1560E+00	3.9000E+00	4.3000E+00	4.8350E+00	2.5800E-19
1 12
1.1400E-03	1.0190E-03	8.3410E-04	5.9440E-04	3.1100E-04	2.0000E+00	2.3020E+00	3.1560E+00	3.9000E+00	4.3000E+00	4.8350E+00	1.6840E-18
1 12
1.1400E-03	1.0190E-03	8.3410E-04	5.9440E-04	3.1100E-04	2.0000E+00	2.3020E+00	3.1560E+00	3.9000E+00	4.3000E+00	4.8350E+00	1.8730E-18
1 12
1.1400E-03	1.0190E-03	8.3410E-04	5.9440E-04	3.1100E-04	2.0000E+00	2.3020E+00	3.1560E+00	3.9000E+00	4.3000E+00	4.8350E+00	6.1590E-19
1 12
1.1400E-03	1.0190E-03	8.3410E-04	5.9440E-04	3.1100E-04	2.0000E+00	2.3020E+00	3.1560E+00	3.9000E+00	4.3000E+00	4.8350E+00	1.7660E-18
1 12
1.1400E-03	1.0190E-03	8.3410E-04	5.9440E-04	3.1100E-04	2.0000E+00	2.3020E+00	3.1560E+00	3.9000E+00	4.3000E+00	4.8350E+00	1.6500E-19
1 12
1.1400E-03	1.0190E-03	8.3410E-04	5.9440E-04	3.1100E-04	2.0000E+00	2.3020E+00	3.1560E+00	3.9000E+00	4.3000E+00	4.8350E+00	3.6410E-18
1 12
1.1400E-03	1.0190E-03	8.3410E-04	5.9440E-04	3.1100E-04	2.0000E+00	2.3020E+00	3.1560E+00	3.9000E+00	4.3000E+00	4.8350E+00	2.1240E-18
1 12
1.1400E-03	1.0190E-03	8.3410E-04	5.9440E-04	3.1100E-04	2.0000E+00	2.3020E+00	3.1560E+00	3.9000E+00	4.3000E+00	4.8350E+00	3.4120E-19
1 5
1.9020E-03	2.8520E-03	2.0000E+00	4.6020E+00	4.7600E-05
1 6
2.6740E-04	4.4609E-04	2.7699E-04	2.0000E+00	2.6180E+00	1.1570E-05
1 10
1.4100E-03	5.9990E-04	1.8318E-03	1.7954E-03	7.2503E-04	5.4474E-04	2.0000E+00	3.3260E+00	3.3480E+00	6.0430E-05
1 17
6.5250E-04	1.4020E-03	1.7690E-03	1.9400E-03	1.9890E-03	1.1350E-03	5.2930E-04	3.4450E-04	1.8240E-04	5.8510E-05	2.0000E+00	1.7850E+00	2.0540E+00	1.9270E+00	1.8290E+00	3.1210E+00	6.2000E-06
1 20
8.7580E-04	1.9080E-03	2.3940E-03	2.6530E-03	2.7690E-03	2.7980E-03	1.5370E-03	6.7900E-04	3.7320E-04	2.7240E-04	1.4330E-04	3.8420E-05	2.0000E+00	1.8320E+00	2.6070E+00	2.6530E+00	2.3050E+00	2.0030E+00	3.3340E+00	3.4310E-05
1 20
8.7580E-04	1.9080E-03	2.3940E-03	2.6530E-03	2.7690E-03	2.7980E-03	1.5370E-03	6.7900E-04	3.7320E-04	2.7240E-04	1.4330E-04	3.8420E-05	2.0000E+00	1.8320E+00	2.6070E+00	2.6530E+00	2.3050E+00	2.0030E+00	3.3340E+00	3.4310E-05
1 20
8.7580E-04	1.9080E-03	2.3940E-03	2.6530E-03	2.7690E-03	2.7980E-03	1.5370E-03	6.7900E-04	3.7320E-04	2.7240E-04	1.4330E-04	3.8420E-05	2.0000E+00	1.8320E+00	2.6070E+00	2.6530E+00	2.3050E+00	2.0030E+00	3.3340E+00	3.4310E-05
1 20
8.7580E-04	1.9080E-03	2.3940E-03	2.6530E-03	2.7690E-03	2.7980E-03	1.5370E-03	6.7900E-04	3.7320E-04	2.7240E-04	1.4330E-04	3.8420E-05	2.0000E+00	1.8320E+00	2.6070E+00	2.6530E+00	2.3050E+00	2.0030E+00	3.3340E+00	3.4310E-05
1 20
8.7580E-04	1.9080E-03	2.3940E-03	2.6530E-03	2.7690E-03	2.7980E-03	1.5370E-03	6.7900E-04	3.7320E-04	2.7240E-04	1.4330E-04	3.8420E-05	2.0000E+00	1.8320E+00	2.6070E+00	2.6530E+00	2.3050E+00	2.0030E+00	3.3340E+00	3.4310E-05
1 14
8.3010E-04	1.7380E-03	2.1530E-03	2.3390E-03	1.4300E-03	6.1900E-04	3.4780E-04	1.0300E-04	2.0000E+00	1.9550E+00	2.1500E+00	2.4290E+00	3.7340E+00	2.3860E-05
1 14
8.3010E-04	1.7380E-03	2.1530E-03	2.3390E-03	1.4300E-03	6.1900E-04	3.4780E-04	1.0300E-04	2.0000E+00	1.9550E+00	2.1500E+00	2.4290E+00	3.7340E+00	2.3860E-05
1 14
1.0210E-03	2.0410E-03	2.4260E-03	2.5540E-03	1.7240E-03	6.2430E-04	3.3600E-04	1.0310E-04	2.0000E+00	2.0440E+00	2.9030E+00	2.6920E+00	3.8850E+00	4.9850E-05
1 8
1.5940E-03	3.0620E-03	2.6730E-03	6.1540E-04	2.0000E+00	3.0850E+00	3.9190E+00	6.0520E-05
1 8
1.5940E-03	3.0620E-03	2.6730E-03	6.1540E-04	2.0000E+00	3.0850E+00	3.9190E+00	6.0520E-05
1 11
1.0760E-03	2.1470E-03	2.4780E-03	1.8220E-03	6.1630E-04	1.8010E-04	2.0000E+00	2.1100E+00	2.6160E+00	3.8930E+00	3.3940E-05
1 20
6.0290E-04	1.3000E-03	1.6650E-03	1.8690E-03	1.9640E-03	1.9880E-03	1.0480E-03	4.9240E-04	3.4540E-04	2.2700E-04	1.2040E-04	3.6570E-05	2.0000E+00	1.7580E+00	1.8610E+00	2.0060E+00	1.6720E+00	1.9050E+00	3.1990E+00	8.4630E-06
1 20
6.0290E-04	1.3000E-03	1.6650E-03	1.8690E-03	1.9640E-03	1.9880E-03	1.0480E-03	4.9240E-04	3.4540E-04	2.2700E-04	1.2040E-04	3.6570E-05	2.0000E+00	1.7580E+00	1.8610E+00	2.0060E+00	1.6720E+00	1.9050E+00	3.1990E+00	8.4630E-06
1 20
6.0290E-04	1.3000E-03	1.6650E-03	1.8690E-03	1.9640E-03	1.9880E-03	1.0480E-03	4.9240E-04	3.4540E-04	2.2700E-04	1.2040E-04	3.6570E-05	2.0000E+00	1.7580E+00	1.8610E+00	2.0060E+00	1.6720E+00	1.9050E+00	3.1990E+00	8.4630E-06
1 20
6.0290E-04	1.3000E-03	1.6650E-03	1.8690E-03	1.9640E-03	1.9880E-03	1.0480E-03	4.9240E-04	3.4540E-04	2.2700E-04	1.2040E-04	3.6570E-05	2.0000E+00	1.7580E+00	1.8610E+00	2.0060E+00	1.6720E+00	1.9050E+00	3.1990E+00	8.4630E-06
1 20
6.0290E-04	1.3000E-03	1.6650E-03	1.8690E-03	1.9640E-03	1.9880E-03	1.0480E-03	4.9240E-04	3.4540E-04	2.2700E-04	1.2040E-04	3.6570E-05	2.0000E+00	1.7580E+00	1.8610E+00	2.0060E+00	1.6720E+00	1.9050E+00	3.1990E+00	8.4630E-06
1 14
9.1090E-03	1.4870E-03	9.3690E-04	3.5420E-04	7.2810E-05	4.0700E-05	2.0000E+00	1.5620E+00	1.1880E+00	8.2800E-01	7.9500E-01	7.1630E-01	8.6180E-01	2.0530E-04
1 4
1.3100E-03	2.0000E+00	2.2500E+00	2.6730E-04
1 4
1.5350E-03	2.0000E+00	2.3640E+00	3.4330E-04
1 4
1.5350E-03	2.0000E+00	2.3640E+00	3.4330E-04
1 4
1.3100E-03	2.0000E+00	2.2500E+00	2.6730E-04
1 14
1.1430E-03	1.0630E-03	9.2820E-04	7.4520E-04	5.2300E-04	2.6980E-04	2.0000E+00	2.1210E+00	2.8200E+00	3.5570E+00	4.0330E+00	4.3840E+00	4.6750E+00	2.1140E-18
1 14
1.1430E-03	1.0630E-03	9.2820E-04	7.4520E-04	5.2300E-04	2.6980E-04	2.0000E+00	2.1210E+00	2.8200E+00	3.5570E+00	4.0330E+00	4.3840E+00	4.6750E+00	3.0160E-18
1 14
1.1430E-03	1.0630E-03	9.2820E-04	7.4520E-04	5.2300E-04	2.6980E-04	2.0000E+00	2.1210E+00	2.8200E+00	3.5570E+00	4.0330E+00	4.3840E+00	4.6750E+00	2.5760E-18
1 14
1.1430E-03	1.0630E-03	9.2820E-04	7.4520E-04	5.2300E-04	2.6980E-04	2.0000E+00	2.1210E+00	2.8200E+00	3.5570E+00	4.0330E+00	4.3840E+00	4.6750E+00	9.4160E-19
1 14
1.1430E-03	1.0630E-03	9.2820E-04	7.4520E-04	5.2300E-04	2.6980E-04	2.0000E+00	2.1210E+00	2.8200E+00	3.5570E+00	4.0330E+00	4.3840E+00	4.6750E+00	3.7380E-18
1 14
1.1430E-03	1.0630E-03	9.2820E-04	7.4520E-04	5.2300E-04	2.6980E-04	2.0000E+00	2.1210E+00	2.8200E+00	3.5570E+00	4.0330E+00	4.3840E+00	4.6750E+00	1.7880E-18
1 14
1.1430E-03	1.0630E-03	9.2820E-04	7.4520E-04	5.2300E-04	2.6980E-04	2.0000E+00	2.1210E+00	2.8200E+00	3.5570E+00	4.0330E+00	4.3840E+00	4.6750E+00	1.3380E-18
1 14
1.1430E-03	1.0630E-03	9.2820E-04	7.4520E-04	5.2300E-04	2.6980E-04	2.0000E+00	2.1210E+00	2.8200E+00	3.5570E+00	4.0330E+00	4.3840E+00	4.6750E+00	2.6570E-18
1 14
1.1430E-03	1.0630E-03	9.2820E-04	7.4520E-04	5.2300E-04	2.6980E-04	2.0000E+00	2.1210E+00	2.8200E+00	3.5570E+00	4.0330E+00	4.3840E+00	4.6750E+00	1.0450E-18
1 14
1.1430E-03	1.0630E-03	9.2820E-04	7.4520E-04	5.2300E-04	2.6980E-04	2.0000E+00	2.1210E+00	2.8200E+00	3.5570E+00	4.0330E+00	4.3840E+00	4.6750E+00	1.5800E-18
1 14
1.1430E-03	1.0630E-03	9.2820E-04	7.4520E-04	5.2300E-04	2.6980E-04	2.0000E+00	2.1210E+00	2.8200E+00	3.5570E+00	4.0330E+00	4.3840E+00	4.6750E+00	2.3730E-18
1 14
1.1800E-03	1.1100E-03	9.8360E-04	8.0110E-04	5.6880E-04	2.9640E-04	2.0000E+00	2.2410E+00	3.0070E+00	3.6280E+00	4.2750E+00	5.0440E+00	5.5330E+00	3.1800E-18
1 14
1.1430E-03	1.0630E-03	9.2820E-04	7.4520E-04	5.2300E-04	2.6980E-04	2.0000E+00	2.1210E+00	2.8200E+00	3.5570E+00	4.0330E+00	4.3840E+00	4.6750E+00	4.3110E-19
1 14
1.1430E-03	1.0630E-03	9.2820E-04	7.4520E-04	5.2300E-04	2.6980E-04	2.0000E+00	2.1210E+00	2.8200E+00	3.5570E+00	4.0330E+00	4.3840E+00	4.6750E+00	2.1270E-18
1 14
1.1430E-03	1.0630E-03	9.2820E-04	7.4520E-04	5.2300E-04	2.6980E-04	2.0000E+00	2.1210E+00	2.8200E+00	3.5570E+00	4.0330E+00	4.3840E+00	4.6750E+00	2.1180E-18
1 14
1.1430E-03	1.0630E-03	9.2820E-04	7.4520E-04	5.2300E-04	2.6980E-04	2.0000E+00	2.1210E+00	2.8200E+00	3.5570E+00	4.0330E+00	4.3840E+00	4.6750E+00	1.8820E-18
1 6
3.0080E-04	4.7803E-04	3.2146E-04	2.0000E+00	2.6180E+00	1.3020E-05
1 20
8.7580E-04	1.9080E-03	2.3940E-03	2.6530E-03	2.7690E-03	2.7980E-03	1.5370E-03	6.7900E-04	3.7320E-04	2.7240E-04	1.4330E-04	3.8420E-05	2.0000E+00	1.8320E+00	2.6070E+00	2.6530E+00	2.3050E+00	2.0030E+00	3.3340E+00	3.4310E-05
1 23
7.5930E-04	1.7330E-03	2.2080E-03	2.4660E-03	2.5920E-03	2.6330E-03	2.6340E-03	1.3630E-03	6.6870E-04	4.2300E-04	3.5300E-04	2.4800E-04	1.2640E-04	3.2860E-05	2.0000E+00	2.0800E+00	2.4190E+00	2.4790E+00	2.4460E+00	2.0990E+00	1.9670E+00	3.9700E+00	4.4030E-06
1 23
7.5930E-04	1.7330E-03	2.2080E-03	2.4660E-03	2.5920E-03	2.6330E-03	2.6340E-03	1.3630E-03	6.6870E-04	4.2300E-04	3.5300E-04	2.4800E-04	1.2640E-04	3.2860E-05	2.0000E+00	2.0800E+00	2.4190E+00	2.4790E+00	2.4460E+00	2.0990E+00	1.9670E+00	3.9700E+00	4.4030E-06
1 23
7.5930E-04	1.7330E-03	2.2080E-03	2.4660E-03	2.5920E-03	2.6330E-03	2.6340E-03	1.3630E-03	6.6870E-04	4.2300E-04	3.5300E-04	2.4800E-04	1.2640E-04	3.2860E-05	2.0000E+00	2.0800E+00	2.4190E+00	2.4790E+00	2.4460E+00	2.0990E+00	1.9670E+00	3.9700E+00	4.4030E-06
1 23
7.5930E-04	1.7330E-03	2.2080E-03	2.4660E-03	2.5920E-03	2.6330E-03	2.6340E-03	1.3630E-03	6.6870E-04	4.2300E-04	3.5300E-04	2.4800E-04	1.2640E-04	3.2860E-05	2.0000E+00	2.0800E+00	2.4190E+00	2.4790E+00	2.4460E+00	2.0990E+00	1.9670E+00	3.9700E+00	4.4030E-06
1 23
7.5930E-04	1.7330E-03	2.2080E-03	2.4660E-03	2.5920E-03	2.6330E-03	2.6340E-03	1.3630E-03	6.6870E-04	4.2300E-04	3.5300E-04	2.4800E-04	1.2640E-04	3.2860E-05	2.0000E+00	2.0800E+00	2.4190E+00	2.4790E+00	2.4460E+00	2.0990E+00	1.9670E+00	3.9700E+00	4.4030E-06
1 23
7.5930E-04	1.7330E-03	2.2080E-03	2.4660E-03	2.5920E-03	2.6330E-03	2.6340E-03	1.3630E-03	6.6870E-04	4.2300E-04	3.5300E-04	2.4800E-04	1.2640E-04	3.2860E-05	2.0000E+00	2.0800E+00	2.4190E+00	2.4790E+00	2.4460E+00	2.0990E+00	1.9670E+00	3.9700E+00	4.4030E-06
1 23
7.5930E-04	1.7330E-03	2.2080E-03	2.4660E-03	2.5920E-03	2.6330E-03	2.6340E-03	1.3630E-03	6.6870E-04	4.2300E-04	3.5300E-04	2.4800E-04	1.2640E-04	3.2860E-05	2.0000E+00	2.0800E+00	2.4190E+00	2.4790E+00	2.4460E+00	2.0990E+00	1.9670E+00	3.9700E+00	4.4030E-06
1 23
7.5930E-04	1.7330E-03	2.2080E-03	2.4660E-03	2.5920E-03	2.6330E-03	2.6340E-03	1.3630E-03	6.6870E-04	4.2300E-04	3.5300E-04	2.4800E-04	1.2640E-04	3.2860E-05	2.0000E+00	2.0800E+00	2.4190E+00	2.4790E+00	2.4460E+00	2.0990E+00	1.9670E+00	3.9700E+00	4.4030E-06
1 29
5.5830E-04	1.3050E-03	1.7240E-03	1.9910E-03	2.1530E-03	2.2290E-03	2.2460E-03	2.2310E-03	2.2110E-03	1.0100E-03	5.4190E-04	3.3400E-04	2.9140E-04	2.5320E-04	2.3010E-04	1.7930E-04	1.0060E-04	2.8970E-05	2.0000E+00	2.1260E+00	2.4270E+00	2.7250E+00	2.9830E+00	2.9290E+00	2.2150E+00	1.3270E+00	1.9260E+00	3.4900E+00	7.8000E-06
1 29
5.6470E-04	1.3420E-03	1.7710E-03	2.0430E-03	2.2100E-03	2.2930E-03	2.3170E-03	2.3060E-03	2.2890E-03	1.0310E-03	5.6640E-04	3.4120E-04	2.7570E-04	2.4360E-04	2.1940E-04	1.6360E-04	8.7490E-05	2.6780E-05	2.0000E+00	2.0270E+00	2.4140E+00	2.7260E+00	3.0440E+00	3.0050E+00	2.3340E+00	1.5030E+00	1.8560E+00	3.5510E+00	8.1820E-06
1 23
7.5930E-04	1.7330E-03	2.2080E-03	2.4660E-03	2.5920E-03	2.6330E-03	2.6340E-03	1.3630E-03	6.6870E-04	4.2300E-04	3.5300E-04	2.4800E-04	1.2640E-04	3.2860E-05	2.0000E+00	2.0800E+00	2.4190E+00	2.4790E+00	2.4460E+00	2.0990E+00	1.9670E+00	3.9700E+00	4.4030E-06
1 23
7.5930E-04	1.7330E-03	2.2080E-03	2.4660E-03	2.5920E-03	2.6330E-03	2.6340E-03	1.3630E-03	6.6870E-04	4.2300E-04	3.5300E-04	2.4800E-04	1.2640E-04	3.2860E-05	2.0000E+00	2.0800E+00	2.4190E+00	2.4790E+00	2.4460E+00	2.0990E+00	1.9670E+00	3.9700E+00	4.4030E-06
1 23
7.5930E-04	1.7330E-03	2.2080E-03	2.4660E-03	2.5920E-03	2.6330E-03	2.6340E-03	1.3630E-03	6.6870E-04	4.2300E-04	3.5300E-04	2.4800E-04	1.2640E-04	3.2860E-05	2.0000E+00	2.0800E+00	2.4190E+00	2.4790E+00	2.4460E+00	2.0990E+00	1.9670E+00	3.9700E+00	4.4030E-06
1 8
1.6260E-03	3.1360E-03	2.7250E-03	6.6550E-04	2.0000E+00	3.1070E+00	3.9770E+00	2.9720E-05
1 23
7.5930E-04	1.7330E-03	2.2080E-03	2.4660E-03	2.5920E-03	2.6330E-03	2.6340E-03	1.3630E-03	6.6870E-04	4.2300E-04	3.5300E-04	2.4800E-04	1.2640E-04	3.2860E-05	2.0000E+00	2.0800E+00	2.4190E+00	2.4790E+00	2.4460E+00	2.0990E+00	1.9670E+00	3.9700E+00	4.4030E-06
1 14
8.3010E-04	1.7380E-03	2.1530E-03	2.3390E-03	1.4300E-03	6.1900E-04	3.4780E-04	1.0300E-04	2.0000E+00	1.9550E+00	2.1500E+00	2.4290E+00	3.7340E+00	2.3860E-05
1 17
6.5250E-04	1.4020E-03	1.7690E-03	1.9400E-03	1.9890E-03	1.1350E-03	5.2930E-04	3.4450E-04	1.8240E-04	5.8510E-05	2.0000E+00	1.7850E+00	2.0540E+00	1.9270E+00	1.8290E+00	3.1210E+00	6.2000E-06
1 14
8.3010E-04	1.7380E-03	2.1530E-03	2.3390E-03	1.4300E-03	6.1900E-04	3.4780E-04	1.0300E-04	2.0000E+00	1.9550E+00	2.1500E+00	2.4290E+00	3.7340E+00	2.3860E-05
1 14
8.3010E-04	1.7380E-03	2.1530E-03	2.3390E-03	1.4300E-03	6.1900E-04	3.4780E-04	1.0300E-04	2.0000E+00	1.9550E+00	2.1500E+00	2.4290E+00	3.7340E+00	2.3860E-05
1 11
1.2110E-03	2.3670E-03	2.7310E-03	2.0210E-03	6.4460E-04	2.0860E-04	2.0000E+00	2.2100E+00	2.8370E+00	4.0590E+00	6.2630E-05
1 17
6.5250E-04	1.4020E-03	1.7690E-03	1.9400E-03	1.9890E-03	1.1350E-03	5.2930E-04	3.4450E-04	1.8240E-04	5.8510E-05	2.0000E+00	1.7850E+00	2.0540E+00	1.9270E+00	1.8290E+00	3.1210E+00	6.2000E-06
1 14
8.9960E-04	1.8370E-03	2.2240E-03	2.3810E-03	1.5340E-03	6.1700E-04	3.3820E-04	1.0000E-04	2.0000E+00	2.0380E+00	2.3190E+00	2.4640E+00	3.6740E+00	2.8370E-05
1 8
1.6260E-03	3.1360E-03	2.7250E-03	6.6550E-04	2.0000E+00	3.1070E+00	3.9770E+00	2.9720E-05
1 17
7.0050E-04	1.4900E-03	1.8750E-03	2.1300E-03	2.2360E-03	1.2140E-03	5.6200E-04	3.8580E-04	2.0100E-04	5.5290E-05	2.0000E+00	1.9820E+00	2.0840E+00	2.0830E+00	2.1560E+00	3.6530E+00	5.9230E-06
1 14
8.3010E-04	1.7380E-03	2.1530E-03	2.3390E-03	1.4300E-03	6.1900E-04	3.4780E-04	1.0300E-04	2.0000E+00	1.9550E+00	2.1500E+00	2.4290E+00	3.7340E+00	2.3860E-05
1 8
1.4230E-03	6.3080E-04	3.0880E-04	2.0000E+00	3.5040E+00	3.3240E+00	3.8130E+00	3.1910E-04
1 6
1.2420E-03	3.3820E-04	2.0000E+00	3.1970E+00	3.3760E+00	2.5500E-04
1 4
1.3100E-03	2.0000E+00	2.2500E+00	2.6730E-04
1 4
1.5350E-03	2.0000E+00	2.3640E+00	3.4330E-04
1 8
3.6930E-03	5.8100E-04	7.3860E-05	2.0000E+00	1.3640E+00	1.2580E+00	1.2160E+00	8.9280E-04
1 29
7.3600E-04	1.8240E-03	2.3540E-03	2.6520E-03	2.8260E-03	2.9020E-03	2.9090E-03	2.8800E-03	2.8480E-03	1.3810E-03	7.7790E-04	3.7230E-04	3.0680E-04	3.0200E-04	2.9070E-04	2.2710E-04	1.2810E-04	3.6880E-05	2.0000E+00	2.0670E+00	2.3570E+00	2.6740E+00	3.0740E+00	3.1630E+00	2.4360E+00	1.3450E+00	1.8980E+00	3.9060E+00	2.2460E-05
1 20
8.8720E-04	1.8950E-03	2.3490E-03	2.5670E-03	2.6400E-03	2.6470E-03	1.5430E-03	6.4650E-04	4.5140E-04	3.3380E-04	1.7830E-04	4.8240E-05	2.0000E+00	2.0530E+00	2.3890E+00	2.4120E+00	2.4250E+00	1.7900E+00	3.6800E+00	2.4750E-06
1 18
8.2400E-04	7.3270E-04	5.3710E-04	2.7440E-04	1.0307E-03	1.0183E-03	8.5424E-04	6.8895E-04	5.6196E-04	3.5868E-04	1.2779E-04	1.4712E-04	2.0000E+00	1.9210E+00	2.4950E+00	2.9440E+00	3.4080E+00	9.4030E-08
1 32
7.9120E-04	1.9820E-03	2.5360E-03	2.8320E-03	2.9990E-03	3.0620E-03	3.0510E-03	3.0530E-03	3.0270E-03	2.9960E-03	1.4960E-03	8.4470E-04	4.2400E-04	2.9880E-04	3.1080E-04	3.0430E-04	2.5200E-04	1.7280E-04	9.5380E-05	2.8650E-05	2.0000E+00	1.9270E+00	2.1210E+00	2.6080E+00	2.7590E+00	2.4620E+00	2.4460E+00	1.8680E+00	1.3520E+00	1.9790E+00	3.9150E+00	1.5780E-05
1 11
8.2620E-04	1.6590E-03	1.8890E-03	1.4070E-03	5.5450E-04	1.7720E-04	2.0000E+00	2.0060E+00	1.9150E+00	2.5270E+00	1.8330E-05
1 11
8.2620E-04	1.6590E-03	1.8890E-03	1.4070E-03	5.5450E-04	1.7720E-04	2.0000E+00	2.0060E+00	1.9150E+00	2.5270E+00	1.8330E-05
1 14
1.0950E-03	2.1170E-03	2.4350E-03	2.5230E-03	1.8260E-03	7.1430E-04	4.2290E-04	1.3870E-04	2.0000E+00	2.3060E+00	2.5680E+00	2.1250E+00	3.2270E+00	1.7340E-05
1 17
6.5250E-04	1.4020E-03	1.7690E-03	1.9400E-03	1.9890E-03	1.1350E-03	5.2930E-04	3.4450E-04	1.8240E-04	5.8510E-05	2.0000E+00	1.7850E+00	2.0540E+00	1.9270E+00	1.8290E+00	3.1210E+00	6.2000E-06
1 17
6.5250E-04	1.4020E-03	1.7690E-03	1.9400E-03	1.9890E-03	1.1350E-03	5.2930E-04	3.4450E-04	1.8240E-04	5.8510E-05	2.0000E+00	1.7850E+00	2.0540E+00	1.9270E+00	1.8290E+00	3.1210E+00	6.2000E-06
1 18
1.5960E-03	1.3710E-03	9.3730E-04	4.8040E-04	2.1021E-03	2.0383E-03	1.5846E-03	1.3694E-03	9.0665E-04	7.9585E-04	2.2372E-04	2.5758E-04	2.0000E+00	1.8210E+00	1.7470E+00	1.8730E+00	2.1730E+00	8.5690E-06
1 18
1.4420E-03	1.2820E-03	9.3990E-04	4.8020E-04	1.8782E-03	1.8373E-03	1.4734E-03	1.2756E-03	9.0897E-04	7.9867E-04	2.2363E-04	2.5747E-04	2.0000E+00	1.9210E+00	2.4950E+00	2.9440E+00	3.4080E+00	1.6460E-07
1 17
7.9380E-04	1.6380E-03	2.0240E-03	2.1960E-03	2.2420E-03	1.3560E-03	5.2790E-04	3.6340E-04	2.0980E-04	6.6790E-05	2.0000E+00	2.1100E+00	2.8570E+00	2.4660E+00	1.7640E+00	3.2710E+00	1.9100E-05
1 18
1.6480E-03	1.4650E-03	1.0740E-03	5.4880E-04	2.1773E-03	2.1055E-03	1.7024E-03	1.4684E-03	1.0312E-03	9.4364E-04	2.5558E-04	2.9425E-04	2.0000E+00	1.9210E+00	2.4950E+00	2.9440E+00	3.4080E+00	1.8810E-07
1 32
6.0730E-04	1.5110E-03	1.9800E-03	2.2660E-03	2.4470E-03	2.5420E-03	2.5740E-03	2.5630E-03	2.5330E-03	2.5060E-03	1.1390E-03	6.5900E-04	3.4830E-04	2.8560E-04	2.9040E-04	2.6800E-04	2.3920E-04	1.7570E-04	9.3780E-05	2.5930E-05	2.0000E+00	2.1040E+00	2.4360E+00	2.6450E+00	2.8790E+00	3.1680E+00	2.8820E+00	1.9410E+00	1.3190E+00	2.2090E+00	4.0820E+00	1.0960E-05
1 35
9.1790E-04	2.1290E-03	2.6740E-03	2.9480E-03	3.0740E-03	3.0790E-03	3.0020E-03	2.8880E-03	2.8460E-03	2.7780E-03	2.7230E-03	1.6660E-03	8.1060E-04	3.8680E-04	2.8580E-04	3.0680E-04	3.3460E-04	3.1190E-04	2.4330E-04	1.8650E-04	1.1940E-04	4.6720E-05	2.0000E+00	1.7480E+00	1.9560E+00	2.5510E+00	2.8100E+00	2.8360E+00	2.5700E+00	2.0620E+00	1.7900E+00	1.3720E+00	1.8100E+00	3.0400E+00	1.7410E-05
1 35
9.1790E-04	2.1290E-03	2.6740E-03	2.9480E-03	3.0740E-03	3.0790E-03	3.0020E-03	2.8880E-03	2.8460E-03	2.7780E-03	2.7230E-03	1.6660E-03	8.1060E-04	3.8680E-04	2.8580E-04	3.0680E-04	3.3460E-04	3.1190E-04	2.4330E-04	1.8650E-04	1.1940E-04	4.6720E-05	2.0000E+00	1.7480E+00	1.9560E+00	2.5510E+00	2.8100E+00	2.8360E+00	2.5700E+00	2.0620E+00	1.7900E+00	1.3720E+00	1.8100E+00	3.0400E+00	1.7410E-05
1 35
9.1790E-04	2.1290E-03	2.6740E-03	2.9480E-03	3.0740E-03	3.0790E-03	3.0020E-03	2.8880E-03	2.8460E-03	2.7780E-03	2.7230E-03	1.6660E-03	8.1060E-04	3.8680E-04	2.8580E-04	3.0680E-04	3.3460E-04	3.1190E-04	2.4330E-04	1.8650E-04	1.1940E-04	4.6720E-05	2.0000E+00	1.7480E+00	1.9560E+00	2.5510E+00	2.8100E+00	2.8360E+00	2.5700E+00	2.0620E+00	1.7900E+00	1.3720E+00	1.8100E+00	3.0400E+00	1.7410E-05
1 17
7.9380E-04	1.6380E-03	2.0240E-03	2.1960E-03	2.2420E-03	1.3560E-03	5.2790E-04	3.6340E-04	2.0980E-04	6.6790E-05	2.0000E+00	2.1100E+00	2.8570E+00	2.4660E+00	1.7640E+00	3.2710E+00	1.9100E-05
1 14
1.6030E-03	1.2660E-03	6.9340E-04	2.1123E-03	2.0474E-03	1.4535E-03	1.2587E-03	6.9401E-04	5.3009E-04	2.0000E+00	1.7870E+00	2.1260E+00	2.5340E+00	4.1020E-05
1 14
1.6030E-03	1.2660E-03	6.9340E-04	2.1123E-03	2.0474E-03	1.4535E-03	1.2587E-03	6.9401E-04	5.3009E-04	2.0000E+00	1.7870E+00	2.1260E+00	2.5340E+00	4.1020E-05
1 17
7.9380E-04	1.6380E-03	2.0240E-03	2.1960E-03	2.2420E-03	1.3560E-03	5.2790E-04	3.6340E-04	2.0980E-04	6.6790E-05	2.0000E+00	2.1100E+00	2.8570E+00	2.4660E+00	1.7640E+00	3.2710E+00	1.9100E-05
1 10
4.4260E-03	1.1030E-03	1.7890E-04	5.2000E-05	2.0000E+00	1.4030E+00	1.4220E+00	1.0570E+00	1.1470E+00	1.1920E-03
1 18
1.5200E-03	1.3060E-03	8.9260E-04	4.5750E-04	1.9918E-03	1.9394E-03	1.5032E-03	1.3009E-03	8.6709E-04	7.4736E-04	2.1306E-04	2.4530E-04	2.0000E+00	1.8210E+00	1.7470E+00	1.8730E+00	2.1730E+00	8.1610E-06
1 8
2.8250E-03	5.4670E-04	6.4450E-05	2.0000E+00	1.3340E+00	1.2330E+00	1.2040E+00	4.0040E-04
1 18
1.5200E-03	1.3060E-03	8.9260E-04	4.5750E-04	1.9918E-03	1.9394E-03	1.5032E-03	1.3009E-03	8.6709E-04	7.4736E-04	2.1306E-04	2.4530E-04	2.0000E+00	1.8210E+00	1.7470E+00	1.8730E+00	2.1730E+00	8.1610E-06
1 10
2.0160E-03	8.3840E-04	2.6914E-03	2.5757E-03	9.6175E-04	8.0308E-04	2.0000E+00	2.4160E+00	2.9000E+00	3.3690E-05
1 8
1.5940E-03	3.0620E-03	2.6730E-03	6.1540E-04	2.0000E+00	3.0850E+00	3.9190E+00	6.0520E-05
1 14
2.1380E-03	1.6880E-03	9.2450E-04	2.8556E-03	2.7284E-03	1.9809E-03	1.7029E-03	8.9530E-04	7.8196E-04	2.0000E+00	1.7870E+00	2.1260E+00	2.5340E+00	5.4700E-05
1 17
7.9380E-04	1.6380E-03	2.0240E-03	2.1960E-03	2.2420E-03	1.3560E-03	5.2790E-04	3.6340E-04	2.0980E-04	6.6790E-05	2.0000E+00	2.1100E+00	2.8570E+00	2.4660E+00	1.7640E+00	3.2710E+00	1.9100E-05
1 18
1.8240E-03	1.5670E-03	1.0710E-03	5.4900E-04	2.4279E-03	2.3322E-03	1.8302E-03	1.5757E-03	1.0285E-03	9.4041E-04	2.5567E-04	2.9436E-04	2.0000E+00	1.8210E+00	1.7470E+00	1.8730E+00	2.1730E+00	9.7930E-06
1 17
7.9380E-04	1.6380E-03	2.0240E-03	2.1960E-03	2.2420E-03	1.3560E-03	5.2790E-04	3.6340E-04	2.0980E-04	6.6790E-05	2.0000E+00	2.1100E+00	2.8570E+00	2.4660E+00	1.7640E+00	3.2710E+00	1.9100E-05
1 17
6.5250E-04	1.4020E-03	1.7690E-03	1.9400E-03	1.9890E-03	1.1350E-03	5.2930E-04	3.4450E-04	1.8240E-04	5.8510E-05	2.0000E+00	1.7850E+00	2.0540E+00	1.9270E+00	1.8290E+00	3.1210E+00	6.2000E-06
1 23
7.3780E-04	1.6240E-03	2.0680E-03	2.3160E-03	2.4310E-03	2.4580E-03	2.4500E-03	1.2990E-03	5.9780E-04	3.7650E-04	3.4150E-04	2.5560E-04	1.4410E-04	4.5470E-05	2.0000E+00	2.1210E+00	2.6330E+00	3.0820E+00	2.9910E+00	2.0740E+00	1.6670E+00	3.7510E+00	1.7440E-05
1 17
7.9380E-04	1.6380E-03	2.0240E-03	2.1960E-03	2.2420E-03	1.3560E-03	5.2790E-04	3.6340E-04	2.0980E-04	6.6790E-05	2.0000E+00	2.1100E+00	2.8570E+00	2.4660E+00	1.7640E+00	3.2710E+00	1.9100E-05
1 38
8.5550E-04	2.0570E-03	2.6030E-03	2.8930E-03	3.0400E-03	3.0800E-03	3.0320E-03	2.9740E-03	2.9530E-03	2.8990E-03	2.8290E-03	2.7770E-03	1.5830E-03	8.2390E-04	3.7620E-04	2.8150E-04	2.6890E-04	3.0710E-04	3.2190E-04	2.8680E-04	2.2270E-04	1.5090E-04	1.0630E-04	4.0610E-05	2.0000E+00	1.7880E+00	2.0350E+00	2.6520E+00	2.9930E+00	2.9360E+00	2.8000E+00	2.3110E+00	1.8610E+00	1.4160E+00	1.4270E+00	2.0480E+00	3.4590E+00	3.8860E-05
1 10
1.6110E-03	6.8550E-04	2.1239E-03	2.0577E-03	8.0765E-04	6.3779E-04	2.0000E+00	3.3260E+00	3.3480E+00	6.9060E-05
1 11
8.2620E-04	1.6590E-03	1.8890E-03	1.4070E-03	5.5450E-04	1.7720E-04	2.0000E+00	2.0060E+00	1.9150E+00	2.5270E+00	1.8330E-05
1 8
1.6080E-03	5.5490E-04	2.6530E-04	2.0000E+00	3.2900E+00	3.7600E+00	3.4340E+00	3.5580E-04
1 8
1.6080E-03	5.5490E-04	2.6530E-04	2.0000E+00	3.2900E+00	3.7600E+00	3.4340E+00	3.5580E-04
1 6
1.1880E-03	3.2230E-04	2.0000E+00	3.3690E+00	3.3560E+00	2.1370E-04
1 6
1.1880E-03	3.2230E-04	2.0000E+00	3.3690E+00	3.3560E+00	2.1370E-04
1 6
1.1880E-03	3.2230E-04	2.0000E+00	3.3690E+00	3.3560E+00	2.1370E-04
1 6
1.1880E-03	3.2230E-04	2.0000E+00	3.3690E+00	3.3560E+00	2.1370E-04
1 6
1.1880E-03	3.2230E-04	2.0000E+00	3.3690E+00	3.3560E+00	2.1370E-04
1 8
1.6080E-03	5.5490E-04	2.6530E-04	2.0000E+00	3.2900E+00	3.7600E+00	3.4340E+00	3.5580E-04
1 6
1.1880E-03	3.2230E-04	2.0000E+00	3.3690E+00	3.3560E+00	2.1370E-04
1 6
1.1880E-03	3.2230E-04	2.0000E+00	3.3690E+00	3.3560E+00	2.1370E-04
1 6
1.1880E-03	3.2230E-04	2.0000E+00	3.3690E+00	3.3560E+00	2.1370E-04
1 6
1.1880E-03	3.2230E-04	2.0000E+00	3.3690E+00	3.3560E+00	2.1370E-04
1 6
1.1880E-03	3.2230E-04	2.0000E+00	3.3690E+00	3.3560E+00	2.1370E-04
1 6
1.1880E-03	3.2230E-04	2.0000E+00	3.3690E+00	3.3560E+00	2.1370E-04
1 6
1.1880E-03	3.2230E-04	2.0000E+00	3.3690E+00	3.3560E+00	2.1370E-04
1 6
1.1880E-03	3.2230E-04	2.0000E+00	3.3690E+00	3.3560E+00	2.1370E-04
1 6
1.1880E-03	3.2230E-04	2.0000E+00	3.3690E+00	3.3560E+00	2.1370E-04
1 6
1.1880E-03	3.2230E-04	2.0000E+00	3.3690E+00	3.3560E+00	2.1370E-04
1 6
1.1880E-03	3.2230E-04	2.0000E+00	3.3690E+00	3.3560E+00	2.1370E-04
1 6
1.1880E-03	3.2230E-04	2.0000E+00	3.3690E+00	3.3560E+00	2.1370E-04
1 6
1.1880E-03	3.2230E-04	2.0000E+00	3.3690E+00	3.3560E+00	2.1370E-04
1 6
1.1880E-03	3.2230E-04	2.0000E+00	3.3690E+00	3.3560E+00	2.1370E-04
1 6
1.1880E-03	3.2230E-04	2.0000E+00	3.3690E+00	3.3560E+00	2.1370E-04
