4430
0.000	-3.0636735E-03
0.010	-3.1178036E-03
0.020	-3.1721495E-03
0.030	-3.2265323E-03
0.040	-3.2811260E-03
0.050	-3.3357214E-03
0.060	-3.3905846E-03
0.070	-3.4454696E-03
0.080	-3.5004165E-03
0.090	-3.5550319E-03
0.100	-3.6097495E-03
0.110	-3.6644972E-03
0.120	-3.7194441E-03
0.130	-3.7746103E-03
0.140	-3.8322002E-03
0.150	-3.8936167E-03
0.160	-3.9582604E-03
0.170	-4.0242583E-03
0.180	-4.0893639E-03
0.190	-4.1481373E-03
0.200	-4.1908682E-03
0.210	-4.2069208E-03
0.220	-4.2119508E-03
0.230	-4.2216426E-03
0.240	-4.2421041E-03
0.250	-4.2926286E-03
0.260	-4.3853199E-03
0.270	-4.5155079E-03
0.280	-4.6757420E-03
0.290	-4.8406664E-03
0.300	-4.9321207E-03
0.310	-4.9134251E-03
0.320	-4.8383715E-03
0.330	-4.8236028E-03
0.340	-4.9543917E-03
0.350	-5.1773161E-03
0.360	-5.3150751E-03
0.370	-5.2479758E-03
0.380	-5.1031313E-03
0.390	-5.1921317E-03
0.400	-5.5744399E-03
0.410	-5.8532336E-03
0.420	-5.8423784E-03
0.430	-5.9058354E-03
0.440	-6.1245583E-03
0.450	-6.0696600E-03
0.460	-5.5448859E-03
0.470	-4.8531234E-03
0.480	-4.5978947E-03
0.490	-4.9600595E-03
0.500	-5.5406007E-03
0.510	-5.9039824E-03
0.520	-5.9744144E-03
0.530	-5.7227008E-03
0.540	-5.1242256E-03
0.550	-4.4200145E-03
0.560	-4.2393288E-03
0.570	-4.7895159E-03
0.580	-5.5305658E-03
0.590	-5.9876364E-03
0.600	-6.2812656E-03
0.610	-6.9508675E-03
0.620	-8.2257104E-03
0.630	-9.3558428E-03
0.640	-9.7605108E-03
0.650	-1.0379588E-02
0.660	-1.1093372E-02
0.670	-9.8973407E-03
0.680	-6.1982611E-03
0.690	-1.2792953E-03
0.700	2.7148647E-03
0.710	3.7911131E-03
0.720	2.5335647E-03
0.730	1.0234061E-03
0.740	4.2676024E-04
0.750	4.9929546E-04
0.760	9.2629674E-04
0.770	1.2326078E-03
0.780	-1.1048224E-03
0.790	-7.2902340E-03
0.800	-1.5535854E-02
0.810	-2.3837254E-02
0.820	-3.0537022E-02
0.830	-3.0883817E-02
0.840	-2.3334319E-02
0.850	-1.2177613E-02
0.860	-2.0029002E-03
0.870	4.7668113E-03
0.880	8.8866734E-03
0.890	1.3124854E-02
0.900	1.8997538E-02
0.910	2.5437520E-02
0.920	2.7191783E-02
0.930	1.9719400E-02
0.940	6.1550532E-03
0.950	-7.1352642E-03
0.960	-1.7833135E-02
0.970	-2.7940293E-02
0.980	-3.5553466E-02
0.990	-3.4982471E-02
1.000	-2.6591076E-02
1.010	-1.4115284E-02
1.020	-6.4925047E-04
1.030	9.2379228E-03
1.040	1.2804603E-02
1.050	1.3684112E-02
1.060	1.5582610E-02
1.070	1.5410706E-02
1.080	9.8304724E-03
1.090	6.0597757E-04
1.100	-9.2744452E-03
1.110	-2.0549563E-02
1.120	-3.4421536E-02
1.130	-4.5531317E-02
1.140	-4.7339848E-02
1.150	-4.3578833E-02
1.160	-4.4871690E-02
1.170	-5.0686895E-02
1.180	-4.0501700E-02
1.190	-4.6684924E-03
1.200	4.2908275E-02
1.210	7.9037139E-02
1.220	8.6569949E-02
1.230	7.3962259E-02
1.240	6.0253908E-02
1.250	4.7421634E-02
1.260	2.4197122E-02
1.270	-1.1694971E-02
1.280	-4.9013832E-02
1.290	-6.1353934E-02
1.300	-3.6796676E-02
1.310	2.6215156E-03
1.320	2.1871880E-02
1.330	1.1979583E-02
1.340	-6.9825307E-03
1.350	-1.6146428E-02
1.360	-1.5337102E-02
1.370	-1.3976258E-02
1.380	-1.6656184E-02
1.390	-2.2249709E-02
1.400	-2.9698423E-02
1.410	-3.8495232E-02
1.420	-5.1397040E-02
1.430	-7.2117891E-02
1.440	-7.8127299E-02
1.450	-4.8222135E-02
1.460	-1.5774062E-03
1.470	1.4221222E-02
1.480	-1.4813878E-02
1.490	-5.3407926E-02
1.500	-5.6727655E-02
1.510	-2.2493577E-02
1.520	2.1590233E-02
1.530	6.6703113E-02
1.540	1.0340932E-01
1.550	1.0390602E-01
1.560	6.9310203E-02
1.570	2.4300116E-02
1.580	-1.7779369E-02
1.590	-4.8471728E-02
1.600	-4.6324671E-02
1.610	-1.2402456E-02
1.620	1.4869077E-02
1.630	1.9102022E-04
1.640	-4.5058512E-02
1.650	-8.9393673E-02
1.660	-1.0766824E-01
1.670	-7.8318775E-02
1.680	-1.1980951E-02
1.690	5.8927222E-02
1.700	9.3291377E-02
1.710	6.5190541E-02
1.720	1.9783192E-04
1.730	-6.1983816E-02
1.740	-9.8059869E-02
1.750	-9.2360229E-02
1.760	-5.6046452E-02
1.770	-1.5306443E-02
1.780	1.4935845E-02
1.790	1.9843000E-02
1.800	-8.2389977E-03
1.810	-4.7167722E-02
1.820	-5.0231096E-02
1.830	-2.3140500E-03
1.840	6.5587804E-02
1.850	1.1790201E-01
1.860	1.2089539E-01
1.870	6.9554221E-02
1.880	-2.3054914E-03
1.890	-6.3605525E-02
1.900	-1.0288932E-01
1.910	-1.2671878E-01
1.920	-1.4941386E-01
1.930	-1.7600666E-01
1.940	-1.8512078E-01
1.950	-1.5049970E-01
1.960	-8.1798544E-02
1.970	-3.5715632E-03
1.980	7.1336388E-02
1.990	1.3990819E-01
2.000	1.7977440E-01
2.010	1.7598540E-01
2.020	1.4856930E-01
2.030	1.1620866E-01
2.040	7.4573260E-02
2.050	3.5028520E-03
2.060	-1.1397440E-01
2.070	-2.4802733E-01
2.080	-3.5605624E-01
2.090	-4.0516597E-01
2.100	-3.9011257E-01
2.110	-3.4678628E-01
2.120	-3.1016556E-01
2.130	-2.8484456E-01
2.140	-2.6643335E-01
2.150	-2.7879280E-01
2.160	-3.2405444E-01
2.170	-3.2642081E-01
2.180	-2.3232747E-01
2.190	-8.5161794E-02
2.200	4.4958598E-02
2.210	1.3828133E-01
2.220	2.2199443E-01
2.230	3.1917356E-01
2.240	3.9753491E-01
2.250	3.7574027E-01
2.260	2.5194823E-01
2.270	9.3227100E-02
2.280	-4.8587728E-02
2.290	-1.3902667E-01
2.300	-1.8015437E-01
2.310	-2.0851029E-01
2.320	-2.6579761E-01
2.330	-3.7995243E-01
2.340	-5.3185015E-01
2.350	-6.7573448E-01
2.360	-7.3766666E-01
2.370	-6.8416717E-01
2.380	-5.7418751E-01
2.390	-4.7053530E-01
2.400	-3.8121505E-01
2.410	-2.8061817E-01
2.420	-1.4725272E-01
2.430	-1.6004474E-02
2.440	3.0715742E-02
2.450	-1.1592313E-02
2.460	-5.7987152E-02
2.470	-4.4127900E-02
2.480	1.0913691E-02
2.490	7.9170246E-02
2.500	1.9223278E-01
2.510	3.6877558E-01
2.520	5.7285025E-01
2.530	7.3699711E-01
2.540	8.1815668E-01
2.550	7.9289360E-01
2.560	6.9605107E-01
2.570	6.0272371E-01
2.580	5.4100813E-01
2.590	4.6696926E-01
2.600	3.4541219E-01
2.610	1.9803078E-01
2.620	7.0715394E-02
2.630	-2.2637531E-02
2.640	-1.0459829E-01
2.650	-1.8777473E-01
2.660	-2.0977257E-01
2.670	-1.1498795E-01
2.680	4.8009418E-02
2.690	1.8410105E-01
2.700	2.5236603E-01
2.710	2.8302789E-01
2.720	2.8017995E-01
2.730	2.2613779E-01
2.740	1.4259981E-01
2.750	1.1273978E-01
2.760	1.9816988E-01
2.770	3.5312444E-01
2.780	5.0036558E-01
2.790	5.9407090E-01
2.800	6.0589522E-01
2.810	5.8027442E-01
2.820	6.1435937E-01
2.830	6.9248888E-01
2.840	6.5522188E-01
2.850	4.4828872E-01
2.860	1.8042772E-01
2.870	-3.5998334E-02
2.880	-1.3692023E-01
2.890	-1.0873605E-01
2.900	-6.6393227E-02
2.910	-1.2132986E-01
2.920	-2.5050049E-01
2.930	-3.7307277E-01
2.940	-4.3540869E-01
2.950	-3.7957765E-01
2.960	-2.1391777E-01
2.970	-1.7199051E-02
2.980	1.5348834E-01
2.990	2.5665770E-01
3.000	2.4887247E-01
3.010	1.6357628E-01
3.020	7.3028785E-02
3.030	2.8713293E-02
3.040	4.0640247E-02
3.050	7.4720947E-02
3.060	9.8863818E-02
3.070	1.0204219E-01
3.080	7.1924892E-02
3.090	1.2592721E-02
3.100	-6.0885632E-02
3.110	-1.5676127E-01
3.120	-2.7123790E-01
3.130	-3.5989814E-01
3.140	-4.0275491E-01
3.150	-4.0890241E-01
3.160	-3.6766864E-01
3.170	-2.8426874E-01
3.180	-1.8937647E-01
3.190	-1.0776386E-01
3.200	-4.8393105E-02
3.210	-4.4036707E-03
3.220	2.4849936E-02
3.230	-1.1968231E-02
3.240	-1.3950110E-01
3.250	-3.0451168E-01
3.260	-3.9041370E-01
3.270	-3.1374483E-01
3.280	-1.3759937E-01
3.290	2.7884352E-02
3.300	1.0841357E-01
3.310	7.6575894E-02
3.320	-9.1881599E-03
3.330	-6.5885705E-02
3.340	-8.5224364E-02
3.350	-1.2210773E-01
3.360	-1.9654521E-01
3.370	-2.4151843E-01
3.380	-2.1575067E-01
3.390	-2.0069844E-01
3.400	-2.3418331E-01
3.410	-2.0717637E-01
3.420	-5.0260490E-02
3.430	1.5338352E-01
3.440	2.0579877E-01
3.450	3.9603829E-02
3.460	-1.5447004E-01
3.470	-2.0419100E-01
3.480	-1.4344604E-01
3.490	-7.4112289E-02
3.500	-3.2117536E-02
3.510	-1.2889149E-03
3.520	5.3991090E-03
3.530	-3.5130560E-02
3.540	-1.0689988E-01
3.550	-1.7927157E-01
3.560	-2.3322853E-01
3.570	-2.4196737E-01
3.580	-2.0041171E-01
3.590	-1.3935656E-01
3.600	-8.6027577E-02
3.610	-3.7441807E-02
3.620	2.7686516E-02
3.630	1.1256313E-01
3.640	1.9288944E-01
3.650	2.4740849E-01
3.660	2.6721890E-01
3.670	2.3230371E-01
3.680	1.4894495E-01
3.690	4.4266966E-02
3.700	-6.0417764E-02
3.710	-1.3624409E-01
3.720	-1.4174891E-01
3.730	-8.8322873E-02
3.740	-1.9115882E-02
3.750	4.3742656E-02
3.760	1.0401349E-01
3.770	1.6739570E-01
3.780	1.9230877E-01
3.790	1.3822309E-01
3.800	8.5047334E-02
3.810	1.0532317E-01
3.820	1.6215151E-01
3.830	1.9603701E-01
3.840	1.9218859E-01
3.850	1.3693380E-01
3.860	3.6089644E-02
3.870	-5.0387370E-02
3.880	-5.7907073E-02
3.890	-2.1026954E-02
3.900	-3.2378662E-02
3.910	-1.1210139E-01
3.920	-2.0402127E-01
3.930	-2.1928692E-01
3.940	-1.1697673E-01
3.950	4.1898656E-02
3.960	1.7488231E-01
3.970	2.6269456E-01
3.980	3.2217701E-01
3.990	3.2949724E-01
4.000	2.7080336E-01
4.010	1.3636963E-01
4.020	-5.9579634E-02
4.030	-2.2318071E-01
4.040	-2.6232330E-01
4.050	-1.6075314E-01
4.060	-1.0621878E-04
4.070	1.4179708E-01
4.080	2.3717102E-01
4.090	2.4381216E-01
4.100	1.6047968E-01
4.110	4.6014517E-02
4.120	-4.0238850E-02
4.130	-4.1878402E-02
4.140	4.2726307E-02
4.150	1.5295474E-01
4.160	2.1597681E-01
4.170	1.9292644E-01
4.180	1.2036356E-01
4.190	6.2869669E-02
4.200	7.4970724E-02
4.210	1.5032634E-01
4.220	1.9447244E-01
4.230	1.2184215E-01
4.240	-2.6383883E-02
4.250	-1.4263031E-01
4.260	-1.7474806E-01
4.270	-1.1421905E-01
4.280	1.2267021E-02
4.290	1.5114912E-01
4.300	2.2120670E-01
4.310	1.4874229E-01
4.320	-2.2896682E-02
4.330	-1.9778589E-01
4.340	-2.9878500E-01
4.350	-2.4061052E-01
4.360	-4.1600889E-02
4.370	1.9046415E-01
4.380	3.7233677E-01
4.390	3.9706639E-01
4.400	2.1249915E-01
4.410	-7.5967354E-02
4.420	-3.3601383E-01
4.430	-4.1893785E-01
4.440	-2.1783148E-01
4.450	1.4631841E-01
4.460	4.3678496E-01
4.470	5.5085140E-01
4.480	5.1897715E-01
4.490	3.7191076E-01
4.500	1.5704839E-01
4.510	-7.5872997E-02
4.520	-2.5246998E-01
4.530	-3.2515418E-01
4.540	-2.9753460E-01
4.550	-2.2493577E-01
4.560	-1.8063042E-01
4.570	-1.9519438E-01
4.580	-2.2001673E-01
4.590	-1.5713530E-01
4.600	1.1273166E-02
4.610	1.9720036E-01
4.620	2.5781754E-01
4.630	1.5080485E-01
4.640	-2.0871635E-02
4.650	-1.3575806E-01
4.660	-1.3523981E-01
4.670	-6.5434928E-02
4.680	-4.9789911E-03
4.690	-9.8039380E-03
4.700	-9.5311151E-02
4.710	-2.1692825E-01
4.720	-3.0078713E-01
4.730	-2.8099547E-01
4.740	-2.0451222E-01
4.750	-1.6642659E-01
4.760	-1.5123752E-01
4.770	-8.0488329E-02
4.780	4.1363649E-02
4.790	1.5208984E-01
4.800	2.2674390E-01
4.810	2.7255323E-01
4.820	2.4672388E-01
4.830	1.2448672E-01
4.840	-4.4576166E-02
4.850	-2.0273824E-01
4.860	-2.9669365E-01
4.870	-2.4805445E-01
4.880	-7.5591801E-02
4.890	1.2146108E-01
4.900	2.4135054E-01
4.910	2.1700391E-01
4.920	1.1791937E-01
4.930	8.5222154E-02
4.940	1.2168892E-01
4.950	1.0815375E-01
4.960	1.7101715E-03
4.970	-1.3720859E-01
4.980	-2.2066168E-01
4.990	-1.8088435E-01
5.000	-5.0493478E-02
5.010	7.3853875E-02
5.020	9.7025995E-02
5.030	1.6111154E-02
5.040	-9.1782338E-02
5.050	-1.7481184E-01
5.060	-2.4121747E-01
5.070	-3.1502702E-01
5.080	-3.6264130E-01
5.090	-3.1362029E-01
5.100	-1.8220220E-01
5.110	-5.5441293E-02
5.120	1.1697380E-02
5.130	4.6984466E-02
5.140	1.0981239E-01
5.150	1.9655374E-01
5.160	2.2021693E-01
5.170	1.5391861E-01
5.180	1.0101675E-01
5.190	1.6136446E-01
5.200	3.0883750E-01
5.210	4.8361118E-01
5.220	6.7807022E-01
5.230	8.3429425E-01
5.240	8.2152420E-01
5.250	6.2208167E-01
5.260	3.0392901E-01
5.270	-8.0756686E-03
5.280	-1.3031855E-01
5.290	3.0053922E-02
5.300	3.3895501E-01
5.310	6.0188175E-01
5.320	6.5583268E-01
5.330	4.9123153E-01
5.340	2.5797254E-01
5.350	8.7484374E-02
5.360	9.0814716E-02
5.370	2.9866146E-01
5.380	5.9042134E-01
5.390	7.5505730E-01
5.400	6.3756777E-01
5.410	3.3558666E-01
5.420	3.9361701E-02
5.430	-1.7386576E-01
5.440	-2.6003861E-01
5.450	-1.8247253E-01
5.460	-4.7803212E-02
5.470	-2.2773769E-02
5.480	-1.1668023E-01
5.490	-1.8738170E-01
5.500	-1.4120845E-01
5.510	-5.1362390E-02
5.520	-5.7199104E-02
5.530	-1.7606123E-01
5.540	-3.1621313E-01
5.550	-3.6597350E-01
5.560	-2.7582333E-01
5.570	-9.7896180E-02
5.580	1.0267815E-01
5.590	2.9864958E-01
5.600	4.4425500E-01
5.610	4.4536579E-01
5.620	3.1703668E-01
5.630	1.6209213E-01
5.640	4.5241769E-02
5.650	8.8820016E-03
5.660	1.0295981E-01
5.670	2.8600741E-01
5.680	4.1370931E-01
5.690	3.5935229E-01
5.700	1.7621957E-01
5.710	2.6535788E-02
5.720	2.1047727E-02
5.730	9.2537577E-02
5.740	9.1008819E-02
5.750	-1.6840639E-02
5.760	-1.4704541E-01
5.770	-2.0369871E-01
5.780	-1.7065877E-01
5.790	-1.1056833E-01
5.800	-7.6121904E-02
5.810	-6.5222596E-02
5.820	-4.7882722E-02
5.830	8.0803437E-03
5.840	8.3749589E-02
5.850	6.0007462E-02
5.860	-1.0894500E-01
5.870	-3.3307901E-01
5.880	-4.5531702E-01
5.890	-3.6561244E-01
5.900	-1.4681517E-01
5.910	-3.1022431E-02
5.920	-1.7502593E-01
5.930	-4.7557084E-01
5.940	-7.2326356E-01
5.950	-7.2904365E-01
5.960	-4.9929094E-01
5.970	-2.1045986E-01
5.980	-1.1043126E-02
5.990	-9.7053128E-03
6.000	-1.8725884E-01
6.010	-3.4660316E-01
6.020	-3.2123529E-01
6.030	-1.9284961E-01
6.040	-1.3659482E-01
6.050	-1.8533253E-01
6.060	-2.4974272E-01
6.070	-2.3052002E-01
6.080	-1.0538145E-01
6.090	5.7098789E-02
6.100	1.4134507E-01
6.110	4.5244514E-02
6.120	-1.6916801E-01
6.130	-2.8197854E-01
6.140	-1.6940202E-01
6.150	5.3078941E-02
6.160	1.7233750E-01
6.170	9.9844982E-02
6.180	-5.9210526E-02
6.190	-1.7889344E-01
6.200	-2.3744370E-01
6.210	-2.8298471E-01
6.220	-3.1659595E-01
6.230	-2.9526783E-01
6.240	-2.2294904E-01
6.250	-1.6174678E-01
6.260	-1.7660055E-01
6.270	-2.4787785E-01
6.280	-2.3256232E-01
6.290	-5.5533708E-03
6.300	3.1217372E-01
6.310	5.2498689E-01
6.320	6.1160785E-01
6.330	6.1416671E-01
6.340	5.2035291E-01
6.350	3.6729352E-01
6.360	2.3852804E-01
6.370	1.6813840E-01
6.380	1.2603218E-01
6.390	6.0914238E-02
6.400	-4.8438183E-02
6.410	-1.9903075E-01
6.420	-3.7461861E-01
6.430	-4.4925589E-01
6.440	-3.2313548E-01
6.450	-7.9880240E-02
6.460	1.0724209E-01
6.470	8.5033960E-02
6.480	-8.8917587E-02
6.490	-1.7204524E-01
6.500	-6.2519191E-02
6.510	8.8692650E-02
6.520	2.6857040E-02
6.530	-2.5963922E-01
6.540	-5.5031777E-01
6.550	-7.1564572E-01
6.560	-7.4631260E-01
6.570	-6.5280044E-01
6.580	-4.5655402E-01
6.590	-1.9426655E-01
6.600	1.3054089E-02
6.610	3.0946655E-02
6.620	-1.3250839E-01
6.630	-2.7995381E-01
6.640	-1.4147618E-01
6.650	2.8576235E-01
6.660	7.4599239E-01
6.670	1.0000000E+00
6.680	9.5869224E-01
6.690	6.9331511E-01
6.700	4.0588156E-01
6.710	3.0753053E-01
6.720	4.0457593E-01
6.730	5.2381283E-01
6.740	4.8876874E-01
6.750	2.4387827E-01
6.760	-1.7408320E-01
6.770	-5.9208467E-01
6.780	-8.3443771E-01
6.790	-8.5542352E-01
6.800	-6.5925192E-01
6.810	-3.6093109E-01
6.820	-1.5227491E-01
6.830	-9.0296331E-02
6.840	-8.4653486E-02
6.850	-4.7663945E-02
6.860	2.4271978E-02
6.870	8.8265592E-02
6.880	1.2015623E-01
6.890	1.3986758E-01
6.900	1.7341381E-01
6.910	1.8828392E-01
6.920	1.1924459E-01
6.930	-2.3607580E-02
6.940	-1.6083875E-01
6.950	-1.8193287E-01
6.960	-6.8830217E-02
6.970	8.8449703E-02
6.980	2.1590919E-01
6.990	3.0028496E-01
7.000	3.2036989E-01
7.010	2.7707858E-01
7.020	2.1394572E-01
7.030	1.6726383E-01
7.040	1.5324692E-01
7.050	1.7664307E-01
7.060	2.1915552E-01
7.070	2.4864851E-01
7.080	2.1137079E-01
7.090	9.5286043E-02
7.100	-5.0263536E-02
7.110	-1.8330060E-01
7.120	-3.1610684E-01
7.130	-4.5600717E-01
7.140	-4.7705608E-01
7.150	-2.8937727E-01
7.160	9.6049920E-03
7.170	2.5459063E-01
7.180	3.7478298E-01
7.190	4.3719255E-01
7.200	5.2081558E-01
7.210	5.9773102E-01
7.220	5.9627758E-01
7.230	5.2527648E-01
7.240	4.4656044E-01
7.250	3.8977093E-01
7.260	2.8001089E-01
7.270	-2.8335330E-03
7.280	-4.2831544E-01
7.290	-7.6178313E-01
7.300	-8.5622229E-01
7.310	-7.4038321E-01
7.320	-5.2163929E-01
7.330	-2.9113100E-01
7.340	-9.5710724E-02
7.350	1.3451052E-02
7.360	4.3967023E-03
7.370	-7.5626099E-02
7.380	-1.5321233E-01
7.390	-1.6160408E-01
7.400	-6.6755104E-02
7.410	8.3978024E-02
7.420	2.0238003E-01
7.430	2.0305310E-01
7.440	1.0090577E-01
7.450	-1.8833447E-02
7.460	-1.0664495E-01
7.470	-1.4865338E-01
7.480	-1.2139725E-01
7.490	-4.1134561E-02
7.500	1.5676326E-02
7.510	-4.8863818E-02
7.520	-2.2323846E-01
7.530	-4.1595197E-01
7.540	-5.3838834E-01
7.550	-5.0442575E-01
7.560	-3.3734440E-01
7.570	-1.7266626E-01
7.580	-1.3922173E-01
7.590	-2.1774527E-01
7.600	-2.9991085E-01
7.610	-2.9075973E-01
7.620	-1.7341699E-01
7.630	-1.6607638E-02
7.640	1.1541434E-01
7.650	1.7658482E-01
7.660	1.4101871E-01
7.670	6.5595186E-02
7.680	4.9043158E-02
7.690	1.1048916E-01
7.700	1.8337425E-01
7.710	1.9222257E-01
7.720	1.3589509E-01
7.730	6.8303328E-02
7.740	2.4631612E-02
7.750	2.7625285E-03
7.760	-1.5077794E-02
7.770	-3.9512820E-02
7.780	-6.7513055E-02
7.790	-8.3332005E-02
7.800	-6.8249195E-02
7.810	-3.0965452E-02
7.820	-2.1652133E-02
7.830	-8.5152320E-02
7.840	-1.9745245E-01
7.850	-3.0816209E-01
7.860	-3.8906891E-01
7.870	-4.1016921E-01
7.880	-3.6933081E-01
7.890	-3.0589582E-01
7.900	-2.5246362E-01
7.910	-2.0839211E-01
7.920	-1.5429138E-01
7.930	-8.2684497E-02
7.940	-4.1924032E-03
7.950	7.0063584E-02
7.960	1.3727027E-01
7.970	1.8307597E-01
7.980	1.9081065E-01
7.990	1.5760613E-01
8.000	8.7640531E-02
8.010	3.0716948E-04
8.020	-8.5518817E-02
8.030	-1.4173222E-01
8.040	-1.0523941E-01
8.050	2.6345601E-02
8.060	1.7669010E-01
8.070	2.2507253E-01
8.080	1.2316588E-01
8.090	-4.6211818E-02
8.100	-1.7018138E-01
8.110	-1.8680722E-01
8.120	-1.3538460E-01
8.130	-9.8776525E-02
8.140	-1.2899357E-01
8.150	-2.0610977E-01
8.160	-2.8116737E-01
8.170	-3.3329210E-01
8.180	-3.3655986E-01
8.190	-2.4708811E-01
8.200	-8.6820981E-02
8.210	7.6314082E-02
8.220	1.7524839E-01
8.230	2.0139679E-01
8.240	2.0485804E-01
8.250	2.1164782E-01
8.260	1.8805560E-01
8.270	1.1666567E-01
8.280	2.3467560E-02
8.290	-6.1918702E-02
8.300	-1.1025607E-01
8.310	-6.2543027E-02
8.320	7.7532585E-02
8.330	1.9729845E-01
8.340	1.8179059E-01
8.350	6.0709204E-02
8.360	-6.3397779E-02
8.370	-1.3255430E-01
8.380	-1.4886147E-01
8.390	-1.5030799E-01
8.400	-1.6401099E-01
8.410	-1.8243303E-01
8.420	-1.7084741E-01
8.430	-1.1718750E-01
8.440	-4.6673023E-02
8.450	3.6903788E-03
8.460	-1.1495349E-02
8.470	-9.1338792E-02
8.480	-1.7761593E-01
8.490	-1.8800489E-01
8.500	-1.0761587E-01
8.510	1.6437317E-03
8.520	7.2139367E-02
8.530	5.8127741E-02
8.540	-1.9886537E-02
8.550	-9.1661734E-02
8.560	-8.1481008E-02
8.570	9.7589491E-03
8.580	1.1794359E-01
8.590	1.8315464E-01
8.600	1.7151898E-01
8.610	1.2335429E-01
8.620	1.2950393E-01
8.630	2.1247656E-01
8.640	3.1845061E-01
8.650	4.0224890E-01
8.660	4.6242584E-01
8.670	4.8059852E-01
8.680	4.2654916E-01
8.690	3.2367129E-01
8.700	2.1826300E-01
8.710	1.2853892E-01
8.720	4.9442965E-02
8.730	1.2597418E-02
8.740	5.0899612E-02
8.750	1.3547319E-01
8.760	2.1818416E-01
8.770	2.8354077E-01
8.780	3.4210543E-01
8.790	3.6346000E-01
8.800	2.9416424E-01
8.810	1.5578645E-01
8.820	1.3850451E-02
8.830	-9.5501957E-02
8.840	-1.8592124E-01
8.850	-2.8200482E-01
8.860	-3.5248401E-01
8.870	-3.2245304E-01
8.880	-2.3522212E-01
8.890	-2.0249184E-01
8.900	-2.4020577E-01
8.910	-2.5948339E-01
8.920	-1.9609962E-01
8.930	-8.1617681E-02
8.940	3.5523705E-02
8.950	1.4958687E-01
8.960	2.5564751E-01
8.970	2.9360885E-01
8.980	2.4136912E-01
8.990	1.5191149E-01
9.000	7.6406380E-02
9.010	1.7032935E-02
9.020	-4.7245508E-02
9.030	-1.1727356E-01
9.040	-1.5754238E-01
9.050	-1.5280941E-01
9.060	-1.2859242E-01
9.070	-1.1201753E-01
9.080	-1.0753304E-01
9.090	-1.1774798E-01
9.100	-1.4250015E-01
9.110	-1.3557956E-01
9.120	-6.2783732E-02
9.130	4.1072511E-02
9.140	1.2112426E-01
9.150	1.5353929E-01
9.160	1.3030785E-01
9.170	7.1970422E-02
9.180	1.0608271E-02
9.190	-2.7344156E-02
9.200	-9.8480499E-03
9.210	4.0144058E-02
9.220	3.2625459E-02
9.230	-6.1502692E-02
9.240	-1.8659581E-01
9.250	-2.8375603E-01
9.260	-3.0111839E-01
9.270	-2.2572769E-01
9.280	-1.1066245E-01
9.290	-6.4649978E-03
9.300	8.3066527E-02
9.310	1.7313812E-01
9.320	2.5736458E-01
9.330	3.2213265E-01
9.340	3.5283067E-01
9.350	3.4639827E-01
9.360	3.1819568E-01
9.370	2.7858775E-01
9.380	2.2945877E-01
9.390	1.3609041E-01
9.400	-8.5724571E-03
9.410	-1.2399003E-01
9.420	-1.4688695E-01
9.430	-9.2479778E-02
9.440	-2.3796695E-02
9.450	2.3489304E-02
9.460	5.6491052E-02
9.470	7.1895716E-02
9.480	5.0827250E-02
9.490	1.3404595E-03
9.500	-5.2001111E-02
9.510	-8.3636083E-02
9.520	-5.9972394E-02
9.530	1.5091446E-02
9.540	1.0306351E-01
9.550	1.7595108E-01
9.560	2.2189851E-01
9.570	2.4517737E-01
9.580	2.6428341E-01
9.590	2.9373388E-01
9.600	3.3130654E-01
9.610	3.5567912E-01
9.620	3.3582937E-01
9.630	2.7656788E-01
9.640	2.0991702E-01
9.650	1.5513263E-01
9.660	1.2386246E-01
9.670	1.4299245E-01
9.680	2.0816380E-01
9.690	2.8499454E-01
9.700	3.5121688E-01
9.710	4.0313706E-01
9.720	4.1152824E-01
9.730	3.5690022E-01
9.740	2.6958042E-01
9.750	1.9726749E-01
9.760	1.7552458E-01
9.770	1.8402339E-01
9.780	1.5042483E-01
9.790	4.8849975E-02
9.800	-7.8377897E-02
9.810	-1.8770543E-01
9.820	-2.4657624E-01
9.830	-2.2850215E-01
9.840	-1.6015465E-01
9.850	-8.9679471E-02
9.860	-3.5324211E-02
9.870	1.1551126E-02
9.880	3.9780156E-02
9.890	3.0657659E-02
9.900	-4.0220186E-03
9.910	-3.9730006E-02
9.920	-6.6838630E-02
9.930	-9.1296978E-02
9.940	-1.1982701E-01
9.950	-1.5085783E-01
9.960	-1.6003279E-01
9.970	-1.1547150E-01
9.980	-2.9794337E-02
9.990	5.7957708E-02
10.000	1.0404189E-01
10.010	8.4948491E-02
10.020	3.0111805E-02
10.030	-1.4480648E-02
10.040	-2.3530900E-02
10.050	-9.1218825E-03
10.060	-2.9208678E-04
10.070	-2.2291757E-02
10.080	-7.3586305E-02
10.090	-1.3127194E-01
10.100	-1.7168569E-01
10.110	-1.6514039E-01
10.120	-1.1235480E-01
10.130	-4.6358166E-02
10.140	3.2991320E-03
10.150	1.2528714E-02
10.160	-1.7242019E-02
10.170	-5.8569697E-02
10.180	-9.1743888E-02
10.190	-1.1844055E-01
10.200	-1.4799260E-01
10.210	-1.7775034E-01
10.220	-1.8013445E-01
10.230	-1.4261486E-01
10.240	-8.9464461E-02
10.250	-5.3706179E-02
10.260	-4.0698214E-02
10.270	-3.2555156E-02
10.280	-1.6440209E-02
10.290	2.0036350E-03
10.300	7.8820404E-03
10.310	-8.2484267E-04
10.320	-1.7292035E-02
10.330	-3.7566746E-02
10.340	-4.6440169E-02
10.350	-2.2221873E-02
10.360	2.4657457E-02
10.370	4.2151965E-02
10.380	-2.1394321E-03
10.390	-7.9909483E-02
10.400	-1.5040081E-01
10.410	-1.9931146E-01
10.420	-2.0350990E-01
10.430	-1.4630480E-01
10.440	-6.3274966E-02
10.450	-2.4230332E-02
10.460	-5.0886890E-02
10.470	-1.0150199E-01
10.480	-1.3326148E-01
10.490	-1.2026147E-01
10.500	-6.2496761E-02
10.510	1.0982963E-02
10.520	7.0525141E-02
10.530	8.0570667E-02
10.540	3.1890172E-02
10.550	-3.7100084E-02
10.560	-6.6968808E-02
10.570	-3.5898186E-02
10.580	2.0952868E-02
10.590	6.6247549E-02
10.600	9.6258938E-02
10.610	1.1402944E-01
10.620	9.8721789E-02
10.630	4.7589775E-02
10.640	-7.1251238E-03
10.650	-2.2236285E-02
10.660	-4.9499124E-03
10.670	-1.3376889E-02
10.680	-7.1218898E-02
10.690	-1.4865016E-01
10.700	-2.1414609E-01
10.710	-2.6588934E-01
10.720	-3.1828339E-01
10.730	-3.7667547E-01
10.740	-4.1769917E-01
10.750	-4.1726045E-01
10.760	-3.8905585E-01
10.770	-3.6129935E-01
10.780	-3.4434961E-01
10.790	-3.3051864E-01
10.800	-3.1170754E-01
10.810	-2.8777687E-01
10.820	-2.6148066E-01
10.830	-2.3479963E-01
10.840	-2.0832533E-01
10.850	-1.8174121E-01
10.860	-1.5510466E-01
10.870	-1.3007853E-01
10.880	-1.0753288E-01
10.890	-8.6185591E-02
10.900	-6.4554566E-02
10.910	-4.6739644E-02
10.920	-4.9169419E-02
10.930	-7.5788031E-02
10.940	-1.1129749E-01
10.950	-1.4219813E-01
10.960	-1.6648732E-01
10.970	-1.7481167E-01
10.980	-1.5543557E-01
10.990	-1.1788590E-01
11.000	-7.9927143E-02
11.010	-4.7950832E-02
11.020	-1.6648169E-02
11.030	1.9033811E-02
11.040	5.7901600E-02
11.050	9.6271843E-02
11.060	1.2661652E-01
11.070	1.2757550E-01
11.080	9.5310013E-02
11.090	5.1343626E-02
11.100	1.4106828E-02
11.110	-1.1113509E-02
11.120	-2.4692089E-02
11.130	-3.2876676E-02
11.140	-4.8520354E-02
11.150	-9.0532315E-02
11.160	-1.3783482E-01
11.170	-1.3986228E-01
11.180	-9.4475415E-02
11.190	-4.0952644E-02
11.200	-2.2176611E-02
11.210	-5.4675692E-02
11.220	-1.1144432E-01
11.230	-1.5496167E-01
11.240	-1.7082431E-01
11.250	-1.7399716E-01
11.260	-1.6985564E-01
11.270	-1.3126543E-01
11.280	-5.2263007E-02
11.290	4.0611389E-02
11.300	1.2054727E-01
11.310	1.6914357E-01
11.320	1.8967191E-01
11.330	2.0267982E-01
11.340	2.1230147E-01
11.350	2.0240162E-01
11.360	1.7130505E-01
11.370	1.2901151E-01
11.380	6.8802330E-02
11.390	-5.8231823E-03
11.400	-4.6406407E-02
11.410	-2.5913003E-02
11.420	2.4473999E-02
11.430	6.3963886E-02
11.440	6.6388423E-02
11.450	2.8108786E-02
11.460	-1.8647897E-02
11.470	-1.6673361E-02
11.480	4.8915859E-02
11.490	1.3716317E-01
11.500	2.0914436E-01
11.510	2.5625765E-01
11.520	2.8393179E-01
11.530	2.8515657E-01
11.540	2.6218219E-01
11.550	2.3518379E-01
11.560	2.3878013E-01
11.570	2.8469927E-01
11.580	3.2781080E-01
11.590	2.9650014E-01
11.600	1.9145643E-01
11.610	7.1644500E-02
11.620	-2.5660113E-02
11.630	-1.0622290E-01
11.640	-1.6628300E-01
11.650	-1.8715489E-01
11.660	-1.7911205E-01
11.670	-1.7696780E-01
11.680	-2.0376282E-01
11.690	-2.4594535E-01
11.700	-2.6455676E-01
11.710	-2.4074292E-01
11.720	-1.9660597E-01
11.730	-1.5923215E-01
11.740	-1.3292646E-01
11.750	-1.0773177E-01
11.760	-8.6501052E-02
11.770	-8.2633561E-02
11.780	-7.7411647E-02
11.790	-2.5799095E-02
11.800	7.3239627E-02
11.810	1.7255745E-01
11.820	2.1096989E-01
11.830	1.8480409E-01
11.840	1.4271479E-01
11.850	1.2478968E-01
11.860	1.4303358E-01
11.870	1.7408922E-01
11.880	1.7156116E-01
11.890	1.2451606E-01
11.900	6.3573101E-02
11.910	2.2552983E-02
11.920	2.9504922E-02
11.930	7.8206675E-02
11.940	1.3454365E-01
11.950	1.5856479E-01
11.960	1.2510201E-01
11.970	5.6275171E-02
11.980	-1.0814937E-02
11.990	-6.4159312E-02
12.000	-1.0770716E-01
12.010	-1.3191854E-01
12.020	-1.3352952E-01
12.030	-1.2560995E-01
12.040	-1.2067033E-01
12.050	-1.2537749E-01
12.060	-1.4746539E-01
12.070	-1.8387290E-01
12.080	-2.2319611E-01
12.090	-2.5360839E-01
12.100	-2.5711384E-01
12.110	-2.3270996E-01
12.120	-1.9956322E-01
12.130	-1.7226670E-01
12.140	-1.5267294E-01
12.150	-1.4901492E-01
12.160	-1.6724138E-01
12.170	-1.9699699E-01
12.180	-2.2386147E-01
12.190	-2.2474411E-01
12.200	-1.7973925E-01
12.210	-1.0533843E-01
12.220	-2.8995225E-02
12.230	4.1090254E-02
12.240	1.0948826E-01
12.250	1.7035044E-01
12.260	2.1553993E-01
12.270	2.4603675E-01
12.280	2.6384887E-01
12.290	2.7430294E-01
12.300	2.8110042E-01
12.310	2.6754866E-01
12.320	2.2811598E-01
12.330	2.0435471E-01
12.340	2.2124653E-01
12.350	2.5852258E-01
12.360	2.8548264E-01
12.370	2.8293198E-01
12.380	2.5620827E-01
12.390	2.2569069E-01
12.400	2.0402227E-01
12.410	2.0256784E-01
12.420	2.2875541E-01
12.430	2.7034923E-01
12.440	3.1051892E-01
12.450	3.3408217E-01
12.460	3.2153508E-01
12.470	2.7836061E-01
12.480	2.2911010E-01
12.490	1.8788269E-01
12.500	1.5111131E-01
12.510	1.1107572E-01
12.520	6.6607350E-02
12.530	2.6720367E-02
12.540	3.2431992E-02
12.550	1.1098608E-01
12.560	2.2874603E-01
12.570	3.2897449E-01
12.580	3.7492325E-01
12.590	3.8325082E-01
12.600	3.8828754E-01
12.610	3.9027243E-01
12.620	3.7523962E-01
12.630	3.4527694E-01
12.640	3.1279439E-01
12.650	2.8168661E-01
12.660	2.4528902E-01
12.670	2.0134825E-01
12.680	1.6016005E-01
12.690	1.4185271E-01
12.700	1.4790785E-01
12.710	1.5696446E-01
12.720	1.4248478E-01
12.730	1.0268342E-01
12.740	5.7059000E-02
12.750	1.9002258E-02
12.760	-1.3834274E-02
12.770	-4.8845104E-02
12.780	-8.5052557E-02
12.790	-9.1710545E-02
12.800	-4.0455768E-02
12.810	3.8152137E-02
12.820	8.4786141E-02
12.830	8.4805224E-02
12.840	5.7418216E-02
12.850	2.2406335E-02
12.860	-1.2733756E-02
12.870	-5.5519563E-02
12.880	-1.1144610E-01
12.890	-1.7396201E-01
12.900	-2.2399522E-01
12.910	-2.3983518E-01
12.920	-2.2855086E-01
12.930	-2.1415513E-01
12.940	-2.0852736E-01
12.950	-2.0680511E-01
12.960	-2.0147379E-01
12.970	-1.9143250E-01
12.980	-1.7178680E-01
12.990	-1.3193528E-01
13.000	-7.5973865E-02
13.010	-1.7625724E-02
13.020	2.9076609E-02
13.030	4.1139717E-02
13.040	1.8811268E-02
13.050	4.2386844E-03
13.060	3.2886870E-02
13.070	9.0608510E-02
13.080	1.4398743E-01
13.090	1.6914223E-01
13.100	1.6385267E-01
13.110	1.4787512E-01
13.120	1.3724879E-01
13.130	1.2358587E-01
13.140	8.7063292E-02
13.150	2.9477353E-02
13.160	-2.8439512E-02
13.170	-5.2820945E-02
13.180	-2.9369940E-02
13.190	1.2972850E-02
13.200	3.2920079E-02
13.210	2.3415686E-02
13.220	1.4101943E-02
13.230	3.7407962E-02
13.240	8.9517322E-02
13.250	1.4416975E-01
13.260	1.7541444E-01
13.270	1.6077060E-01
13.280	1.1113737E-01
13.290	5.7070199E-02
13.300	1.6512447E-02
13.310	-5.5115254E-03
13.320	-1.5679858E-02
13.330	-2.5037093E-02
13.340	-3.7823838E-02
13.350	-5.0930010E-02
13.360	-5.3894323E-02
13.370	-3.5939347E-02
13.380	-3.2305932E-03
13.390	3.0184502E-02
13.400	5.8449010E-02
13.410	8.1830331E-02
13.420	8.6646412E-02
13.430	6.3117387E-02
13.440	2.4457930E-02
13.450	-9.7452500E-03
13.460	-2.2780029E-02
13.470	-1.3917464E-02
13.480	-5.0811281E-03
13.490	-1.6199737E-02
13.500	-4.2135142E-02
13.510	-6.7078515E-02
13.520	-8.4383924E-02
13.530	-9.7156892E-02
13.540	-1.1006573E-01
13.550	-1.1532100E-01
13.560	-9.4137525E-02
13.570	-4.8719848E-02
13.580	1.7169775E-03
13.590	4.5441899E-02
13.600	8.2429883E-02
13.610	9.9855962E-02
13.620	8.5044321E-02
13.630	5.0922929E-02
13.640	1.7774348E-02
13.650	-8.0683219E-03
13.660	-2.7971997E-02
13.670	-3.6870109E-02
13.680	-3.4540332E-02
13.690	-3.2348967E-02
13.700	-4.5289692E-02
13.710	-7.1391476E-02
13.720	-8.5582374E-02
13.730	-6.8445307E-02
13.740	-3.3317828E-02
13.750	-1.4977120E-02
13.760	-3.2365237E-02
13.770	-6.8558495E-02
13.780	-9.7663795E-02
13.790	-1.0197555E-01
13.800	-8.3294611E-02
13.810	-5.8999935E-02
13.820	-4.1920182E-02
13.830	-4.3198342E-02
13.840	-6.9050282E-02
13.850	-1.0810124E-01
13.860	-1.4205983E-01
13.870	-1.4636910E-01
13.880	-1.1418020E-01
13.890	-6.7207822E-02
13.900	-2.6197027E-02
13.910	4.3688004E-03
13.920	1.6298413E-02
13.930	5.0528847E-03
13.940	-1.0902432E-02
13.950	-9.9268329E-03
13.960	1.7511816E-03
13.970	-2.9516121E-03
13.980	-3.2101534E-02
13.990	-6.9548530E-02
14.000	-1.0062518E-01
14.010	-1.2141737E-01
14.020	-1.2422713E-01
14.030	-1.0877741E-01
14.040	-8.6823056E-02
14.050	-6.7831143E-02
14.060	-5.1873327E-02
14.070	-3.4975324E-02
14.080	-1.6168786E-02
14.090	1.2216925E-04
14.100	1.0702825E-02
14.110	1.8031004E-02
14.120	2.5912350E-02
14.130	3.5335024E-02
14.140	4.5303736E-02
14.150	5.6877669E-02
14.160	7.1788203E-02
14.170	8.8984358E-02
14.180	1.0592292E-01
14.190	1.1343253E-01
14.200	9.6757655E-02
14.210	5.9799315E-02
14.220	1.9471599E-02
14.230	-1.4583588E-02
14.240	-3.0173304E-02
14.250	1.5405344E-03
14.260	7.7618958E-02
14.270	1.6409055E-01
14.280	2.2025375E-01
14.290	2.1461243E-01
14.300	1.6568342E-01
14.310	1.1472421E-01
14.320	8.2036269E-02
14.330	6.7005366E-02
14.340	5.8505821E-02
14.350	4.7507604E-02
14.360	3.3736165E-02
14.370	2.1305790E-02
14.380	1.2781194E-02
14.390	6.8001962E-03
14.400	5.9040828E-04
14.410	-6.8292030E-03
14.420	-1.5008103E-02
14.430	-3.2877914E-02
14.440	-7.8539560E-02
14.450	-1.4860586E-01
14.460	-2.2330374E-01
14.470	-2.8951352E-01
14.480	-3.2223710E-01
14.490	-2.8677907E-01
14.500	-1.9994921E-01
14.510	-1.0947922E-01
14.520	-6.5406908E-02
14.530	-9.2538330E-02
14.540	-1.5781538E-01
14.550	-2.1543146E-01
14.560	-2.3049775E-01
14.570	-1.8839038E-01
14.580	-1.1811132E-01
14.590	-6.3715264E-02
14.600	-3.9828196E-02
14.610	-2.5760713E-02
14.620	5.1127126E-03
14.630	5.7933939E-02
14.640	1.1709371E-01
14.650	1.6977496E-01
14.660	2.0770565E-01
14.670	2.0385104E-01
14.680	1.5306997E-01
14.690	8.5121588E-02
14.700	2.5513966E-02
14.710	-2.4827657E-02
14.720	-6.4263294E-02
14.730	-6.8738488E-02
14.740	-3.8495433E-02
14.750	-2.1488695E-02
14.760	-5.8353297E-02
14.770	-1.3069887E-01
14.780	-1.9219612E-01
14.790	-2.1615592E-01
14.800	-2.1754106E-01
14.810	-2.2304663E-01
14.820	-2.3991284E-01
14.830	-2.5611202E-01
14.840	-2.5980946E-01
14.850	-2.5390952E-01
14.860	-2.4814350E-01
14.870	-2.4666947E-01
14.880	-2.4607022E-01
14.890	-2.3566754E-01
14.900	-2.0835947E-01
14.910	-1.7147713E-01
14.920	-1.3580353E-01
14.930	-1.0246339E-01
14.940	-6.1573129E-02
14.950	-8.8829088E-03
14.960	4.8819410E-02
14.970	9.9147508E-02
14.980	1.1862667E-01
14.990	1.0163776E-01
15.000	7.1155090E-02
15.010	5.6233157E-02
15.020	7.0662667E-02
15.030	1.0097654E-01
15.040	1.2814886E-01
15.050	1.4763870E-01
15.060	1.6167097E-01
15.070	1.6685311E-01
15.080	1.6350896E-01
15.090	1.5742874E-01
15.100	1.5612926E-01
15.110	1.6878988E-01
15.120	1.9440029E-01
15.130	2.2292527E-01
15.140	2.4167210E-01
15.150	2.3727497E-01
15.160	2.1397970E-01
15.170	1.8771028E-01
15.180	1.6738800E-01
15.190	1.5788228E-01
15.200	1.6483004E-01
15.210	1.6700742E-01
15.220	1.2344284E-01
15.230	3.5750064E-02
15.240	-5.9649402E-02
15.250	-1.3470111E-01
15.260	-1.8745937E-01
15.270	-2.1514690E-01
15.280	-2.1275559E-01
15.290	-1.9627002E-01
15.300	-1.9385979E-01
15.310	-2.1312904E-01
15.320	-2.3902318E-01
15.330	-2.5404712E-01
15.340	-2.4246853E-01
15.350	-2.0722207E-01
15.360	-1.6664642E-01
15.370	-1.3136338E-01
15.380	-9.1946679E-02
15.390	-3.5624790E-02
15.400	3.3347271E-02
15.410	1.0207058E-01
15.420	1.6121947E-01
15.430	2.0011526E-01
15.440	2.1826786E-01
15.450	2.2829794E-01
15.460	2.3322886E-01
15.470	2.2572869E-01
15.480	2.0709988E-01
15.490	1.8613851E-01
15.500	1.7293374E-01
15.510	1.7730626E-01
15.520	1.9165830E-01
15.530	1.8593396E-01
15.540	1.4704908E-01
15.550	9.3714384E-02
15.560	4.6496663E-02
15.570	7.6024417E-03
15.580	-3.0379309E-02
15.590	-5.6278351E-02
15.600	-4.8629608E-02
15.610	-1.6708551E-02
15.620	3.4214493E-03
15.630	-6.5212486E-03
15.640	-3.0085191E-02
15.650	-3.6668139E-02
15.660	-1.0992837E-02
15.670	2.7460073E-02
15.680	4.0242901E-02
15.690	1.6431776E-02
15.700	-2.0215020E-02
15.710	-4.7972509E-02
15.720	-6.5876482E-02
15.730	-7.5747088E-02
15.740	-7.4189405E-02
15.750	-7.0718123E-02
15.760	-9.6117444E-02
15.770	-1.5917171E-01
15.780	-2.3605890E-01
15.790	-3.0430329E-01
15.800	-3.4878222E-01
15.810	-3.5763656E-01
15.820	-3.4330962E-01
15.830	-3.2795392E-01
15.840	-3.1991894E-01
15.850	-3.1375152E-01
15.860	-3.0363541E-01
15.870	-2.9009972E-01
15.880	-2.7580191E-01
15.890	-2.6139061E-01
15.900	-2.4651146E-01
15.910	-2.3108981E-01
15.920	-2.1543414E-01
15.930	-1.9983472E-01
15.940	-1.8598451E-01
15.950	-1.8917393E-01
15.960	-2.2376958E-01
15.970	-2.7807169E-01
15.980	-3.3157654E-01
15.990	-3.7168128E-01
16.000	-3.8786388E-01
16.010	-3.8428947E-01
16.020	-3.7684738E-01
16.030	-3.7907348E-01
16.040	-3.9431653E-01
16.050	-4.1468317E-01
16.060	-4.3049635E-01
16.070	-4.2237985E-01
16.080	-3.7591051E-01
16.090	-3.0713048E-01
16.100	-2.4009848E-01
16.110	-1.8175829E-01
16.120	-1.3012243E-01
16.130	-1.0240785E-01
16.140	-1.0881008E-01
16.150	-1.3207390E-01
16.160	-1.5176138E-01
16.170	-1.6065967E-01
16.180	-1.5814538E-01
16.190	-1.5123702E-01
16.200	-1.5475095E-01
16.210	-1.7378340E-01
16.220	-1.9880478E-01
16.230	-2.2042164E-01
16.240	-2.3200458E-01
16.250	-2.1512330E-01
16.260	-1.6660198E-01
16.270	-1.0635267E-01
16.280	-5.1216595E-02
16.290	-1.8175561E-03
16.300	4.3133044E-02
16.310	7.0518295E-02
16.320	7.6394680E-02
16.330	7.3790971E-02
16.340	7.4741770E-02
16.350	8.0008443E-02
16.360	8.3414411E-02
16.370	7.3413175E-02
16.380	4.4954313E-02
16.390	7.7848816E-03
16.400	-2.7069372E-02
16.410	-5.7823781E-02
16.420	-8.8574909E-02
16.430	-1.2095280E-01
16.440	-1.4175910E-01
16.450	-1.3459878E-01
16.460	-1.0733007E-01
16.470	-7.9147515E-02
16.480	-5.8109061E-02
16.490	-3.9580227E-02
16.500	-1.7896910E-02
16.510	6.8703638E-03
16.520	3.1424833E-02
16.530	5.4101232E-02
16.540	7.5860158E-02
16.550	9.8096560E-02
16.560	1.2075103E-01
16.570	1.4242538E-01
16.580	1.6263753E-01
16.590	1.8227050E-01
16.600	2.0124078E-01
16.610	2.1690599E-01
16.620	2.2865983E-01
16.630	2.3900426E-01
16.640	2.4873990E-01
16.650	2.5014278E-01
16.660	2.3803324E-01
16.670	2.1879061E-01
16.680	2.0122622E-01
16.690	1.9683847E-01
16.700	2.2046634E-01
16.710	2.6624470E-01
16.720	3.1520077E-01
16.730	3.5418886E-01
16.740	3.6105027E-01
16.750	3.2291034E-01
16.760	2.6139915E-01
16.770	2.0568879E-01
16.780	1.8210545E-01
16.790	2.0080574E-01
16.800	2.3917382E-01
16.810	2.5806812E-01
16.820	2.3207070E-01
16.830	1.7808579E-01
16.840	1.2759172E-01
16.850	1.0521892E-01
16.860	1.1957864E-01
16.870	1.5178138E-01
16.880	1.8007101E-01
16.890	1.9527105E-01
16.900	1.9025743E-01
16.910	1.6865161E-01
16.920	1.4314915E-01
16.930	1.2144288E-01
16.940	1.0507932E-01
16.950	9.3968998E-02
16.960	8.5462758E-02
16.970	7.7666312E-02
16.980	7.7891918E-02
16.990	9.4334256E-02
17.000	1.2147182E-01
17.010	1.4708729E-01
17.020	1.5653881E-01
17.030	1.4492689E-01
17.040	1.2409031E-01
17.050	1.0630703E-01
17.060	9.2566920E-02
17.070	7.5476220E-02
17.080	5.1027430E-02
17.090	2.2971923E-02
17.100	-3.7848862E-03
17.110	-2.8062805E-02
17.120	-4.3611356E-02
17.130	-3.6647232E-02
17.140	-1.0000432E-02
17.150	2.0409425E-02
17.160	3.8881515E-02
17.170	2.9546920E-02
17.180	-3.7959054E-03
17.190	-3.1493881E-02
17.200	-1.2358820E-02
17.210	5.3486967E-02
17.220	1.3007552E-01
17.230	1.9362210E-01
17.240	2.4842387E-01
17.250	3.0311634E-01
17.260	3.3676524E-01
17.270	3.3060468E-01
17.280	3.0104273E-01
17.290	2.7376245E-01
17.300	2.5612625E-01
17.310	2.4023038E-01
17.320	2.1940476E-01
17.330	1.9535424E-01
17.340	1.7763735E-01
17.350	1.7400302E-01
17.360	1.7654883E-01
17.370	1.6336522E-01
17.380	1.2653828E-01
17.390	8.0201961E-02
17.400	3.9995902E-02
17.410	1.4677133E-02
17.420	2.2996295E-03
17.430	-7.0521525E-03
17.440	-1.9567261E-02
17.450	-3.4060228E-02
17.460	-4.7270616E-02
17.470	-5.8588595E-02
17.480	-6.9616825E-02
17.490	-8.1518068E-02
17.500	-9.4032840E-02
17.510	-1.0554151E-01
17.520	-1.0763495E-01
17.530	-9.2920829E-02
17.540	-6.7877007E-02
17.550	-4.3339601E-02
17.560	-2.2784883E-02
17.570	-3.0944546E-03
17.580	1.5867304E-02
17.590	2.1563400E-02
17.600	7.5819768E-03
17.610	-1.5714639E-02
17.620	-3.6448207E-02
17.630	-5.2707255E-02
17.640	-6.8896687E-02
17.650	-8.5222021E-02
17.660	-8.6297256E-02
17.670	-6.2286454E-02
17.680	-2.5192480E-02
17.690	2.2178335E-03
17.700	-9.3305220E-03
17.710	-5.9071176E-02
17.720	-1.0949954E-01
17.730	-1.3374802E-01
17.740	-1.4143318E-01
17.750	-1.5186603E-01
17.760	-1.6584647E-01
17.770	-1.7462135E-01
17.780	-1.7635449E-01
17.790	-1.7605503E-01
17.800	-1.7770079E-01
17.810	-1.7792074E-01
17.820	-1.6752794E-01
17.830	-1.4616018E-01
17.840	-1.2197680E-01
17.850	-1.0294277E-01
17.860	-1.0504370E-01
17.870	-1.3751127E-01
17.880	-1.8570865E-01
17.890	-2.3126640E-01
17.900	-2.6638983E-01
17.910	-2.7555635E-01
17.920	-2.5120369E-01
17.930	-2.1077924E-01
17.940	-1.7527935E-01
17.950	-1.5937668E-01
17.960	-1.6445393E-01
17.970	-1.7701751E-01
17.980	-1.8580406E-01
17.990	-1.8883145E-01
18.000	-1.8406841E-01
18.010	-1.7184137E-01
18.020	-1.5693522E-01
18.030	-1.4593891E-01
18.040	-1.4546488E-01
18.050	-1.5362687E-01
18.060	-1.6096305E-01
18.070	-1.4390703E-01
18.080	-8.5475078E-02
18.090	-8.4945227E-03
18.100	4.8109734E-02
18.110	7.7334984E-02
18.120	9.5571055E-02
18.130	1.1106559E-01
18.140	1.2368811E-01
18.150	1.3057217E-01
18.160	1.2452659E-01
18.170	1.0541980E-01
18.180	8.1181819E-02
18.190	5.1388988E-02
18.200	1.0495861E-02
18.210	-3.8633211E-02
18.220	-8.4183510E-02
18.230	-1.0324715E-01
18.240	-8.9923540E-02
18.250	-6.4197761E-02
18.260	-4.4728322E-02
18.270	-3.8773164E-02
18.280	-4.7935750E-02
18.290	-6.1739931E-02
18.300	-5.7038981E-02
18.310	-2.6192608E-02
18.320	1.4801339E-02
18.330	5.0440951E-02
18.340	7.9970479E-02
18.350	1.1022987E-01
18.360	1.4446020E-01
18.370	1.8041349E-01
18.380	2.1156128E-01
18.390	2.1708275E-01
18.400	1.8715857E-01
18.410	1.4056164E-01
18.420	1.0194505E-01
18.430	1.0097534E-01
18.440	1.4898594E-01
18.450	2.1959324E-01
18.460	2.8371168E-01
18.470	3.2479714E-01
18.480	3.3081241E-01
18.490	3.1278117E-01
18.500	2.9263766E-01
18.510	2.7955291E-01
18.520	2.6796127E-01
18.530	2.4897692E-01
18.540	2.2181616E-01
18.550	1.9277662E-01
18.560	1.6633457E-01
18.570	1.4178773E-01
18.580	1.1881207E-01
18.590	1.1266909E-01
18.600	1.3599321E-01
18.610	1.7648706E-01
18.620	2.1535179E-01
18.630	2.4684573E-01
18.640	2.6691225E-01
18.650	2.6225902E-01
18.660	2.3576262E-01
18.670	2.0430918E-01
18.680	1.7818605E-01
18.690	1.5538441E-01
18.700	1.3515920E-01
18.710	1.3320486E-01
18.720	1.5583024E-01
18.730	1.8894962E-01
18.740	2.1580223E-01
18.750	2.2090171E-01
18.760	2.0227591E-01
18.770	1.7513724E-01
18.780	1.5380171E-01
18.790	1.4498953E-01
18.800	1.4559861E-01
18.810	1.4739196E-01
18.820	1.4639007E-01
18.830	1.4501958E-01
18.840	1.4788200E-01
18.850	1.5524598E-01
18.860	1.6358397E-01
18.870	1.6940503E-01
18.880	1.7063784E-01
18.890	1.6878385E-01
18.900	1.6683192E-01
18.910	1.6592268E-01
18.920	1.6366789E-01
18.930	1.5464308E-01
18.940	1.3853064E-01
18.950	1.1992236E-01
18.960	9.4041260E-02
18.970	4.8029086E-02
18.980	-1.5173506E-02
18.990	-7.8705777E-02
19.000	-1.1971706E-01
19.010	-1.3236542E-01
19.020	-1.3422974E-01
19.030	-1.4161913E-01
19.040	-1.5873496E-01
19.050	-1.8655631E-01
19.060	-2.2136253E-01
19.070	-2.5649785E-01
19.080	-2.7823540E-01
19.090	-2.7125698E-01
19.100	-2.4482251E-01
19.110	-2.2961411E-01
19.120	-2.4238802E-01
19.130	-2.6944617E-01
19.140	-2.9003192E-01
19.150	-2.8710480E-01
19.160	-2.5820655E-01
19.170	-2.1952578E-01
19.180	-1.8567517E-01
19.190	-1.6689668E-01
19.200	-1.7500249E-01
19.210	-2.0355576E-01
19.220	-2.3455257E-01
19.230	-2.5175507E-01
19.240	-2.4723357E-01
19.250	-2.3038225E-01
19.260	-2.1475906E-01
19.270	-2.0598992E-01
19.280	-2.0841170E-01
19.290	-2.2188361E-01
19.300	-2.3940700E-01
19.310	-2.5426154E-01
19.320	-2.5851956E-01
19.330	-2.4881121E-01
19.340	-2.3242289E-01
19.350	-2.1753487E-01
19.360	-2.0540775E-01
19.370	-1.9114208E-01
19.380	-1.7007743E-01
19.390	-1.4417328E-01
19.400	-1.1828729E-01
19.410	-9.4372086E-02
19.420	-7.1131488E-02
19.430	-4.7187625E-02
19.440	-2.7561510E-02
19.450	-2.4491842E-02
19.460	-3.7660132E-02
19.470	-5.4884442E-02
19.480	-6.7969372E-02
19.490	-7.8123366E-02
19.500	-8.9292269E-02
19.510	-1.0180589E-01
19.520	-1.1378013E-01
19.530	-1.2444971E-01
19.540	-1.3291586E-01
19.550	-1.2782548E-01
19.560	-1.0039162E-01
19.570	-6.0302049E-02
19.580	-2.1615207E-02
19.590	1.1642818E-02
19.600	3.7597278E-02
19.610	4.8180355E-02
19.620	4.5024449E-02
19.630	3.8584919E-02
19.640	3.5373038E-02
19.650	3.4232304E-02
19.660	3.1861867E-02
19.670	2.7593264E-02
19.680	2.3018206E-02
19.690	2.1724964E-02
19.700	3.0284416E-02
19.710	4.8526213E-02
19.720	6.9399153E-02
19.730	8.7981752E-02
19.740	1.0484012E-01
19.750	1.2241850E-01
19.760	1.4150965E-01
19.770	1.6167525E-01
19.780	1.8232858E-01
19.790	2.0302113E-01
19.800	2.2340551E-01
19.810	2.4136326E-01
19.820	2.5487284E-01
19.830	2.6558134E-01
19.840	2.7636885E-01
19.850	2.8823216E-01
19.860	3.0108374E-01
19.870	3.1546357E-01
19.880	3.3119389E-01
19.890	3.4649988E-01
19.900	3.4961012E-01
19.910	3.2727851E-01
19.920	2.8744042E-01
19.930	2.4973670E-01
19.940	2.3574220E-01
19.950	2.4927052E-01
19.960	2.7247925E-01
19.970	2.8791413E-01
19.980	2.8297533E-01
19.990	2.5768312E-01
20.000	2.2578811E-01
20.010	1.9805789E-01
20.020	1.7713988E-01
20.030	1.6190462E-01
20.040	1.4864441E-01
20.050	1.3467575E-01
20.060	1.2005260E-01
20.070	1.0630148E-01
20.080	9.7641381E-02
20.090	9.7194220E-02
20.100	1.0148924E-01
20.110	1.0534350E-01
20.120	1.0538445E-01
20.130	9.4813690E-02
20.140	7.1775364E-02
20.150	4.3661573E-02
20.160	1.7415082E-02
20.170	-6.2938348E-03
20.180	-2.3884792E-02
20.190	-1.8854455E-02
20.200	1.1208520E-02
20.210	4.9681694E-02
20.220	8.3112225E-02
20.230	1.1170774E-01
20.240	1.3749353E-01
20.250	1.4504228E-01
20.260	1.2534313E-01
20.270	9.2174846E-02
20.280	6.2022516E-02
20.290	3.7957280E-02
20.300	1.4133985E-02
20.310	-1.2919380E-02
20.320	-3.3843327E-02
20.330	-3.1320349E-02
20.340	-7.7874041E-03
20.350	1.9578476E-02
20.360	4.0730653E-02
20.370	5.5455420E-02
20.380	5.9075310E-02
20.390	5.0257293E-02
20.400	3.6257769E-02
20.410	2.3814455E-02
20.420	1.3551083E-02
20.430	2.9219391E-03
20.440	-9.2726408E-03
20.450	-2.2121825E-02
20.460	-3.4482097E-02
20.470	-4.6247455E-02
20.480	-5.7963885E-02
20.490	-6.9965628E-02
20.500	-8.2137070E-02
20.510	-9.4158080E-02
20.520	-1.0448224E-01
20.530	-1.1101174E-01
20.540	-1.1466012E-01
20.550	-1.1801477E-01
20.560	-1.2229087E-01
20.570	-1.2694350E-01
20.580	-1.2989420E-01
20.590	-1.2370358E-01
20.600	-1.0474936E-01
20.610	-7.9742731E-02
20.620	-5.7574071E-02
20.630	-4.5102067E-02
20.640	-4.1655106E-02
20.650	-4.0386838E-02
20.660	-3.6836950E-02
20.670	-3.1774407E-02
20.680	-2.7583020E-02
20.690	-2.6366893E-02
20.700	-3.0624198E-02
20.710	-3.9264131E-02
20.720	-4.8662969E-02
20.730	-5.6871224E-02
20.740	-6.4477015E-02
20.750	-7.2509077E-02
20.760	-8.0996336E-02
20.770	-8.9424723E-02
20.780	-9.7548179E-02
20.790	-1.0552770E-01
20.800	-1.1358182E-01
20.810	-1.2169045E-01
20.820	-1.2679603E-01
20.830	-1.2051495E-01
20.840	-1.0218331E-01
20.850	-8.0173371E-02
20.860	-6.0836520E-02
20.870	-4.4266313E-02
20.880	-3.5766367E-02
20.890	-4.6561074E-02
20.900	-7.3177175E-02
20.910	-1.0229196E-01
20.920	-1.2562290E-01
20.930	-1.3412035E-01
20.940	-1.2126120E-01
20.950	-9.6159141E-02
20.960	-7.1811085E-02
20.970	-5.1921334E-02
20.980	-3.3189993E-02
20.990	-1.4004843E-02
21.000	4.7110944E-03
21.010	2.2051940E-02
21.020	2.8217254E-02
21.030	5.5151476E-04
21.040	-5.9208082E-02
21.050	-1.2676047E-01
21.060	-1.8617583E-01
21.070	-2.3394997E-01
21.080	-2.4372327E-01
21.090	-1.9862015E-01
21.100	-1.2528612E-01
21.110	-6.5985084E-02
21.120	-6.1243843E-02
21.130	-1.0730103E-01
21.140	-1.5644037E-01
21.150	-1.6503721E-01
21.160	-1.3930116E-01
21.170	-1.1221960E-01
21.180	-9.9467621E-02
21.190	-9.2757023E-02
21.200	-8.0620063E-02
21.210	-6.2234631E-02
21.220	-4.5849154E-02
21.230	-4.3655631E-02
21.240	-5.6334041E-02
21.250	-7.3089965E-02
21.260	-8.5855552E-02
21.270	-8.9885326E-02
21.280	-7.8879710E-02
21.290	-5.6275037E-02
21.300	-3.1843806E-02
21.310	-1.1999052E-02
21.320	-3.5727634E-04
21.330	4.7201183E-03
21.340	8.5123764E-03
21.350	1.3928959E-02
21.360	1.9895493E-02
21.370	2.1090629E-02
21.380	1.2884961E-02
21.390	-1.5061487E-03
21.400	-2.0478105E-02
21.410	-5.0407574E-02
21.420	-9.1064191E-02
21.430	-1.2807154E-01
21.440	-1.4065218E-01
21.450	-1.3021438E-01
21.460	-1.1532700E-01
21.470	-1.0729361E-01
21.480	-1.0335746E-01
21.490	-9.7100901E-02
21.500	-8.7625483E-02
21.510	-7.8731555E-02
21.520	-7.2578527E-02
21.530	-6.7854477E-02
21.540	-6.2597094E-02
21.550	-5.6420531E-02
21.560	-5.0103613E-02
21.570	-4.4204012E-02
21.580	-3.8181697E-02
21.590	-3.0530109E-02
21.600	-2.1040663E-02
21.610	-1.0989864E-02
21.620	-1.3523953E-03
21.630	1.1280353E-02
21.640	3.9588044E-02
21.650	8.6503696E-02
21.660	1.4019717E-01
21.670	1.9019382E-01
21.680	2.2972241E-01
21.690	2.4497483E-01
21.700	2.3640003E-01
21.710	2.2287957E-01
21.720	2.2426471E-01
21.730	2.4136628E-01
21.740	2.6088995E-01
21.750	2.6951011E-01
21.760	2.5997049E-01
21.770	2.3931761E-01
21.780	2.1920892E-01
21.790	2.0609036E-01
21.800	2.0274075E-01
21.810	2.0535686E-01
21.820	2.0068539E-01
21.830	1.7302463E-01
21.840	1.2673823E-01
21.850	7.8297366E-02
21.860	3.8092228E-02
21.870	1.8446613E-02
21.880	2.5505546E-02
21.890	4.4068226E-02
21.900	4.8044419E-02
21.910	2.8634720E-02
21.920	2.9024099E-04
21.930	-2.1495374E-02
21.940	-2.5414654E-02
21.950	-7.9623333E-03
21.960	1.9331411E-02
21.970	3.6814871E-02
21.980	2.5527842E-02
21.990	-9.0584071E-03
22.000	-4.6576055E-02
22.010	-7.6547806E-02
22.020	-9.6277518E-02
22.030	-9.3341895E-02
22.040	-6.6944939E-02
22.050	-3.9837871E-02
22.060	-4.0725180E-02
22.070	-6.8399677E-02
22.080	-1.0031032E-01
22.090	-1.1865881E-01
22.100	-1.1068917E-01
22.110	-8.0634107E-02
22.120	-4.7460602E-02
22.130	-3.3129750E-02
22.140	-4.3819788E-02
22.150	-6.4313895E-02
22.160	-7.7025600E-02
22.170	-7.2794274E-02
22.180	-5.7209801E-02
22.190	-4.0680788E-02
22.200	-2.6305830E-02
22.210	-1.1584694E-02
22.220	5.5056484E-03
22.230	2.4328070E-02
22.240	4.3139907E-02
22.250	5.9914729E-02
22.260	6.5780485E-02
22.270	5.4555741E-02
22.280	3.3970475E-02
22.290	1.4622099E-02
22.300	-1.3783571E-03
22.310	-1.8952477E-02
22.320	-4.0760315E-02
22.330	-6.0783474E-02
22.340	-6.5413084E-02
22.350	-5.3308263E-02
22.360	-3.9189676E-02
22.370	-4.4489375E-02
22.380	-7.3216728E-02
22.390	-1.0937949E-01
22.400	-1.3131580E-01
22.410	-1.1551774E-01
22.420	-7.2187976E-02
22.430	-4.9206144E-02
22.440	-6.7393506E-02
22.450	-1.0267518E-01
22.460	-1.2846248E-01
22.470	-1.4241446E-01
22.480	-1.4910891E-01
22.490	-1.4141112E-01
22.500	-1.1884265E-01
22.510	-9.2991434E-02
22.520	-8.1713913E-02
22.530	-9.0512580E-02
22.540	-1.0721864E-01
22.550	-1.2004117E-01
22.560	-1.2712131E-01
22.570	-1.2242451E-01
22.580	-1.0097211E-01
22.590	-9.1955434E-02
22.600	-1.2149480E-01
22.610	-1.5554099E-01
22.620	-1.5000969E-01
22.630	-1.1152209E-01
22.640	-7.2548866E-02
22.650	-4.7827249E-02
22.660	-2.8945929E-02
22.670	-8.4612342E-03
22.680	1.0764084E-03
22.690	-8.9757525E-03
22.700	-2.9243612E-02
22.710	-4.7389211E-02
22.720	-5.9941762E-02
22.730	-6.7471877E-02
22.740	-7.1589513E-02
22.750	-7.4742389E-02
22.760	-7.8266567E-02
22.770	-8.1956977E-02
22.780	-8.5570774E-02
22.790	-9.3286857E-02
22.800	-1.1046686E-01
22.810	-1.3445085E-01
22.820	-1.5878888E-01
22.830	-1.8075680E-01
22.840	-2.0164770E-01
22.850	-2.1730755E-01
22.860	-2.1658628E-01
22.870	-2.0081763E-01
22.880	-1.8187010E-01
22.890	-1.6744960E-01
22.900	-1.5627904E-01
22.910	-1.4438554E-01
22.920	-1.3586354E-01
22.930	-1.4028989E-01
22.940	-1.5618128E-01
22.950	-1.7407064E-01
22.960	-1.8852496E-01
22.970	-1.9752828E-01
22.980	-1.9136470E-01
22.990	-1.6764963E-01
23.000	-1.3716185E-01
23.010	-1.0956032E-01
23.020	-8.5426084E-02
23.030	-6.4095788E-02
23.040	-5.1365989E-02
23.050	-4.8168169E-02
23.060	-4.8278595E-02
23.070	-4.6610436E-02
23.080	-4.3171259E-02
23.090	-4.0247085E-02
23.100	-4.1616975E-02
23.110	-5.3117959E-02
23.120	-7.3288103E-02
23.130	-8.9976870E-02
23.140	-8.7352338E-02
23.150	-6.7157421E-02
23.160	-4.3919317E-02
23.170	-2.6095322E-02
23.180	-1.1495401E-02
23.190	7.1644132E-05
23.200	6.7793497E-04
23.210	-1.0127326E-02
23.220	-2.4291847E-02
23.230	-3.5924918E-02
23.240	-4.5475912E-02
23.250	-5.3304848E-02
23.260	-4.9589363E-02
23.270	-2.9137689E-02
23.280	-1.2404694E-03
23.290	1.8864448E-02
23.300	2.4622004E-02
23.310	2.3656658E-02
23.320	2.5137275E-02
23.330	3.0374237E-02
23.340	3.5661616E-02
23.350	3.8761598E-02
23.360	4.0656048E-02
23.370	4.3043040E-02
23.380	4.6074292E-02
23.390	4.8871468E-02
23.400	5.1060070E-02
23.410	5.2992234E-02
23.420	5.5072921E-02
23.430	5.7341719E-02
23.440	5.8715392E-02
23.450	5.2423632E-02
23.460	3.4190875E-02
23.470	1.8579871E-02
23.480	2.6636506E-02
23.490	5.5286073E-02
23.500	8.6225932E-02
23.510	1.0491245E-01
23.520	1.0105748E-01
23.530	7.9647822E-02
23.540	5.5415364E-02
23.550	3.7373044E-02
23.560	3.5763890E-02
23.570	5.8168936E-02
23.580	9.4443025E-02
23.590	1.2885902E-01
23.600	1.4939812E-01
23.610	1.5471740E-01
23.620	1.5481804E-01
23.630	1.5793561E-01
23.640	1.6395485E-01
23.650	1.6904581E-01
23.660	1.7101982E-01
23.670	1.7061290E-01
23.680	1.6997381E-01
23.690	1.7017434E-01
23.700	1.7076556E-01
23.710	1.7148232E-01
23.720	1.7559354E-01
23.730	1.8589228E-01
23.740	1.9984493E-01
23.750	2.1147072E-01
23.760	2.1081640E-01
23.770	1.9576836E-01
23.780	1.7541477E-01
23.790	1.5775703E-01
23.800	1.4328520E-01
23.810	1.2914492E-01
23.820	1.1381210E-01
23.830	9.7885785E-02
23.840	8.2383784E-02
23.850	6.7425544E-02
23.860	5.2515930E-02
23.870	3.7344387E-02
23.880	2.4068501E-02
23.890	2.4613015E-02
23.900	4.5428993E-02
23.910	7.6066615E-02
23.920	9.8828449E-02
23.930	9.9112089E-02
23.940	8.2125671E-02
23.950	6.3658285E-02
23.960	5.1078634E-02
23.970	4.0862103E-02
23.980	2.8489745E-02
23.990	1.7453883E-02
24.000	1.3874484E-02
24.010	1.6431530E-02
24.020	1.9586059E-02
24.030	2.0596532E-02
24.040	2.0618778E-02
24.050	2.1434344E-02
24.060	2.3216913E-02
24.070	2.5078840E-02
24.080	2.6585385E-02
24.090	2.8976946E-02
24.100	3.3623495E-02
24.110	3.9818370E-02
24.120	4.6011722E-02
24.130	5.1610644E-02
24.140	5.6535125E-02
24.150	5.4417696E-02
24.160	3.7084082E-02
24.170	9.0372509E-03
24.180	-1.4771930E-02
24.190	-1.6918876E-02
24.200	1.2119483E-03
24.210	2.3476197E-02
24.220	3.9905713E-02
24.230	5.2778529E-02
24.240	6.7667169E-02
24.250	8.4630738E-02
24.260	9.6369196E-02
24.270	9.9135741E-02
24.280	9.7619520E-02
24.290	9.7443311E-02
24.300	9.9519311E-02
24.310	1.0169752E-01
24.320	1.0261666E-01
24.330	1.0230673E-01
24.340	9.9934769E-02
24.350	9.5316022E-02
24.360	8.9800677E-02
24.370	8.4595386E-02
24.380	7.9784126E-02
24.390	7.4894043E-02
24.400	6.9801789E-02
24.410	6.8061218E-02
24.420	7.7578634E-02
24.430	9.7868494E-02
24.440	1.2075672E-01
24.450	1.4086508E-01
24.460	1.5635244E-01
24.470	1.5805834E-01
24.480	1.4213817E-01
24.490	1.1831280E-01
24.500	9.6727274E-02
24.510	7.8735706E-02
24.520	6.1241081E-02
24.530	4.4687061E-02
24.540	3.0820109E-02
24.550	1.8976531E-02
24.560	7.3267849E-03
24.570	-4.9565711E-03
24.580	-1.6741528E-02
24.590	-2.3190181E-02
24.600	-2.1924340E-02
24.610	-1.6990903E-02
24.620	-1.3039670E-02
24.630	-1.0833930E-02
24.640	-8.6505638E-03
24.650	-5.4274211E-03
24.660	-1.6314623E-03
24.670	1.8875227E-03
24.680	4.8603814E-03
24.690	7.6083003E-03
24.700	1.0485831E-02
24.710	1.3525813E-02
24.720	1.6568787E-02
24.730	1.9522752E-02
24.740	2.2428262E-02
24.750	2.5354863E-02
24.760	2.8317436E-02
24.770	3.1287056E-02
24.780	3.4035689E-02
24.790	3.4641970E-02
24.800	3.1314541E-02
24.810	2.5525516E-02
24.820	1.9827617E-02
24.830	1.5012326E-02
24.840	9.4087359E-03
24.850	9.3588759E-04
24.860	-9.7780263E-03
24.870	-2.0651569E-02
24.880	-3.0705063E-02
24.890	-3.9643550E-02
24.900	-4.5340662E-02
24.910	-4.7207728E-02
24.920	-4.7564516E-02
24.930	-4.8537294E-02
24.940	-5.0195376E-02
24.950	-4.9173821E-02
24.960	-3.9382541E-02
24.970	-2.1492143E-02
24.980	-2.1071078E-03
24.990	8.3095921E-03
25.000	-1.4143082E-03
25.010	-2.6562051E-02
25.020	-5.3400310E-02
25.030	-7.5369928E-02
25.040	-9.5298514E-02
25.050	-1.1523341E-01
25.060	-1.2610413E-01
25.070	-1.2216206E-01
25.080	-1.1062879E-01
25.090	-1.0068340E-01
25.100	-9.4209368E-02
25.110	-8.8000433E-02
25.120	-7.9856839E-02
25.130	-7.0535602E-02
25.140	-6.1622709E-02
25.150	-5.3307275E-02
25.160	-4.4447545E-02
25.170	-3.4541972E-02
25.180	-2.4188049E-02
25.190	-1.4049534E-02
25.200	-4.2046828E-03
25.210	4.1549517E-03
25.220	5.8299616E-03
25.230	-4.6709430E-04
25.240	-9.3253480E-03
25.250	-9.1472552E-03
25.260	1.0753542E-02
25.270	4.4452550E-02
25.280	7.7979178E-02
25.290	9.6759613E-02
25.300	9.3129847E-02
25.310	7.7253532E-02
25.320	6.3400658E-02
25.330	5.8882562E-02
25.340	6.2808388E-02
25.350	6.8810348E-02
25.360	7.2743388E-02
25.370	7.5320013E-02
25.380	7.8728625E-02
25.390	8.3454718E-02
25.400	8.8467396E-02
25.410	9.2865641E-02
25.420	9.4845109E-02
25.430	9.1362176E-02
25.440	8.3364897E-02
25.450	7.4607073E-02
25.460	6.7145403E-02
25.470	6.1197560E-02
25.480	5.7950578E-02
25.490	5.7449149E-02
25.500	5.7917652E-02
25.510	5.7943581E-02
25.520	5.7522264E-02
25.530	5.7216111E-02
25.540	5.5698753E-02
25.550	4.8408472E-02
25.560	3.4749065E-02
25.570	1.9048123E-02
25.580	4.7270147E-03
25.590	-8.3598521E-03
25.600	-2.2150130E-02
25.610	-3.7859174E-02
25.620	-5.4738061E-02
25.630	-7.1417706E-02
25.640	-8.6347389E-02
25.650	-9.7357223E-02
25.660	-1.0501403E-01
25.670	-1.1200596E-01
25.680	-1.1987325E-01
25.690	-1.2554493E-01
25.700	-1.1839837E-01
25.710	-9.6084536E-02
25.720	-6.8393333E-02
25.730	-4.6518791E-02
25.740	-3.8327844E-02
25.750	-4.0724778E-02
25.760	-4.4389260E-02
25.770	-4.4762419E-02
25.780	-4.5242556E-02
25.790	-5.4185696E-02
25.800	-7.3005802E-02
25.810	-9.4924200E-02
25.820	-1.1287139E-01
25.830	-1.1802359E-01
25.840	-1.0807510E-01
25.850	-9.1939716E-02
25.860	-7.8085821E-02
25.870	-6.7225147E-02
25.880	-5.6361912E-02
25.890	-4.4769416E-02
25.900	-3.3548907E-02
25.910	-2.3255244E-02
25.920	-1.3426834E-02
25.930	-3.4568788E-03
25.940	6.7774649E-03
25.950	1.7018623E-02
25.960	2.5120469E-02
25.970	2.5552315E-02
25.980	1.7962626E-02
25.990	7.9585302E-03
26.000	-2.5510702E-04
26.010	-6.9657383E-03
26.020	-1.4175301E-02
26.030	-2.2538755E-02
26.040	-3.1248640E-02
26.050	-3.9242688E-02
26.060	-4.4915228E-02
26.070	-4.7796416E-02
26.080	-4.9512096E-02
26.090	-5.1644825E-02
26.100	-5.4344815E-02
26.110	-5.6982537E-02
26.120	-5.9239920E-02
26.130	-6.1319184E-02
26.140	-6.2709846E-02
26.150	-6.0558069E-02
26.160	-5.4078835E-02
26.170	-4.5946541E-02
26.180	-3.8595799E-02
26.190	-3.2140837E-02
26.200	-2.5549402E-02
26.210	-1.8354047E-02
26.220	-1.0981306E-02
26.230	-5.6612274E-03
26.240	-5.7306936E-03
26.250	-1.0270081E-02
26.260	-1.5497938E-02
26.270	-1.9386833E-02
26.280	-2.2600036E-02
26.290	-2.6338521E-02
26.300	-3.0750241E-02
26.310	-3.5211458E-02
26.320	-3.9271680E-02
26.330	-4.3049116E-02
26.340	-4.6869068E-02
26.350	-5.0846349E-02
26.360	-5.4874181E-02
26.370	-5.8842741E-02
26.380	-6.2753685E-02
26.390	-6.6875740E-02
26.400	-7.2779811E-02
26.410	-8.1570662E-02
26.420	-9.1954212E-02
26.430	-1.0208352E-01
26.440	-1.0927621E-01
26.450	-1.0787000E-01
26.460	-9.7804853E-02
26.470	-8.5215677E-02
26.480	-7.4551449E-02
26.490	-6.5435113E-02
26.500	-5.6481360E-02
26.510	-5.1302968E-02
26.520	-5.3114779E-02
26.530	-5.9012087E-02
26.540	-6.4506325E-02
26.550	-6.8323900E-02
26.560	-7.1846504E-02
26.570	-7.6233602E-02
26.580	-8.1246882E-02
26.590	-8.6126654E-02
26.600	-9.0271926E-02
26.610	-8.9270391E-02
26.620	-7.7801344E-02
26.630	-5.9073034E-02
26.640	-4.0067394E-02
26.650	-2.3591561E-02
26.660	-8.4036057E-03
26.670	3.0298025E-03
26.680	6.4494926E-03
26.690	4.1012987E-03
26.700	1.3583466E-03
26.710	1.7321797E-03
26.720	9.3454530E-03
26.730	2.4686080E-02
26.740	4.2872119E-02
26.750	5.9780450E-02
26.760	7.5305015E-02
26.770	9.1161712E-02
26.780	1.0796810E-01
26.790	1.2502981E-01
26.800	1.4168401E-01
26.810	1.5797495E-01
26.820	1.7428239E-01
26.830	1.8984231E-01
26.840	1.9761649E-01
26.850	1.9242293E-01
26.860	1.7995635E-01
26.870	1.6839183E-01
26.880	1.5986440E-01
26.890	1.5176953E-01
26.900	1.4410447E-01
26.910	1.4487080E-01
26.920	1.5717025E-01
26.930	1.7430900E-01
26.940	1.8953816E-01
26.950	2.0207069E-01
26.960	2.1215952E-01
26.970	2.1758424E-01
26.980	2.1889523E-01
26.990	2.1919854E-01
27.000	2.2041478E-01
27.010	2.2221789E-01
27.020	2.2366128E-01
27.030	2.2428798E-01
27.040	2.2255082E-01
27.050	2.1733500E-01
27.060	2.1022117E-01
27.070	2.0333213E-01
27.080	1.9719835E-01
27.090	1.9114308E-01
27.100	1.8465729E-01
27.110	1.7768238E-01
27.120	1.6767909E-01
27.130	1.5128690E-01
27.140	1.3036075E-01
27.150	1.0919198E-01
27.160	8.9573464E-02
27.170	7.0875568E-02
27.180	5.7290950E-02
27.190	5.5335587E-02
27.200	6.1985423E-02
27.210	6.7947545E-02
27.220	5.9536331E-02
27.230	3.1126882E-02
27.240	-6.4584412E-03
27.250	-3.8266496E-02
27.260	-5.6919599E-02
27.270	-6.8119821E-02
27.280	-8.0709817E-02
27.290	-9.6905626E-02
27.300	-1.1359448E-01
27.310	-1.2761906E-01
27.320	-1.3537309E-01
27.330	-1.3620993E-01
27.340	-1.3434085E-01
27.350	-1.3355912E-01
27.360	-1.3409163E-01
27.370	-1.3438233E-01
27.380	-1.3372934E-01
27.390	-1.3269017E-01
27.400	-1.3194655E-01
27.410	-1.3155761E-01
27.420	-1.3119484E-01
27.430	-1.3079199E-01
27.440	-1.3223573E-01
27.450	-1.3783753E-01
27.460	-1.4638463E-01
27.470	-1.5505489E-01
27.480	-1.6268440E-01
27.490	-1.6940168E-01
27.500	-1.7078749E-01
27.510	-1.6191139E-01
27.520	-1.4630001E-01
27.530	-1.3076084E-01
27.540	-1.2080085E-01
27.550	-1.2160177E-01
27.560	-1.3086442E-01
27.570	-1.4145709E-01
27.580	-1.4969375E-01
27.590	-1.5683426E-01
27.600	-1.6502707E-01
27.610	-1.7444676E-01
27.620	-1.8234113E-01
27.630	-1.8090277E-01
27.640	-1.6767624E-01
27.650	-1.4988526E-01
27.660	-1.3810403E-01
27.670	-1.3848407E-01
27.680	-1.4610546E-01
27.690	-1.5294180E-01
27.700	-1.5666529E-01
27.710	-1.5983842E-01
27.720	-1.6464183E-01
27.730	-1.7064772E-01
27.740	-1.7642429E-01
27.750	-1.8144443E-01
27.760	-1.8476056E-01
27.770	-1.8167493E-01
27.780	-1.7101430E-01
27.790	-1.5749304E-01
27.800	-1.4532739E-01
27.810	-1.3593853E-01
27.820	-1.3303121E-01
27.830	-1.3789787E-01
27.840	-1.4613721E-01
27.850	-1.5338560E-01
27.860	-1.5914007E-01
27.870	-1.6504813E-01
27.880	-1.7196523E-01
27.890	-1.7929600E-01
27.900	-1.8334764E-01
27.910	-1.7577533E-01
27.920	-1.5624794E-01
27.930	-1.3324762E-01
27.940	-1.1299180E-01
27.950	-9.4955016E-02
27.960	-7.6127712E-02
27.970	-5.5569495E-02
27.980	-3.5062951E-02
27.990	-1.9816954E-02
28.000	-1.2722005E-02
28.010	-9.8026006E-03
28.020	-6.0214321E-03
28.030	-3.3526611E-04
28.040	5.4870699E-03
28.050	1.0227851E-02
28.060	1.4308209E-02
28.070	1.8616294E-02
28.080	2.3246875E-02
28.090	2.6535688E-02
28.100	2.6947881E-02
28.110	2.5516510E-02
28.120	2.4163142E-02
28.130	2.3531301E-02
28.140	2.1307882E-02
28.150	1.0528800E-02
28.160	-1.0202056E-02
28.170	-3.4424264E-02
28.180	-5.5113965E-02
28.190	-6.0978381E-02
28.200	-4.6283544E-02
28.210	-2.1316034E-02
28.220	1.6403146E-03
28.230	2.0191938E-02
28.240	3.7462815E-02
28.250	4.7721962E-02
28.260	4.3633401E-02
28.270	3.0079667E-02
28.280	1.6525112E-02
28.290	6.4141703E-03
28.300	-1.9282734E-03
28.310	-6.4276501E-03
28.320	-4.3051894E-03
28.330	1.9132185E-03
28.340	8.0424704E-03
28.350	1.2713174E-02
28.360	1.7069927E-02
28.370	2.2179892E-02
28.380	2.7873154E-02
28.390	3.3469950E-02
28.400	3.8709975E-02
28.410	4.3817930E-02
28.420	4.9045384E-02
28.430	5.4402397E-02
28.440	5.9762556E-02
28.450	6.5056966E-02
28.460	7.0316491E-02
28.470	7.5593358E-02
28.480	8.0897141E-02
28.490	8.6205176E-02
28.500	9.1464986E-02
28.510	9.5232010E-02
28.520	9.4220198E-02
28.530	8.8647054E-02
28.540	8.1965799E-02
28.550	7.6444678E-02
28.560	7.1717598E-02
28.570	6.6612706E-02
28.580	6.1387077E-02
28.590	5.8539550E-02
28.600	5.8943994E-02
28.610	6.0654134E-02
28.620	6.1767366E-02
28.630	6.2145815E-02
28.640	6.2588473E-02
28.650	6.3493492E-02
28.660	6.4609453E-02
28.670	6.5561139E-02
28.680	6.5581393E-02
28.690	6.3497542E-02
28.700	5.9699869E-02
28.710	5.5632617E-02
28.720	5.2063028E-02
28.730	4.8740286E-02
28.740	4.5215188E-02
28.750	4.1436262E-02
28.760	3.7619557E-02
28.770	3.3456844E-02
28.780	2.7868366E-02
28.790	2.0821502E-02
28.800	1.3374304E-02
28.810	6.2786276E-03
28.820	-5.4641879E-04
28.830	-7.4741318E-03
28.840	-1.4613740E-02
28.850	-2.1762844E-02
28.860	-2.8429050E-02
28.870	-3.4366633E-02
28.880	-3.9944196E-02
28.890	-4.5608684E-02
28.900	-5.1443072E-02
28.910	-5.7285259E-02
28.920	-6.3028822E-02
28.930	-6.8715020E-02
28.940	-7.4423113E-02
28.950	-7.9787892E-02
28.960	-7.9428376E-02
28.970	-6.6921739E-02
28.980	-4.5939962E-02
28.990	-2.4645220E-02
29.000	-6.3356652E-03
29.010	1.1002169E-02
29.020	2.9714810E-02
29.030	4.9289085E-02
29.040	6.2346296E-02
29.050	6.1014939E-02
29.060	4.9805863E-02
29.070	3.8441769E-02
29.080	3.0711307E-02
29.090	2.4108573E-02
29.100	1.5832434E-02
29.110	6.0168473E-03
29.120	-3.7159959E-03
29.130	-1.2584372E-02
29.140	-2.0528388E-02
29.150	-2.7001613E-02
29.160	-3.2163735E-02
29.170	-3.6965320E-02
29.180	-4.2031947E-02
29.190	-4.7287673E-02
29.200	-5.2436622E-02
29.210	-5.7411052E-02
29.220	-6.2342864E-02
29.230	-6.6130327E-02
29.240	-6.3430888E-02
29.250	-5.2161619E-02
29.260	-3.7176363E-02
29.270	-2.3465936E-02
29.280	-1.1597613E-02
29.290	3.8348952E-04
29.300	1.3714652E-02
29.310	2.9514329E-02
29.320	4.8505005E-02
29.330	6.9130528E-02
29.340	8.6839276E-02
29.350	9.6237813E-02
29.360	9.8958041E-02
29.370	1.0087276E-01
29.380	1.0492903E-01
29.390	1.0995428E-01
29.400	1.1410032E-01
29.410	1.1721264E-01
29.420	1.2024697E-01
29.430	1.2388205E-01
29.440	1.2956252E-01
29.450	1.3930763E-01
29.460	1.5209033E-01
29.470	1.6519312E-01
29.480	1.7734024E-01
29.490	1.8700558E-01
29.500	1.8737484E-01
29.510	1.7675020E-01
29.520	1.6196283E-01
29.530	1.4911857E-01
29.540	1.3847464E-01
29.550	1.2798192E-01
29.560	1.2388811E-01
29.570	1.3593799E-01
29.580	1.6013279E-01
29.590	1.8374870E-01
29.600	1.9734315E-01
29.610	2.0302012E-01
29.620	2.0850075E-01
29.630	2.1720059E-01
29.640	2.2388206E-01
29.650	2.1419915E-01
29.660	1.8539815E-01
29.670	1.5009561E-01
29.680	1.1963397E-01
29.690	1.0103781E-01
29.700	9.6149884E-02
29.710	9.7611536E-02
29.720	9.7723586E-02
29.730	9.5293877E-02
29.740	9.3075915E-02
29.750	9.2630126E-02
29.760	9.3066122E-02
29.770	9.3033147E-02
29.780	9.1985145E-02
29.790	8.8739251E-02
29.800	8.2753210E-02
29.810	7.5481911E-02
29.820	6.8503157E-02
29.830	6.2069804E-02
29.840	5.5616983E-02
29.850	4.8812865E-02
29.860	4.1827131E-02
29.870	3.4931702E-02
29.880	2.8179625E-02
29.890	2.1591589E-02
29.900	1.5582804E-02
29.910	1.0283101E-02
29.920	5.2675234E-03
29.930	1.3736226E-04
29.940	-5.1359160E-03
29.950	-1.0390522E-02
29.960	-1.5548793E-02
29.970	-2.0665747E-02
29.980	-2.5806594E-02
29.990	-3.0193424E-02
30.000	-3.0929748E-02
30.010	-2.7345847E-02
30.020	-2.2180980E-02
30.030	-1.7836884E-02
30.040	-1.4373738E-02
30.050	-1.0940501E-02
30.060	-9.7626919E-03
30.070	-1.4408953E-02
30.080	-2.3482524E-02
30.090	-3.2938676E-02
30.100	-4.0917777E-02
30.110	-4.8300875E-02
30.120	-5.6307042E-02
30.130	-6.4985859E-02
30.140	-7.3684579E-02
30.150	-8.1986689E-02
30.160	-8.8717089E-02
30.170	-9.1692567E-02
30.180	-9.1495518E-02
30.190	-9.0730771E-02
30.200	-9.0854119E-02
30.210	-9.1454725E-02
30.220	-9.1707800E-02
30.230	-9.1495049E-02
30.240	-9.1221888E-02
30.250	-9.1242678E-02
30.260	-9.1707800E-02
30.270	-9.2454485E-02
30.280	-9.3205473E-02
30.290	-9.3858874E-02
30.300	-9.4486647E-02
30.310	-9.5165658E-02
30.320	-9.5887855E-02
30.330	-9.6603925E-02
30.340	-9.6789040E-02
30.350	-9.4241423E-02
30.360	-8.8139315E-02
30.370	-8.0514692E-02
30.380	-7.3426416E-02
30.390	-6.7095923E-02
30.400	-6.0709891E-02
30.410	-5.3839319E-02
30.420	-4.6738589E-02
30.430	-4.0205724E-02
30.440	-3.6750879E-02
30.450	-3.7549421E-02
30.460	-4.0343652E-02
30.470	-4.2604549E-02
30.480	-4.3932658E-02
30.490	-4.5264065E-02
30.500	-4.6857803E-02
30.510	-4.7112200E-02
30.520	-4.5073142E-02
30.530	-4.1875857E-02
30.540	-3.8957325E-02
30.550	-3.6597869E-02
30.560	-3.4279607E-02
30.570	-3.1653603E-02
30.580	-2.8841345E-02
30.590	-2.6095289E-02
30.600	-2.3480666E-02
30.610	-2.0909531E-02
30.620	-1.8337358E-02
30.630	-1.5779504E-02
30.640	-1.3177240E-02
30.650	-1.0392599E-02
30.660	-7.6821235E-03
30.670	-6.0167402E-03
30.680	-5.1144635E-03
30.690	-3.5687477E-03
30.700	-8.2518147E-04
30.710	3.4981768E-03
30.720	9.4102942E-03
30.730	1.5999543E-02
30.740	2.2431192E-02
30.750	2.8608959E-02
30.760	3.4831822E-02
30.770	4.1245339E-02
30.780	4.7742116E-02
30.790	5.4238256E-02
30.800	6.0875739E-02
30.810	6.7732668E-02
30.820	7.4693780E-02
30.830	8.1626067E-02
30.840	8.8508322E-02
30.850	9.5389556E-02
30.860	1.0230015E-01
30.870	1.0922710E-01
30.880	1.1611690E-01
30.890	1.2131620E-01
30.900	1.2020817E-01
30.910	1.1242083E-01
30.920	1.0258607E-01
30.930	9.4225236E-02
30.940	8.7128574E-02
30.950	7.9631786E-02
30.960	7.1175930E-02
30.970	6.2424014E-02
30.980	5.3995576E-02
30.990	4.5362423E-02
31.000	3.5425079E-02
31.010	2.4301756E-02
31.020	1.2979750E-02
31.030	2.0271798E-03
31.040	-8.7171475E-03
31.050	-1.9585707E-02
31.060	-3.0384514E-02
31.070	-3.7447348E-02
31.080	-3.6463004E-02
31.090	-2.9866163E-02
31.100	-2.3076792E-02
31.110	-1.8279208E-02
31.120	-1.4128560E-02
31.130	-9.0630957E-03
31.140	-3.1360941E-03
31.150	2.4729919E-03
31.160	3.3938185E-03
31.170	-4.8305963E-03
31.180	-1.9145744E-02
31.190	-3.3508734E-02
31.200	-4.5658081E-02
31.210	-5.7177444E-02
31.220	-6.9351933E-02
31.230	-7.9732704E-02
31.240	-8.6044533E-02
31.250	-8.9859548E-02
31.260	-9.3892552E-02
31.270	-9.8980722E-02
31.280	-1.0430111E-01
31.290	-1.0911322E-01
31.300	-1.1349786E-01
31.310	-1.1716363E-01
31.320	-1.1890208E-01
31.330	-1.1886006E-01
31.340	-1.1840169E-01
31.350	-1.1839186E-01
31.360	-1.1867321E-01
31.370	-1.1879714E-01
31.380	-1.1866638E-01
31.390	-1.1848396E-01
31.400	-1.1840944E-01
31.410	-1.1851444E-01
31.420	-1.2036811E-01
31.430	-1.2638579E-01
31.440	-1.3566244E-01
31.450	-1.4532874E-01
31.460	-1.5397589E-01
31.470	-1.6198792E-01
31.480	-1.6708164E-01
31.490	-1.6467194E-01
31.500	-1.5607598E-01
31.510	-1.4653119E-01
31.520	-1.3881325E-01
31.530	-1.3200557E-01
31.540	-1.2447386E-01
31.550	-1.1602686E-01
31.560	-1.0751925E-01
31.570	-1.0085425E-01
31.580	-9.9000909E-02
31.590	-1.0139617E-01
31.600	-1.0465862E-01
31.610	-1.0676947E-01
31.620	-1.0804433E-01
31.630	-1.0696284E-01
31.640	-9.9864131E-02
31.650	-8.7704289E-02
31.660	-7.4681058E-02
31.670	-6.3096463E-02
31.680	-5.2271409E-02
31.690	-4.1969762E-02
31.700	-3.5936852E-02
31.710	-3.5708535E-02
31.720	-3.7972847E-02
31.730	-3.9339740E-02
31.740	-3.9443939E-02
31.750	-3.9584713E-02
31.760	-3.8941339E-02
31.770	-3.3613201E-02
31.780	-2.3226822E-02
31.790	-1.1351652E-02
31.800	-6.6310102E-04
31.810	9.0415143E-03
31.820	1.9032087E-02
31.830	2.8812119E-02
31.840	3.5768292E-02
31.850	3.9540305E-02
31.860	4.2348512E-02
31.870	4.5910067E-02
31.880	5.0119097E-02
31.890	5.4149540E-02
31.900	5.7712602E-02
31.910	6.1128211E-02
31.920	6.5235753E-02
31.930	7.2317033E-02
31.940	8.3068904E-02
31.950	9.5313495E-02
31.960	1.0696312E-01
31.970	1.1785135E-01
31.980	1.2882779E-01
31.990	1.4027927E-01
32.000	1.5017104E-01
32.010	1.5320751E-01
32.020	1.4894502E-01
32.030	1.4248125E-01
32.040	1.3767657E-01
32.050	1.3427452E-01
32.060	1.3042953E-01
32.070	1.2552516E-01
32.080	1.2054682E-01
32.090	1.1856017E-01
32.100	1.2175064E-01
32.110	1.2794108E-01
32.120	1.3382302E-01
32.130	1.3846269E-01
32.140	1.4289432E-01
32.150	1.4798028E-01
32.160	1.5362677E-01
32.170	1.5976917E-01
32.180	1.6648604E-01
32.190	1.7353249E-01
32.200	1.8058607E-01
32.210	1.8754875E-01
32.220	1.9450357E-01
32.230	2.0150475E-01
32.240	2.0777328E-01
32.250	2.1113327E-01
32.260	2.1139824E-01
32.270	2.1071379E-01
32.280	2.1071647E-01
32.290	2.1130919E-01
32.300	2.1171829E-01
32.310	2.1162874E-01
32.320	2.1104087E-01
32.330	2.1009060E-01
32.340	2.0903924E-01
32.350	2.0804060E-01
32.360	2.0707510E-01
32.370	2.0607395E-01
32.380	2.0499296E-01
32.390	2.0188975E-01
32.400	1.9123330E-01
32.410	1.7256314E-01
32.420	1.5142782E-01
32.430	1.3205480E-01
32.440	1.1419870E-01
32.450	9.6200670E-02
32.460	8.2045777E-02
32.470	7.8093521E-02
32.480	8.1926563E-02
32.490	8.6435201E-02
32.500	8.8337938E-02
32.510	8.9179968E-02
32.520	9.1114408E-02
32.530	9.4069281E-02
32.540	9.4055973E-02
32.550	8.6247760E-02
32.560	7.2517296E-02
32.570	5.8298377E-02
32.580	4.6097090E-02
32.590	3.4733648E-02
32.600	2.3722224E-02
32.610	1.6295969E-02
32.620	1.3613213E-02
32.630	1.2862150E-02
32.640	1.1311580E-02
32.650	8.7442226E-03
32.660	6.2724828E-03
32.670	4.4443712E-03
32.680	2.7852013E-03
32.690	5.9106277E-04
32.700	-2.2896314E-03
32.710	-6.1840415E-03
32.720	-1.1242308E-02
32.730	-1.6852590E-02
32.740	-2.2363935E-02
32.750	-2.7663818E-02
32.760	-3.2972572E-02
32.770	-3.8368771E-02
32.780	-4.3047308E-02
32.790	-4.6019087E-02
32.800	-4.7768446E-02
32.810	-4.9463771E-02
32.820	-5.1593437E-02
32.830	-5.3875525E-02
32.840	-5.6140825E-02
32.850	-5.9030969E-02
32.860	-6.2882290E-02
32.870	-6.7184722E-02
32.880	-7.1355052E-02
32.890	-7.5303224E-02
32.900	-7.9247680E-02
32.910	-8.3315986E-02
32.920	-8.6276082E-02
32.930	-8.2872541E-02
32.940	-7.1132292E-02
32.950	-5.6040827E-02
32.960	-4.6223602E-02
32.970	-4.7771408E-02
32.980	-5.6644095E-02
32.990	-6.5226329E-02
33.000	-7.0906033E-02
33.010	-7.5879793E-02
33.020	-8.2291252E-02
33.030	-8.9888372E-02
33.040	-9.7347464E-02
33.050	-1.0411380E-01
33.060	-1.1059849E-01
33.070	-1.1730196E-01
33.080	-1.2426240E-01
33.090	-1.3123915E-01
33.100	-1.3771872E-01
33.110	-1.4028570E-01
33.120	-1.3578511E-01
33.130	-1.2688406E-01
33.140	-1.1815290E-01
33.150	-1.1109629E-01
33.160	-1.0453339E-01
33.170	-9.8885646E-02
33.180	-9.6295261E-02
33.190	-9.6404733E-02
33.200	-9.7013759E-02
33.210	-9.6862222E-02
33.220	-9.6281083E-02
33.230	-9.5973290E-02
33.240	-9.5460043E-02
33.250	-9.1019850E-02
33.260	-8.0567219E-02
33.270	-6.7119759E-02
33.280	-5.4359244E-02
33.290	-4.2985977E-02
33.300	-3.1922328E-02
33.310	-2.2061715E-02
33.320	-1.5015020E-02
33.330	-9.9770578E-03
33.340	-5.0455346E-03
33.350	5.7105233E-04
33.360	6.4253903E-03
33.370	1.1974392E-02
33.380	1.7228846E-02
33.390	2.2496038E-02
33.400	2.7926969E-02
33.410	3.3435736E-02
33.420	3.8802557E-02
33.430	4.2669579E-02
33.440	4.3489364E-02
33.450	4.2218317E-02
33.460	4.0887865E-02
33.470	4.0297703E-02
33.480	3.9937350E-02
33.490	3.9215069E-02
33.500	3.7360825E-02
33.510	3.2467846E-02
33.520	2.4512096E-02
33.530	1.5643193E-02
33.540	7.4381383E-03
33.550	-2.2165546E-04
33.560	-7.9528022E-03
33.570	-1.3764768E-02
33.580	-1.4076870E-02
33.590	-9.8512470E-03
33.600	-4.9788053E-03
33.610	-1.5003457E-03
33.620	1.2937931E-03
33.630	4.6275643E-03
33.640	8.4035505E-03
33.650	1.1340812E-02
33.660	1.2991573E-02
33.670	1.4144833E-02
33.680	1.5794875E-02
33.690	2.0020431E-02
33.700	2.8387739E-02
33.710	3.9173406E-02
33.720	4.9216589E-02
33.730	5.2524400E-02
33.740	4.4971922E-02
33.750	3.1210944E-02
33.760	1.8054573E-02
33.770	7.3797080E-03
33.780	-2.9026995E-03
33.790	-1.3727169E-02
33.800	-2.3229801E-02
33.810	-3.0551367E-02
33.820	-3.6909144E-02
33.830	-4.3632096E-02
33.840	-5.0883091E-02
33.850	-5.8136864E-02
33.860	-6.5091665E-02
33.870	-7.1890260E-02
33.880	-7.8766606E-02
33.890	-8.5765397E-02
33.900	-9.2755617E-02
33.910	-9.9390623E-02
33.920	-1.0542725E-01
33.930	-1.1111949E-01
33.940	-1.1684852E-01
33.950	-1.2271913E-01
33.960	-1.2861206E-01
33.970	-1.3442992E-01
33.980	-1.4025072E-01
33.990	-1.4666732E-01
34.000	-1.5419604E-01
34.010	-1.6241265E-01
34.020	-1.7059315E-01
34.030	-1.7850426E-01
34.040	-1.8635594E-01
34.050	-1.9434321E-01
34.060	-2.0240932E-01
34.070	-2.0889143E-01
34.080	-2.0941302E-01
34.090	-2.0366005E-01
34.100	-1.9601073E-01
34.110	-1.8976380E-01
34.120	-1.8470081E-01
34.130	-1.7925282E-01
34.140	-1.7290144E-01
34.150	-1.6627600E-01
34.160	-1.5998386E-01
34.170	-1.5400703E-01
34.180	-1.4801700E-01
34.190	-1.4185582E-01
34.200	-1.3576548E-01
34.210	-1.3053520E-01
34.220	-1.2643204E-01
34.230	-1.2279325E-01
34.240	-1.1896309E-01
34.250	-1.1488687E-01
34.260	-1.1083327E-01
34.270	-1.0693701E-01
34.280	-1.0311322E-01
34.290	-9.9243991E-02
34.300	-9.5313947E-02
34.310	-9.1376705E-02
34.320	-8.7466916E-02
34.330	-8.3534512E-02
34.340	-7.8853765E-02
34.350	-7.2383302E-02
34.360	-6.4527182E-02
34.370	-5.6519022E-02
34.380	-4.8952735E-02
34.390	-4.1576115E-02
34.400	-3.4012891E-02
34.410	-2.6240800E-02
34.420	-1.8458246E-02
34.430	-1.0779978E-02
34.440	-3.1605763E-03
34.450	4.4834312E-03
34.460	1.2154542E-02
34.470	1.9210741E-02
34.480	2.4239973E-02
34.490	2.7335486E-02
34.500	2.9966445E-02
34.510	3.3094465E-02
34.520	3.6560106E-02
34.530	3.9862460E-02
34.540	4.2880054E-02
34.550	4.5834273E-02
34.560	4.8906435E-02
34.570	5.2067413E-02
34.580	5.5094263E-02
34.590	5.7678555E-02
34.600	5.9872564E-02
34.610	6.1995182E-02
34.620	6.4231775E-02
34.630	6.6533398E-02
34.640	6.8794111E-02
34.650	7.0994732E-02
34.660	7.3185611E-02
34.670	7.5402787E-02
34.680	7.7638442E-02
34.690	7.9814540E-02
34.700	8.1408546E-02
34.710	8.1945628E-02
34.720	8.1826163E-02
34.730	8.1733815E-02
34.740	8.1893085E-02
34.750	8.2108196E-02
34.760	8.2196041E-02
34.770	8.2158546E-02
34.780	8.1690244E-02
34.790	8.0217109E-02
34.800	7.7938335E-02
34.810	7.5544983E-02
34.820	7.3391766E-02
34.830	7.1351503E-02
34.840	6.9212297E-02
34.850	6.6954162E-02
34.860	6.4766597E-02
34.870	6.3835801E-02
34.880	6.5476374E-02
34.890	6.8873436E-02
34.900	7.2311643E-02
34.910	7.5121189E-02
34.920	7.7680172E-02
34.930	7.9034327E-02
34.940	7.6502896E-02
34.950	7.0371980E-02
34.960	6.3448849E-02
34.970	5.7483062E-02
34.980	5.2124409E-02
34.990	4.6437608E-02
35.000	4.0223149E-02
35.010	3.3987783E-02
35.020	2.9206703E-02
35.030	2.7195516E-02
35.040	2.6967164E-02
35.050	2.6701837E-02
35.060	2.5761801E-02
35.070	2.4649857E-02
35.080	2.3869191E-02
35.090	2.3365269E-02
35.100	2.2856676E-02
35.110	2.2857547E-02
35.120	2.4650895E-02
35.130	2.8097822E-02
35.140	3.1892298E-02
35.150	3.5231729E-02
35.160	3.8289713E-02
35.170	4.1503033E-02
35.180	4.4961762E-02
35.190	4.8466807E-02
35.200	5.1866313E-02
35.210	5.5187348E-02
35.220	5.8523883E-02
35.230	6.1908642E-02
35.240	6.5298457E-02
35.250	6.8216956E-02
35.260	6.9655424E-02
35.270	6.9696334E-02
35.280	6.9406133E-02
35.290	6.9475633E-02
35.300	6.9786423E-02
35.310	6.9974751E-02
35.320	6.9634200E-02
35.330	6.7755634E-02
35.340	6.4204055E-02
35.350	6.0077631E-02
35.360	5.6274535E-02
35.370	5.2788305E-02
35.380	4.9220088E-02
35.390	4.5417326E-02
35.400	4.1560230E-02
35.410	3.8892813E-02
35.420	3.9882062E-02
35.430	4.4284408E-02
35.440	4.9472928E-02
35.450	5.3770807E-02
35.460	5.7485171E-02
35.470	6.1211302E-02
35.480	6.2436719E-02
35.490	5.8218968E-02
35.500	5.0310171E-02
35.510	4.2362288E-02
35.520	3.5767171E-02
35.530	2.9577585E-02
35.540	2.2759089E-02
35.550	1.5396771E-02
35.560	9.3600259E-03
35.570	8.4759761E-03
35.580	1.2858748E-02
35.590	1.8719690E-02
35.600	2.3328159E-02
35.610	2.6953455E-02
35.620	3.0942102E-02
35.630	3.5434687E-02
35.640	3.7905222E-02
35.650	3.6410695E-02
35.660	3.2606076E-02
35.670	2.9079086E-02
35.680	2.6553129E-02
35.690	2.4205006E-02
35.700	2.1348457E-02
35.710	1.8121143E-02
35.720	1.4970186E-02
35.730	1.2052651E-02
35.740	9.2143277E-03
35.750	6.2937294E-03
35.760	3.3055815E-03
35.770	7.1685092E-04
35.780	-7.2385394E-04
35.790	-1.1907579E-03
35.800	-1.4987299E-03
35.810	-2.0970528E-03
35.820	-2.8475735E-03
35.830	-3.4886290E-03
35.840	-3.9835143E-03
35.850	-4.7605091E-03
35.860	-7.6200861E-03
35.870	-1.3474381E-02
35.880	-2.0770114E-02
35.890	-2.7704744E-02
35.900	-3.3968985E-02
35.910	-4.0221559E-02
35.920	-4.6873303E-02
35.930	-5.3747172E-02
35.940	-6.0526014E-02
35.950	-6.7139728E-02
35.960	-7.3717939E-02
35.970	-7.9896477E-02
35.980	-8.2996860E-02
35.990	-8.1504426E-02
36.000	-7.7721517E-02
36.010	-7.4442932E-02
36.020	-7.2204498E-02
36.030	-7.0013786E-02
36.040	-6.7218669E-02
36.050	-6.4071266E-02
36.060	-6.1060552E-02
36.070	-5.8305073E-02
36.080	-5.5607995E-02
36.090	-5.2761305E-02
36.100	-4.9521018E-02
36.110	-4.5837487E-02
36.120	-4.1978918E-02
36.130	-3.8190452E-02
36.140	-3.4487939E-02
36.150	-3.0771600E-02
36.160	-2.6994181E-02
36.170	-2.3191687E-02
36.180	-1.9408460E-02
36.190	-1.5648185E-02
36.200	-1.1889682E-02
36.210	-8.1204014E-03
36.220	-4.3448839E-03
36.230	-5.7264737E-04
36.240	3.1099815E-03
36.250	6.3989229E-03
36.260	9.2277389E-03
36.270	1.1889506E-02
36.280	1.4643237E-02
36.290	1.7743398E-02
36.300	2.1778143E-02
36.310	2.6757594E-02
36.320	3.2022058E-02
36.330	3.7084617E-02
36.340	4.1979856E-02
36.350	4.6918548E-02
36.360	5.0981247E-02
36.370	5.1290564E-02
36.380	4.7529884E-02
36.390	4.2489336E-02
36.400	3.8338205E-02
36.410	3.4973365E-02
36.420	3.1379805E-02
36.430	2.7201441E-02
36.440	2.2834614E-02
36.450	1.8678245E-02
36.460	1.4728598E-02
36.470	1.0773481E-02
36.480	6.7448259E-03
36.490	3.3321845E-03
36.500	1.5495471E-03
36.510	1.0540800E-03
36.520	7.0584865E-04
36.530	-5.6094894E-05
36.540	-1.0022080E-03
36.550	-1.7797916E-03
36.560	-2.3612602E-03
36.570	-2.9289175E-03
36.580	-3.1687181E-03
36.590	-6.3008199E-04
36.600	6.0812784E-03
36.610	1.4877343E-02
36.620	2.3214854E-02
36.630	3.0604479E-02
36.640	3.7946835E-02
36.650	4.5109900E-02
36.660	4.7729461E-02
36.670	4.3102580E-02
36.680	3.4734502E-02
36.690	2.7113813E-02
36.700	2.1184835E-02
36.710	1.5387410E-02
36.720	8.6396199E-03
36.730	1.3111185E-03
36.740	-5.3952641E-03
36.750	-9.7428396E-03
36.760	-1.1690341E-02
36.770	-1.2961108E-02
36.780	-1.4803496E-02
36.790	-1.7097362E-02
36.800	-1.9225354E-02
36.810	-2.0998096E-02
36.820	-2.2670373E-02
36.830	-2.4480058E-02
36.840	-2.6517124E-02
36.850	-2.8886322E-02
36.860	-3.1513013E-02
36.870	-3.4189268E-02
36.880	-3.6803254E-02
36.890	-3.9386508E-02
36.900	-4.1999457E-02
36.910	-4.4648093E-02
36.920	-4.7300076E-02
36.930	-4.9927755E-02
36.940	-5.2116692E-02
36.950	-5.2699890E-02
36.960	-5.1583912E-02
36.970	-4.9946084E-02
36.980	-4.8682202E-02
36.990	-4.7739186E-02
37.000	-4.6694532E-02
37.010	-4.5406496E-02
37.020	-4.4043687E-02
37.030	-4.2770732E-02
37.040	-4.1582978E-02
37.050	-4.0392077E-02
37.060	-3.9248095E-02
37.070	-3.8859001E-02
37.080	-3.9756303E-02
37.090	-4.1381961E-02
37.100	-4.2920361E-02
37.110	-4.4155151E-02
37.120	-4.5344545E-02
37.130	-4.6696675E-02
37.140	-4.8162344E-02
37.150	-4.9583705E-02
37.160	-4.9993204E-02
37.170	-4.6853668E-02
37.180	-4.0003368E-02
37.190	-3.2031599E-02
37.200	-2.4883113E-02
37.210	-1.8428970E-02
37.220	-1.1745556E-02
37.230	-4.5294798E-03
37.240	2.8470462E-03
37.250	9.9350751E-03
37.260	1.5193554E-02
37.270	1.6530361E-02
37.280	1.4910832E-02
37.290	1.2989295E-02
37.300	1.2005831E-02
37.310	1.1403791E-02
37.320	1.0391386E-02
37.330	8.9360597E-03
37.340	7.4654460E-03
37.350	6.2197035E-03
37.360	5.1984539E-03
37.370	4.9723759E-03
37.380	6.0486343E-03
37.390	7.8844358E-03
37.400	9.6608060E-03
37.410	1.1141563E-02
37.420	1.2573378E-02
37.430	1.4163316E-02
37.440	1.5866688E-02
37.450	1.7545076E-02
37.460	1.9150732E-02
37.470	2.0732284E-02
37.480	2.2332115E-02
37.490	2.3669899E-02
37.500	2.4081289E-02
37.510	2.3594875E-02
37.520	2.2886739E-02
37.530	2.2407088E-02
37.540	2.2086656E-02
37.550	2.1692909E-02
37.560	2.1166924E-02
37.570	2.0609973E-02
37.580	2.0106436E-02
37.590	1.9646268E-02
37.600	1.9180058E-02
37.610	1.8688087E-02
37.620	1.8105191E-02
37.630	1.6853243E-02
37.640	1.4499589E-02
37.650	1.1526649E-02
37.660	8.6269587E-03
37.670	5.9828072E-03
37.680	3.3741036E-03
37.690	6.2671347E-04
37.700	-2.2158215E-03
37.710	-5.0347565E-03
37.720	-7.7917311E-03
37.730	-1.0529918E-02
37.740	-1.3290771E-02
37.750	-1.6073627E-02
37.760	-1.8855693E-02
37.770	-2.1625870E-02
37.780	-2.4397452E-02
37.790	-2.7290743E-02
37.800	-3.0471489E-02
37.810	-3.3873004E-02
37.820	-3.7297820E-02
37.830	-4.0652065E-02
37.840	-4.3976447E-02
37.850	-4.7331110E-02
37.860	-5.0719301E-02
37.870	-5.4109183E-02
37.880	-5.7482593E-02
37.890	-6.0847032E-02
37.900	-6.4215605E-02
37.910	-6.7591744E-02
37.920	-7.0944064E-02
37.930	-7.3920513E-02
37.940	-7.6106470E-02
37.950	-7.7742675E-02
37.960	-7.9359930E-02
37.970	-8.1171524E-02
37.980	-8.3046073E-02
37.990	-8.4831252E-02
38.000	-8.6532102E-02
38.010	-8.8236701E-02
38.020	-8.9987868E-02
38.030	-9.1757698E-02
38.040	-9.3010600E-02
38.050	-9.1918190E-02
38.060	-8.8082603E-02
38.070	-8.3255358E-02
38.080	-7.8953009E-02
38.090	-7.5206055E-02
38.100	-7.1351888E-02
38.110	-6.7110402E-02
38.120	-6.2720208E-02
38.130	-5.8457245E-02
38.140	-5.4337952E-02
38.150	-5.0225573E-02
38.160	-4.6032896E-02
38.170	-4.1457972E-02
38.180	-3.5795978E-02
38.190	-2.9107576E-02
38.200	-2.2167974E-02
38.210	-1.5484919E-02
38.220	-8.9771719E-03
38.230	-2.3832249E-03
38.240	4.3601748E-03
38.250	1.1135897E-02
38.260	1.7849790E-02
38.270	2.4514959E-02
38.280	3.1187359E-02
38.290	3.7875611E-02
38.300	4.4042750E-02
38.310	4.8488366E-02
38.320	5.1288355E-02
38.330	5.3690109E-02
38.340	5.6512795E-02
38.350	5.9623323E-02
38.360	6.2595838E-02
38.370	6.5326243E-02
38.380	6.8001862E-02
38.390	7.0777077E-02
38.400	7.3631617E-02
38.410	7.6473888E-02
38.420	7.9268721E-02
38.430	8.2045141E-02
38.440	8.4837111E-02
38.450	8.7646339E-02
38.460	9.0430727E-02
38.470	9.2830406E-02
38.480	9.4429952E-02
38.490	9.5476498E-02
38.500	9.6505718E-02
38.510	9.7730716E-02
38.520	9.9017531E-02
38.530	1.0021310E-01
38.540	1.0132391E-01
38.550	1.0243886E-01
38.560	1.0360000E-01
38.570	1.0478235E-01
38.580	1.0595143E-01
38.590	1.0710219E-01
38.600	1.0825060E-01
38.610	1.0940706E-01
38.620	1.1056875E-01
38.630	1.1170865E-01
38.640	1.1232214E-01
38.650	1.1148649E-01
38.660	1.0940282E-01
38.670	1.0709583E-01
38.680	1.0514590E-01
38.690	1.0339177E-01
38.700	1.0150295E-01
38.710	9.9428285E-02
38.720	9.7326423E-02
38.730	9.5302648E-02
38.740	9.3089942E-02
38.750	9.0068984E-02
38.760	8.6252932E-02
38.770	8.2241621E-02
38.780	7.8436985E-02
38.790	7.4776888E-02
38.800	7.1052213E-02
38.810	6.7209446E-02
38.820	6.3338540E-02
38.830	5.9514955E-02
38.840	5.5730205E-02
38.850	5.1940198E-02
38.860	4.8127293E-02
38.870	4.4305181E-02
38.880	4.0489832E-02
38.890	3.6670700E-02
38.900	3.2532910E-02
38.910	2.7505536E-02
38.920	2.1711991E-02
38.930	1.5782279E-02
38.940	1.0072660E-02
38.950	4.4829374E-03
38.960	-1.1898441E-03
38.970	-6.9769466E-03
38.980	-1.2780225E-02
38.990	-1.8531864E-02
39.000	-2.4248694E-02
39.010	-2.9927544E-02
39.020	-3.4387523E-02
39.030	-3.5414149E-02
39.040	-3.3464694E-02
39.050	-3.0974508E-02
39.060	-2.9334789E-02
39.070	-2.8166117E-02
39.080	-2.6680311E-02
39.090	-2.4751328E-02
39.100	-2.2757817E-02
39.110	-2.0964652E-02
39.120	-1.9307910E-02
39.130	-1.7616032E-02
39.140	-1.5835502E-02
39.150	-1.4028562E-02
39.160	-1.2254696E-02
39.170	-1.0511497E-02
39.180	-8.7668033E-03
39.190	-7.0056018E-03
39.200	-5.2495459E-03
39.210	-3.6875382E-03
39.220	-2.5323629E-03
39.230	-1.6569820E-03
39.240	-7.8918745E-04
39.250	1.7851514E-04
39.260	1.1773056E-03
39.270	2.1293252E-03
39.280	3.0382020E-03
39.290	3.9493051E-03
39.300	4.8838409E-03
39.310	5.8291531E-03
39.320	6.7674534E-03
39.330	7.6964469E-03
39.340	8.5860523E-03
39.350	8.9112259E-03
39.360	8.0360645E-03
39.370	6.3210036E-03
39.380	4.5726224E-03
39.390	3.1187878E-03
39.400	1.7616266E-03
39.410	2.6882499E-04
39.420	-1.3523725E-03
39.430	-2.9447508E-03
39.440	-4.2637039E-03
39.450	-5.2154054E-03
39.460	-6.0005604E-03
39.470	-6.8366852E-03
39.480	-7.7542076E-03
39.490	-8.6698771E-03
39.500	-9.5352848E-03
39.510	-1.0526543E-02
39.520	-1.2800916E-02
39.530	-1.7178830E-02
39.540	-2.2722364E-02
39.550	-2.8110477E-02
39.560	-3.3007741E-02
39.570	-3.7842351E-02
39.580	-4.2944665E-02
39.590	-4.8227257E-02
39.600	-5.3462210E-02
39.610	-5.8578100E-02
39.620	-6.3655323E-02
39.630	-6.8109811E-02
39.640	-6.9018729E-02
39.650	-6.5232673E-02
39.660	-5.9405216E-02
39.670	-5.4273993E-02
39.680	-5.0153194E-02
39.690	-4.5972201E-02
39.700	-4.1153242E-02
39.710	-3.6022957E-02
39.720	-3.1068513E-02
39.730	-2.6367663E-02
39.740	-2.1704726E-02
39.750	-1.6952053E-02
39.760	-1.2545389E-02
39.770	-9.1704268E-03
39.780	-6.6329720E-03
39.790	-4.2000160E-03
39.800	-1.4994786E-03
39.810	1.3263262E-03
39.820	4.0457961E-03
39.830	6.5034720E-03
39.840	8.2318938E-03
39.850	9.0821411E-03
39.860	9.5649711E-03
39.870	8.9151746E-03
39.880	9.6508397E-03
39.890	1.0364644E-02
39.900	1.0958673E-02
39.910	1.1497660E-02
39.920	1.2052467E-02
39.930	1.1990043E-02
39.940	9.8048989E-03
39.950	5.5689630E-03
39.960	8.2939597E-04
39.970	-3.3853688E-03
39.980	-7.2329503E-03
39.990	-1.1242247E-02
40.000	-1.5545400E-02
40.010	-1.9910625E-02
40.020	-2.4120123E-02
40.030	-2.6827680E-02
40.040	-2.4311398E-02
40.050	-1.6315383E-02
40.060	-6.6567495E-03
40.070	1.7813902E-03
40.080	9.1753865E-03
40.090	1.6882352E-02
40.100	2.5347147E-02
40.110	3.3461179E-02
40.120	3.8651071E-02
40.130	4.0477194E-02
40.140	4.1183255E-02
40.150	4.2610675E-02
40.160	4.4717659E-02
40.170	4.6651547E-02
40.180	4.8083404E-02
40.190	4.9328405E-02
40.200	5.0727537E-02
40.210	5.2289504E-02
40.220	5.3839637E-02
40.230	5.5284550E-02
40.240	5.6667245E-02
40.250	5.8057438E-02
40.260	5.9123987E-02
40.270	5.7884225E-02
40.280	5.3262332E-02
40.290	4.6985152E-02
40.300	4.1106725E-02
40.310	3.6005582E-02
40.320	3.0948596E-02
40.330	2.5478982E-02
40.340	2.0111825E-02
40.350	1.5798362E-02
40.360	1.2489511E-02
40.370	9.3792286E-03
40.380	5.9777554E-03
40.390	2.4063479E-03
40.400	-1.0529461E-03
40.410	-4.3401301E-03
40.420	-7.5794291E-03
40.430	-1.0866037E-02
40.440	-1.4182470E-02
40.450	-1.7405524E-02
40.460	-1.9625161E-02
40.470	-1.9807614E-02
40.480	-1.8596944E-02
40.490	-1.7350922E-02
40.500	-1.6602968E-02
40.510	-1.6012555E-02
40.520	-1.5196420E-02
40.530	-1.4174255E-02
40.540	-1.3168993E-02
40.550	-1.2286061E-02
40.560	-1.1462539E-02
40.570	-1.0634164E-02
40.580	-1.0685643E-02
40.590	-1.3684107E-02
40.600	-1.9495133E-02
40.610	-2.5956256E-02
40.620	-3.1647007E-02
40.630	-3.6793328E-02
40.640	-4.2125233E-02
40.650	-4.7819800E-02
40.660	-5.3556065E-02
40.670	-5.8913194E-02
40.680	-6.2467234E-02
40.690	-6.3024453E-02
40.700	-6.1783720E-02
40.710	-6.0640575E-02
40.720	-6.0177981E-02
40.730	-5.9843556E-02
40.740	-5.9148710E-02
40.750	-5.8182461E-02
40.760	-5.7261808E-02
40.770	-5.6503857E-02
40.780	-5.5797947E-02
40.790	-5.4853123E-02
40.800	-5.3267303E-02
40.810	-5.1132114E-02
40.820	-4.8904627E-02
40.830	-4.6846337E-02
40.840	-4.4888496E-02
40.850	-4.2884807E-02
40.860	-4.0811954E-02
40.870	-3.8740590E-02
40.880	-3.6759415E-02
40.890	-3.5401293E-02
40.900	-3.5276271E-02
40.910	-3.5986098E-02
40.920	-3.6707726E-02
40.930	-3.7120556E-02
40.940	-3.7429722E-02
40.950	-3.7865802E-02
40.960	-3.8414401E-02
40.970	-3.8941557E-02
40.980	-3.9385989E-02
40.990	-3.9784206E-02
41.000	-4.0188801E-02
41.010	-4.0606200E-02
41.020	-4.1013021E-02
41.030	-4.1393511E-02
41.040	-4.1751973E-02
41.050	-4.2098400E-02
41.060	-4.2436023E-02
41.070	-4.2760538E-02
41.080	-4.3068449E-02
41.090	-4.3359303E-02
41.100	-4.3491942E-02
41.110	-4.2842425E-02
41.120	-4.1186335E-02
41.130	-3.9110837E-02
41.140	-3.7203229E-02
41.150	-3.5524173E-02
41.160	-3.3844214E-02
41.170	-3.2043751E-02
41.180	-3.0195416E-02
41.190	-2.8401733E-02
41.200	-2.6677616E-02
41.210	-2.4977587E-02
41.220	-2.3356380E-02
41.230	-2.2612607E-02
41.240	-2.3490174E-02
41.250	-2.5365292E-02
41.260	-2.7170759E-02
41.270	-2.8554659E-02
41.280	-2.9815946E-02
41.290	-3.1237207E-02
41.300	-3.2779155E-02
41.310	-3.4264994E-02
41.320	-3.5623451E-02
41.330	-3.6595911E-02
41.340	-3.5876425E-02
41.350	-3.2983218E-02
41.360	-2.9181779E-02
41.370	-2.5744175E-02
41.380	-2.2810343E-02
41.390	-1.9887826E-02
41.400	-1.6718024E-02
41.410	-1.3454544E-02
41.420	-1.0318560E-02
41.430	-7.3429881E-03
41.440	-4.4297146E-03
41.450	-1.5128635E-03
41.460	1.3895255E-03
41.470	4.2344947E-03
41.480	7.0086550E-03
41.490	9.7111664E-03
41.500	1.2130497E-02
41.510	1.4002710E-02
41.520	1.5484983E-02
41.530	1.6920952E-02
41.540	1.8449140E-02
41.550	1.9986904E-02
41.560	2.1437290E-02
41.570	2.2803480E-02
41.580	2.4140026E-02
41.590	2.5473726E-02
41.600	2.6789398E-02
41.610	2.8064914E-02
41.620	2.9266595E-02
41.630	3.0272247E-02
41.640	3.1042284E-02
41.650	3.1700873E-02
41.660	3.2367932E-02
41.670	3.3054861E-02
41.680	3.3714270E-02
41.690	3.4322576E-02
41.700	3.4894827E-02
41.710	3.5451912E-02
41.720	3.5996359E-02
41.730	3.6518811E-02
41.740	3.7012925E-02
41.750	3.7479872E-02
41.760	3.7795917E-02
41.770	3.7503657E-02
41.780	3.6514443E-02
41.790	3.5283285E-02
41.800	3.4196248E-02
41.810	3.3259476E-02
41.820	3.2306417E-02
41.830	3.1269045E-02
41.840	3.0207300E-02
41.850	2.9189228E-02
41.860	2.8218191E-02
41.870	2.7260914E-02
41.880	2.6298733E-02
41.890	2.5339731E-02
41.900	2.4374035E-02
41.910	2.3080893E-02
41.920	2.1080133E-02
41.930	1.8611105E-02
41.940	1.6175568E-02
41.950	1.3971333E-02
41.960	1.1875690E-02
41.970	9.7495820E-03
41.980	7.5997082E-03
41.990	5.6549772E-03
42.000	4.7895929E-03
42.010	5.4042345E-03
42.020	6.6936670E-03
42.030	7.7706067E-03
42.040	8.4967205E-03
42.050	9.1951668E-03
42.060	1.0057935E-02
42.070	1.0995134E-02
42.080	1.1856012E-02
42.090	1.2610617E-02
42.100	1.3321401E-02
42.110	1.4035359E-02
42.120	1.4736681E-02
42.130	1.5028074E-02
42.140	1.3888426E-02
42.150	1.1300557E-02
42.160	8.3447169E-03
42.170	5.8028095E-03
42.180	3.6126118E-03
42.190	1.4072275E-03
42.200	-9.2558450E-04
42.210	-3.2357939E-03
42.220	-5.3854301E-03
42.230	-7.3814907E-03
42.240	-9.2977992E-03
42.250	-1.1167271E-02
42.260	-1.2968716E-02
42.270	-1.4673653E-02
42.280	-1.6279026E-02
42.290	-1.7797464E-02
42.300	-1.9233991E-02
42.310	-2.0569716E-02
42.320	-2.1791768E-02
42.330	-2.2914425E-02
42.340	-2.3957639E-02
42.350	-2.4926383E-02
42.360	-2.5814729E-02
42.370	-2.6618545E-02
42.380	-2.7340005E-02
42.390	-2.7971578E-02
42.400	-2.8075325E-02
42.410	-2.6689568E-02
42.420	-2.3967549E-02
42.430	-2.1005428E-02
42.440	-1.8480024E-02
42.450	-1.6265285E-02
42.460	-1.4015609E-02
42.470	-1.1657647E-02
42.480	-9.3453811E-03
42.490	-7.1962622E-03
42.500	-5.1903992E-03
42.510	-3.2570372E-03
42.520	-1.3707610E-03
42.530	4.4597977E-04
42.540	2.1322093E-03
42.550	3.4821795E-03
42.560	4.4151334E-03
42.570	5.1415436E-03
42.580	5.8793077E-03
42.590	6.6589640E-03
42.600	7.4020544E-03
42.610	8.0650210E-03
42.620	8.6710689E-03
42.630	9.2559254E-03
42.640	9.8260936E-03
42.650	1.0367155E-02
42.660	1.0868916E-02
42.670	1.1334296E-02
42.680	1.1774932E-02
42.690	1.2273510E-02
42.700	1.2936766E-02
42.710	1.3701840E-02
42.720	1.4423473E-02
42.730	1.5039410E-02
42.740	1.5581552E-02
42.750	1.6091129E-02
42.760	1.6569728E-02
42.770	1.6997365E-02
42.780	1.7346453E-02
42.790	1.7383027E-02
42.800	1.6858851E-02
42.810	1.5989958E-02
42.820	1.5156398E-02
42.830	1.4492803E-02
42.840	1.3903307E-02
42.850	1.3290754E-02
42.860	1.2663527E-02
42.870	1.2076826E-02
42.880	1.1553091E-02
42.890	1.1074631E-02
42.900	1.0620013E-02
42.910	1.0186467E-02
42.920	9.7819616E-03
42.930	9.4107529E-03
42.940	9.0696473E-03
42.950	8.7538876E-03
42.960	8.4614568E-03
42.970	8.1928203E-03
42.980	7.9752992E-03
42.990	7.9216328E-03
43.000	8.0552522E-03
43.010	8.2504655E-03
43.020	8.3969906E-03
43.030	8.4885503E-03
43.040	8.5682908E-03
43.050	8.6558248E-03
43.060	8.7374685E-03
43.070	8.7967959E-03
43.080	8.8328681E-03
43.090	8.8540812E-03
43.100	8.8654954E-03
43.110	8.8670321E-03
43.120	8.8684398E-03
43.130	8.8820485E-03
43.140	8.8975486E-03
43.150	8.8967418E-03
43.160	8.8735251E-03
43.170	8.8332163E-03
43.180	8.7811736E-03
43.190	8.7178171E-03
43.200	8.6412570E-03
43.210	8.5511786E-03
43.220	8.4490282E-03
43.230	8.3365115E-03
43.240	8.2143850E-03
43.250	8.0829550E-03
43.260	7.9426199E-03
43.270	7.7941348E-03
43.280	7.6382611E-03
43.290	7.4756768E-03
43.300	7.3068824E-03
43.310	7.1324219E-03
43.320	6.9499954E-03
43.330	6.7487896E-03
43.340	6.5276713E-03
43.350	6.3005287E-03
43.360	6.0787191E-03
43.370	5.8628216E-03
43.380	5.6485561E-03
43.390	5.4342556E-03
43.400	5.2213811E-03
43.410	5.0116301E-03
43.420	4.8050914E-03
43.430	4.6010835E-03
43.440	4.3992048E-03
43.450	4.1996796E-03
43.460	4.0027656E-03
43.470	3.8081365E-03
43.480	3.6101060E-03
43.490	3.4035773E-03
43.500	3.1948005E-03
43.510	2.9928699E-03
43.520	2.8002629E-03
43.530	2.6143329E-03
43.540	2.4326697E-03
43.550	2.2553117E-03
43.560	2.0831528E-03
43.570	1.9163420E-03
43.580	1.7542096E-03
43.590	1.5961425E-03
43.600	1.4418685E-03
43.610	1.2913653E-03
43.620	1.1445194E-03
43.630	1.0012074E-03
43.640	8.6115924E-04
43.650	7.2408511E-04
43.660	5.8975664E-04
43.670	4.5807776E-04
43.680	3.2894184E-04
43.690	2.0226001E-04
43.700	7.7896605E-05
43.710	-4.4235481E-05
43.720	-1.6422851E-04
43.730	-2.8213672E-04
43.740	-3.9803807E-04
43.750	-5.1198032E-04
43.760	-6.2402337E-04
43.770	-7.3402546E-04
43.780	-8.4117961E-04
43.790	-9.4544379E-04
43.800	-1.0480317E-03
43.810	-1.1498315E-03
43.820	-1.2507991E-03
43.830	-1.3504976E-03
43.840	-1.4487191E-03
43.850	-1.5454787E-03
43.860	-1.6408261E-03
43.870	-1.7346922E-03
43.880	-1.8269717E-03
43.890	-1.9175840E-03
43.900	-2.0064973E-03
43.910	-2.0936765E-03
43.920	-2.1790948E-03
43.930	-2.2627070E-03
43.940	-2.3444862E-03
43.950	-2.4244041E-03
43.960	-2.5024824E-03
43.970	-2.5787428E-03
43.980	-2.6531202E-03
43.990	-2.7255139E-03
44.000	-2.7958991E-03
44.010	-2.8642989E-03
44.020	-2.9307454E-03
44.030	-2.9952435E-03
44.040	-3.0577948E-03
44.050	-3.1184028E-03
44.060	-3.1770774E-03
44.070	-3.2338288E-03
44.080	-3.2886619E-03
44.090	-3.3415817E-03
44.100	-3.3925966E-03
44.110	-3.4417117E-03
44.120	-3.4889353E-03
44.130	-3.5342724E-03
44.140	-3.5777315E-03
44.150	-3.6193191E-03
44.160	-3.6590437E-03
44.170	-3.6969136E-03
44.180	-3.7329339E-03
44.190	-3.7671146E-03
44.200	-3.7994641E-03
44.210	-3.8299924E-03
44.220	-3.8587078E-03
44.230	-3.8856189E-03
44.240	-3.9107388E-03
44.250	-3.9340744E-03
44.260	-3.9556374E-03
44.270	-3.9754394E-03
44.280	-3.9934889E-03
44.290	-4.0097992E-03
