0	bld-00	IDR	PFA	PFV	residual
0.003477	0.002681	0.002145	0.001199	3.4	2.923	3.428	3.187	3.947	0.0001592
0.005048	0.004326	0.002971	0.001398	3.4	2.965	3.195	3.794	4.355	2.516e-05
0.005099	0.004701	0.003411	0.001651	3.4	3.969	3.944	3.997	4.351	4.536e-05
0.007504	0.005572	0.003447	0.001558	3.4	4.147	3.735	4.048	4.354	3.673e-05
0.003977	0.003187	0.002504	0.001471	3.4	3.127	3.239	3.396	4.199	0.0001882
0.006127	0.005332	0.004209	0.002424	3.4	4.119	4.323	4.228	5.25	0.0003015
0.007028	0.005161	0.003691	0.00187	3.4	3.674	4.086	3.972	4.644	9.104e-05
0.01153	0.00767	0.004997	0.00231	3.4	5.845	4.689	5.05	5.185	6.502e-05
0.006267	0.004979	0.00332	0.001592	3.4	3.58	3.942	3.97	4.128	0.000224
0.003674	0.003509	0.002756	0.001495	3.4	3.583	3.345	3.36	4.367	1.811e-05
0.004191	0.003529	0.002548	0.001444	3.4	3.16	3.235	3.518	4.021	2.687e-05
0.00304102	0.00297885	0.00244353	0.0014451	3.4	3.43945	3.25379	3.33634	4.25308	3.71571e-05
0.00638468	0.00420378	0.00286186	0.00140415	3.4	3.61946	3.63532	3.82902	4.28672	2.95409e-05
0.00352439	0.0030131	0.00260403	0.00170386	3.4	2.88968	3.38611	3.46905	4.47023	0.000237965
0.00492637	0.00374865	0.00271324	0.00155992	3.4	3.00033	3.58188	3.55098	4.1339	0.000384067
0.00440707	0.00409438	0.00326823	0.00188969	3.4	3.94318	3.51667	3.72582	4.77342	3.61463e-05
0.00424548	0.00353599	0.00263558	0.00141925	3.4	3.16275	3.4333	3.43156	4.03624	5.80613e-05
0.00449201	0.00394867	0.00305191	0.00163904	3.4	3.46212	3.75989	3.65914	4.35199	0.000100163
0.00408095	0.00330847	0.00230587	0.00124972	3.4	2.7234	2.91487	3.44192	3.90557	7.90398e-05
0.00423795	0.00381696	0.00290888	0.00170021	3.4	3.81721	3.2381	3.65446	4.60356	3.23303e-05
0.00979496	0.00761062	0.00455591	0.00191999	3.4	4.15368	3.89147	4.61011	4.90101	4.01554e-05
0.00329071	0.0034921	0.0029838	0.00179709	3.4	3.19466	3.60327	3.40816	4.61745	8.53114e-05
0.00610724	0.00484227	0.00354097	0.00192543	3.4	4.55601	3.99894	4.0251	4.68268	2.9616e-05
0.00577245	0.00441188	0.0029217	0.00140269	3.4	3.28127	3.4686	3.68232	3.93638	2.15137e-05
0.00540192	0.00428807	0.00275079	0.00130878	3.4	3.40751	3.44297	3.75335	3.81397	4.29264e-05
0.00521412	0.00373121	0.00278419	0.00155843	3.4	4.19268	3.90896	3.56527	4.23991	0.000106901
0.00435731	0.00370523	0.00288144	0.00158065	3.4	3.48073	3.76523	3.70721	4.32982	0.000125006
0.00467808	0.00377321	0.00277055	0.00141861	3.4	2.99795	3.2089	3.5653	4.36501	4.14811e-05
0.00513659	0.00461939	0.00341567	0.00174047	3.4	3.51297	3.65018	3.85131	4.6489	5.38188e-05
0.00946378	0.00690826	0.00424194	0.00187655	3.4	4.7338	4.4434	4.73318	4.46463	0.00016585
0.00663343	0.00523824	0.003767	0.00188938	3.4	4.55994	4.10551	4.26835	4.72908	2.76211e-05
0.005633	0.00565651	0.00424363	0.00202017	3.4	4.2054	3.91284	4.1767	5.06581	2.47752e-05
0.00303846	0.00257152	0.00231297	0.00158706	3.4	3.02668	3.29075	3.19192	4.37801	0.000228081
0.00210309	0.0023008	0.00189016	0.00119035	3.4	2.3646	2.5968	2.96646	3.8069	1.66789e-05
0.00781598	0.00610346	0.00392311	0.00170815	3.4	4.17513	4.04916	4.41978	4.60406	7.07876e-05
0.00446943	0.00393137	0.00294482	0.00160939	3.4	3.53965	3.61541	3.62563	4.35126	9.9987e-05
0.00642315	0.00484736	0.00318793	0.00144321	3.4	4.69658	3.98029	3.81573	4.14002	4.22387e-05
0.00685852	0.00567443	0.00362736	0.0016525	3.4	3.89442	3.95247	4.10677	4.22288	0.000116054
0.0130462	0.00976346	0.00618718	0.00286284	3.4	6.19563	5.0671	5.14822	5.48269	5.17049e-05
0.00616085	0.00486602	0.00341207	0.00159161	3.4	4.23523	3.96362	3.96544	4.59019	3.09059e-05
0.00773762	0.00553263	0.0037411	0.00186156	3.4	4.27772	4.1574	4.17285	4.77508	0.000184191
0.0114117	0.00794996	0.00487247	0.00204601	3.4	4.93629	4.94776	4.99036	4.82031	0.000161349
0.00445237	0.00396536	0.00285944	0.00157621	3.4	3.34215	3.36994	3.61989	4.23233	3.77947e-05
0.00363321	0.00293905	0.00234478	0.00142169	3.4	2.87785	3.16192	3.20512	4.23409	9.12579e-05
0.0117909	0.00800493	0.0051189	0.00238016	3.4	5.49121	4.67968	5.03451	5.02317	0.000191781
0.00645609	0.00479384	0.00304913	0.00142295	3.4	3.49963	3.23881	3.96089	4.20968	1.74972e-05
0.0103634	0.00757254	0.00490979	0.00249763	3.4	4.8039	4.51433	4.86164	5.12798	0.000145871
0.00649466	0.00573652	0.00432683	0.00218358	3.4	4.38073	4.40608	4.38289	5.09473	0.000218853
0.00534005	0.00431423	0.00324325	0.00171652	3.4	4.11061	3.89595	3.80598	4.528	3.95263e-05
0.0054697	0.00434721	0.0033892	0.00190691	3.4	4.2217	4.03237	3.91526	4.63485	3.71341e-05
0.00879987	0.00614074	0.00417188	0.00208019	3.4	4.90491	4.47806	4.61874	4.79413	0.000130975
0.00360468	0.0035013	0.00246721	0.0012122	3.4	2.58509	3.24697	3.41707	3.76785	0.000149582
0.00431039	0.00383147	0.0027921	0.00140745	3.4	3.51823	3.58383	3.71341	4.06006	0.000120509
0.0059618	0.00529639	0.0040176	0.00209648	3.4	3.91086	4.1782	4.36728	4.89904	0.000120615
0.00769414	0.00550232	0.00346583	0.00161485	3.4	3.80045	3.99538	4.08984	4.16586	8.66853e-05
0.00663142	0.00487967	0.00354015	0.0018287	3.4	4.45912	4.08541	4.19418	4.82177	4.96293e-05
0.00771155	0.00538561	0.00391835	0.00221766	3.4	4.76163	4.34238	4.30757	4.79228	0.00019413
0.0057255	0.00466289	0.0033635	0.00164622	3.4	3.37628	3.73597	3.95262	4.50884	6.39111e-05
0.0040805	0.00377889	0.00306801	0.00164754	3.4	3.40342	3.92562	3.67744	4.40338	0.000339888
0.00467389	0.00440732	0.0030793	0.0014843	3.4	3.35653	3.15739	3.96493	4.58453	9.51509e-06
0.00549466	0.00433577	0.00322414	0.00167854	3.4	3.98308	3.70775	3.85795	4.53325	4.80818e-05
0.00619891	0.00478778	0.0037326	0.00208986	3.4	4.81821	4.00377	4.21532	5.08263	6.52776e-05
0.00346106	0.0027623	0.0023352	0.00146396	3.4	3.14122	3.32646	3.21066	4.29786	0.000216929
0.00299261	0.0028134	0.00235587	0.00139016	3.4	2.5373	3.01363	3.2852	4.1632	0.000134434
0.00430691	0.00410041	0.00279976	0.00134018	3.4	2.67646	2.99237	3.67887	4.12275	1.77618e-05
0.00706839	0.0054837	0.00376952	0.00184994	3.4	4.01713	4.23268	4.0811	4.43272	0.000441469
0.00438955	0.00342134	0.00271519	0.00165271	3.4	3.23287	3.68199	3.48761	4.2642	0.000234777
0.0089543	0.00615615	0.0041465	0.00197196	3.4	4.05206	4.29802	4.5433	4.86279	0.000210218
0.00712128	0.00563904	0.00390878	0.001928	3.4	3.56899	3.93028	4.36846	4.81826	9.14371e-05
0.0045777	0.00371886	0.00278682	0.00145848	3.4	3.08467	3.43649	3.57414	4.1947	5.20053e-05
0.00608596	0.00481462	0.00370578	0.0020488	3.4	3.86533	4.52228	3.9732	4.56805	0.000296594
0.00429905	0.00345571	0.00229238	0.00110514	3.4	2.7077	2.97435	3.41677	3.72597	6.31716e-05
0.00576451	0.00431988	0.00328399	0.00186773	3.4	3.51206	4.20942	3.80309	4.34356	0.000186831
0.00477311	0.00390517	0.00272076	0.0012953	3.4	3.83822	3.47287	3.49932	4.0118	3.77597e-05
0.00634551	0.00520524	0.00375657	0.0018922	3.4	4.09272	3.79442	4.10445	4.887	3.59388e-05
0.00837948	0.00587201	0.00422409	0.00222516	3.4	4.47842	4.43479	4.27494	4.99005	0.000195138
0.00626645	0.00488786	0.00345668	0.0017061	3.4	3.23666	3.8407	3.98472	4.49914	9.46919e-05
0.0142362	0.00897269	0.00590048	0.00268729	3.4	6.22703	5.28079	5.52672	5.54921	0.000734231
0.00789534	0.00559251	0.00379236	0.00186111	3.4	4.22359	4.24202	4.38495	4.55013	0.000431687
0.00795376	0.00588107	0.0039615	0.00203646	3.4	3.93145	4.12238	4.37664	4.60649	0.000350885
0.00872368	0.00705641	0.00480269	0.00225553	3.4	4.62789	4.34479	4.67556	5.25228	4.2507e-05
0.00374742	0.00300515	0.00209049	0.00109446	3.4	2.99957	3.18864	3.1106	3.39716	6.1835e-05
0.0043548	0.00394004	0.00294423	0.00163279	3.4	3.96835	3.84263	3.77181	4.10641	0.000167309
0.0067251	0.00498711	0.00326133	0.00156048	3.4	3.28925	3.55325	3.93406	4.40805	0.000107783
0.00349683	0.00358674	0.00288822	0.00148267	3.4	3.43492	3.24023	3.50999	4.64603	5.03422e-06
0.00554079	0.00399113	0.00270617	0.0013643	3.4	3.59951	3.26776	3.65906	4.20887	4.16087e-05
0.00243307	0.00204872	0.00155951	0.000828676	3.4	2.41992	2.69363	2.80963	3.42466	4.34815e-05
0.00599324	0.00491805	0.0030563	0.00143897	3.4	3.49499	3.32902	3.85327	3.97916	1.58219e-05
0.00445534	0.00362845	0.00255868	0.00128622	3.4	2.87145	3.22878	3.54593	4.03811	8.04378e-05
0.0038441	0.00336405	0.00254472	0.00140626	3.4	2.85184	3.22844	3.34365	4.15259	5.51743e-05
0.00480733	0.00428301	0.00309767	0.00159426	3.4	3.0182	3.4641	3.7336	4.3927	0.000119647
0.00225705	0.00209932	0.00206584	0.00149413	3.4	2.70866	3.36999	2.94174	4.10091	0.000290291
0.00352127	0.00327666	0.00251359	0.00140719	3.4	3.06514	3.17197	3.27025	4.27391	1.76705e-05
0.00371778	0.00360065	0.00269293	0.00138956	3.4	3.04504	3.3059	3.53752	4.15688	4.23951e-05
0.00427631	0.00377225	0.00294544	0.00164216	3.4	3.0034	3.40128	3.62143	4.56051	0.000116612
0.00798933	0.00602749	0.00420458	0.00200356	3.4	4.21036	4.22502	4.34282	4.9412	0.000134844
0.00676913	0.00488598	0.00355668	0.0018191	3.4	3.94412	4.40732	4.0362	4.48878	0.000685195
0.00666691	0.00554178	0.0037569	0.00182801	3.4	3.47605	3.62089	4.11276	4.72385	4.63475e-05
0.00620269	0.00396626	0.00258768	0.00139085	3.4	3.54139	3.36624	3.6904	3.95409	0.000122595
0.00452965	0.00386502	0.00329046	0.00205249	3.4	3.87805	3.8235	3.79262	4.89986	0.000504146
0.00395051	0.00339656	0.00284572	0.00165828	3.4	3.28049	3.96115	3.53707	4.2216	0.000309852
0.00593788	0.00408799	0.00270035	0.0014404	3.4	3.291	3.44156	3.67792	3.98264	4.55381e-05
0.0062057	0.00479153	0.00333037	0.00163025	3.4	4.39347	3.99255	4.01483	4.38019	0.000107857
0.00845561	0.00681203	0.00500972	0.00240645	3.4	5.18508	5.18139	4.63822	5.10476	0.000288468
0.00583281	0.00470068	0.00386013	0.00229049	3.4	4.43992	4.47096	3.91324	5.02011	0.000932933
0.00429268	0.00387527	0.00294013	0.00151571	3.4	3.42132	3.61156	3.6147	4.31166	6.76693e-05
0.00453551	0.00384031	0.00258175	0.00115847	3.4	3.21379	3.48142	3.56715	3.84052	5.24897e-05
0.00246842	0.00240677	0.00190225	0.00115672	3.4	2.07408	2.61406	2.97871	3.78207	9.205e-05
0.00298598	0.0026983	0.0022209	0.00124258	3.4	2.86697	3.21199	3.12199	4.06512	4.53105e-05
0.00569654	0.00474352	0.00347222	0.00171499	3.4	4.10682	3.72484	3.97318	4.67729	3.2047e-05
0.0061223	0.00426791	0.00309659	0.00171212	3.4	4.21894	4.24444	3.84788	4.35469	0.000556626
0.00219866	0.00233143	0.00197181	0.00112354	3.4	2.15019	2.88472	2.78904	3.80592	9.63461e-05
0.00318029	0.0026455	0.00202169	0.0011684	3.4	2.93449	3.04796	3.04525	3.75869	8.08981e-05
0.0043559	0.00342005	0.00250414	0.00128382	3.4	3.29392	3.4931	3.35388	4.02284	0.000136664
0.00575462	0.00443589	0.00326628	0.00178664	3.4	3.76822	3.79299	3.84908	4.53127	7.96742e-05
0.0147443	0.00998233	0.00581498	0.00245519	3.4	5.48582	5.09391	5.67208	4.85956	0.000164255
0.00479433	0.00402081	0.00344496	0.00209035	3.4	4.40524	4.05772	3.78081	5.01737	0.000108785
0.00590364	0.00501393	0.00372164	0.00191626	3.4	3.79625	3.98459	3.92378	4.7635	7.88013e-05
0.00411331	0.00340766	0.00264985	0.00143307	3.4	3.35229	3.39076	3.37724	4.32675	5.39229e-05
0.00544346	0.00426459	0.00362627	0.00230802	3.4	4.07321	4.39769	3.97257	5.01334	0.000617817
0.00414114	0.00368579	0.00279003	0.00159477	3.4	3.22748	3.46734	3.62373	4.23162	7.51382e-05
0.00704092	0.00520308	0.00411873	0.00244994	3.4	4.3932	4.69555	4.13596	5.16461	0.000445484
0.00784791	0.00496557	0.00324729	0.0015168	3.4	3.90971	3.77067	3.81972	4.38222	8.46563e-05
0.00496745	0.00458334	0.00302751	0.00140625	3.4	3.60743	3.2091	3.7202	4.12219	2.06973e-05
0.00541377	0.00468364	0.00347516	0.0018822	3.4	3.47355	3.65363	3.94913	4.90875	8.9335e-05
0.00383849	0.00343113	0.00272087	0.00155797	3.4	3.02278	3.37453	3.48886	4.42152	9.51421e-05
0.00841849	0.00656188	0.0044317	0.00217685	3.4	4.68951	4.41981	4.4396	4.87109	7.25666e-05
0.00572905	0.00441859	0.00334346	0.00181488	3.4	4.55983	4.28594	4.01513	4.46146	0.00039395
0.00625091	0.00515837	0.00354548	0.00169801	3.4	3.9172	4.03554	3.98797	4.38435	0.000154308
0.00458456	0.00403136	0.00289637	0.00150341	3.4	3.11159	3.1863	3.60931	4.35015	6.19301e-05
0.0059742	0.00444926	0.00319099	0.00151107	3.4	3.95564	3.93916	3.90079	4.3205	0.000155872
0.00538304	0.00449672	0.00318894	0.00163072	3.4	3.44196	3.34454	3.87717	4.42725	2.83132e-05
0.00351473	0.0028462	0.00225022	0.00131684	3.4	3.04697	3.27381	3.27696	3.98663	0.000119902
0.00711463	0.00556118	0.00403176	0.00185476	3.4	4.33787	4.18052	4.19765	5	9.98494e-05
0.00834168	0.00566	0.00352437	0.00158768	3.4	4.20914	3.74868	4.34698	4.35533	4.59314e-05
0.00550179	0.00442267	0.0029599	0.00144723	3.4	3.66279	3.5079	3.6794	4.15493	4.28428e-05
0.00617164	0.00465103	0.00325638	0.00165898	3.4	4.06349	4.0591	3.8226	4.30649	0.000117836
0.00364219	0.00310214	0.00243721	0.00139758	3.4	2.78865	2.96296	3.21511	4.31685	0.000109431
0.00644656	0.00495492	0.00340066	0.00157564	3.4	3.81371	3.87838	4.03423	4.47631	5.6503e-05
0.0119112	0.00766382	0.00420176	0.00155191	3.4	4.93437	4.09698	4.88758	4.33585	3.35546e-05
0.0135639	0.00815629	0.00513757	0.00266744	3.4	5.53568	4.7096	5.09102	5.21146	0.00045856
0.00597375	0.0043664	0.00292	0.0014494	3.4	3.70281	3.50913	3.65924	4.06475	2.9226e-05
0.00625139	0.00498466	0.00309444	0.00144857	3.4	3.47679	3.46835	4.11477	4.09199	2.51232e-05
0.0115095	0.00766435	0.00506752	0.00236703	3.4	4.23105	4.63939	4.94313	5.27023	0.000140176
0.0093189	0.00597178	0.00433844	0.00232613	3.4	4.36174	4.5633	4.49334	5.18782	0.000168095
0.00564821	0.00400181	0.0028094	0.00145253	3.4	3.25631	3.71319	3.70741	4.05129	0.000153695
0.00644354	0.0050463	0.00354258	0.00171473	3.4	4.14486	4.03904	4.03325	4.46889	4.11311e-05
0.00564842	0.0038985	0.0027109	0.0015102	3.4	2.97582	3.36298	3.64412	4.15579	7.52023e-05
0.00200347	0.00197883	0.00166888	0.000987113	3.4	2.26698	2.68868	2.73497	3.64132	3.10588e-05
0.00354668	0.00303891	0.00248846	0.0013525	3.4	3.57299	3.48004	3.20625	4.15705	5.20225e-05
0.00534458	0.00460884	0.00324885	0.00165391	3.4	3.38522	3.62306	3.87147	4.34625	6.78612e-05
0.00456675	0.00390988	0.00288814	0.0015901	3.4	3.26554	3.63035	3.59504	4.19909	0.000101164
0.00451567	0.00355061	0.00263928	0.00141672	3.4	3.07982	3.6231	3.56362	4.05366	0.000115198
0.00618184	0.00477235	0.00357091	0.00190207	3.4	4.3091	3.74626	4.02182	4.91533	5.46695e-05
0.00504307	0.00485484	0.00379044	0.00203162	3.4	3.68279	4.1273	4.07186	4.81542	0.000144253
0.00368327	0.0028225	0.00229349	0.00128953	3.4	3.19839	3.38236	3.25772	4.17472	9.32271e-05
0.00375271	0.0037259	0.00273815	0.00137515	3.4	2.84524	3.378	3.47909	4.0268	0.000151756
0.00573776	0.00483586	0.00354777	0.00179362	3.4	3.94924	3.82096	3.94751	4.5716	4.13072e-05
0.00411492	0.00340905	0.00250288	0.00131629	3.4	3.13204	3.55785	3.47958	3.98871	0.000181344
0.00714724	0.00515428	0.00375297	0.00209469	3.4	4.14731	3.82532	4.33758	4.87832	0.000246551
0.00564696	0.00485392	0.00300998	0.00125108	3.4	3.5302	3.54478	3.91279	3.96239	1.13886e-05
0.00886747	0.00594758	0.00372893	0.00171863	3.4	4.31791	4.11069	4.09655	4.43295	0.000116613
0.00265219	0.00238654	0.0020387	0.00129797	3.4	2.61744	3.03966	2.96023	4.04426	9.66873e-05
0.00527435	0.00379648	0.00284726	0.00161862	3.4	3.56416	3.55377	3.66394	4.46411	0.000230204
0.00398236	0.00323692	0.00253826	0.00147641	3.4	2.8938	3.55556	3.4706	4.07704	0.000278638
0.00538092	0.00437373	0.00295469	0.00149555	3.4	2.73127	3.32868	3.74505	4.17332	0.000135734
0.00791437	0.0055303	0.00382313	0.00184439	3.4	4.31162	4.19907	4.21927	4.70658	8.75615e-05
0.00459976	0.00324373	0.00254704	0.00138637	3.4	3.33276	3.56925	3.56032	4.31447	0.000109585
0.00563918	0.00448036	0.00315489	0.00162573	3.4	3.8155	3.58258	3.8037	4.5369	9.15552e-05
0.00958147	0.00643803	0.00422175	0.00202183	3.4	4.58843	4.29597	4.53931	4.94993	8.19012e-05
0.0058258	0.00471619	0.00330746	0.00149499	3.4	3.75482	3.82769	3.88338	4.31538	3.39614e-05
0.00530585	0.00420369	0.00313488	0.00175737	3.4	3.378	3.38732	3.70732	4.67783	2.68975e-05
0.00301293	0.00296393	0.00248678	0.00153058	3.4	3.34885	3.41119	3.27	4.23874	3.42441e-05
0.00949293	0.00675343	0.00424648	0.00182608	3.4	4.55192	4.55217	4.74421	4.40321	7.85709e-05
0.00656947	0.00494436	0.00331135	0.00152213	3.4	3.83157	3.77914	3.9839	4.36167	3.32327e-05
0.00250065	0.00236207	0.00196263	0.00115782	3.4	2.66141	3.16367	2.95801	3.70534	0.0001352
0.0088976	0.00722735	0.0049486	0.00256027	3.4	4.61464	4.37003	4.7705	5.33209	8.63032e-05
0.00340975	0.00303274	0.00219415	0.00110862	3.4	2.88002	3.21774	3.14152	3.69388	2.62544e-05
0.00664053	0.00561944	0.00391032	0.00181194	3.4	4.04561	4.29348	4.18131	4.53786	0.000201658
0.00450272	0.00401041	0.00295801	0.00150004	3.4	3.40084	3.90774	3.59866	4.00467	0.000115687
0.00491255	0.00390665	0.00282224	0.00148104	3.4	3.68061	3.85294	3.59612	3.98479	0.000187654
0.00924257	0.00653152	0.00454143	0.00231315	3.4	5.01722	4.54627	4.51193	5.1415	0.000424749
0.00784429	0.00591995	0.00436136	0.00217645	3.4	4.66537	4.44952	4.36273	5.21333	0.000185502
0.0034834	0.00343421	0.00297233	0.00176487	3.4	2.86986	3.61131	3.57726	4.57901	0.000103771
0.00333277	0.00251017	0.0020761	0.00130123	3.4	2.72981	3.13186	3.12034	4.07599	0.000159345
0.00464421	0.00395275	0.00273378	0.00130471	3.4	3.36217	3.49373	3.52393	3.94332	1.58356e-05
0.00483178	0.00385671	0.00265351	0.00137178	3.4	3.5502	3.47225	3.51273	4.02623	3.88478e-05
0.00531393	0.00459402	0.00336325	0.0016402	3.4	3.47324	3.61856	3.8981	4.5677	6.06734e-05
0.00411936	0.00345824	0.00231749	0.001125	3.4	2.63669	3.17742	3.38351	3.71422	6.41475e-05
0.00823465	0.00625103	0.00435787	0.00200344	3.4	4.65607	4.6203	4.40188	4.7176	0.000135658
0.00594054	0.00496218	0.00319103	0.00154294	3.4	3.05577	3.39189	3.81615	4.15957	4.7745e-05
0.00425383	0.00365298	0.00280301	0.00157654	3.4	3.55707	3.51915	3.68226	4.34936	5.84846e-05
0.00506911	0.00403247	0.00301878	0.00160737	3.4	4.13734	3.67422	3.68328	4.57768	2.75838e-05
0.00607788	0.00591456	0.00455455	0.00239244	3.4	4.49776	4.50002	4.2522	5.02927	5.62064e-05
0.0111577	0.00697095	0.00436139	0.00195446	3.4	4.07373	4.53467	4.75127	4.72073	0.000317404
0.00702006	0.00562032	0.00396015	0.00203426	3.4	4.39805	4.3088	4.15825	4.63444	0.000111348
0.00419208	0.00359221	0.00272661	0.00147428	3.4	3.36932	3.51502	3.45012	4.27026	8.76258e-05
0.00400231	0.0032704	0.00262091	0.00157812	3.4	3.35938	3.57231	3.32762	4.25393	0.000252639
0.00614029	0.00514919	0.0036247	0.00171844	3.4	4.10396	4.0475	3.9986	4.59467	3.58981e-05
0.00304876	0.00267199	0.00210926	0.00136781	3.4	2.30866	2.9004	3.10561	3.91237	0.000204402
0.0031397	0.00261605	0.00225317	0.00141528	3.4	2.64731	3.19231	3.07983	4.16192	0.000337489
0.00801082	0.00598964	0.0042061	0.00212312	3.4	5.22799	4.11897	4.55052	4.96571	4.9893e-05
0.005362	0.003947	0.00295457	0.00156221	3.4	3.54288	3.67543	3.71999	4.30125	9.78341e-05
0.00423993	0.00366325	0.00280969	0.00156087	3.4	2.8703	3.57638	3.53271	4.20867	0.000106129
0.00691544	0.00526776	0.00363536	0.00179482	3.4	3.64143	3.6602	4.03661	4.87155	2.10871e-05
0.00376339	0.00286169	0.00203089	0.00107811	3.4	2.97668	2.90691	3.17689	3.73169	3.64757e-05
0.00561211	0.00480926	0.00351872	0.00175594	3.4	3.46201	3.89458	3.83383	4.59367	0.000149142
0.00457313	0.00448975	0.00331512	0.00182767	3.4	3.43425	3.70877	3.77613	4.40692	0.00020886
0.0029162	0.00313119	0.00248324	0.00134302	3.4	2.83201	3.0565	3.37289	4.19651	2.26113e-05
0.00694891	0.0055667	0.00354829	0.00165063	3.4	4.12957	3.79749	4.18844	4.32381	1.4538e-05
0.00672802	0.00453824	0.00281081	0.0012981	3.4	3.64553	3.39962	3.92198	3.9299	2.55644e-05
0.0079281	0.00566691	0.00379949	0.00176034	3.4	3.9072	3.9544	4.22465	4.68057	9.69675e-05
0.004592	0.00377822	0.00314091	0.00194214	3.4	3.62563	3.92526	3.70637	4.72705	0.000579132
0.00846762	0.00593092	0.00381906	0.00181301	3.4	3.86005	3.86102	4.21574	4.57851	8.76023e-05
0.00531056	0.00381539	0.00302603	0.00182269	3.4	3.62171	3.95628	3.76181	4.51749	0.000361628
0.00318763	0.00290795	0.0023285	0.00142667	3.4	2.46464	3.19494	3.04879	3.94379	0.000102639
0.0057076	0.00467486	0.00346479	0.00198488	3.4	4.25198	3.87224	3.93289	4.50815	0.000129163
0.00607962	0.00416333	0.00313188	0.00165734	3.4	4.06276	4.2389	3.77593	4.36051	0.000223631
0.00652358	0.004623	0.00313623	0.00153549	3.4	3.67789	3.84584	3.93199	4.21514	0.000190488
0.00495758	0.0037067	0.00263495	0.00141928	3.4	3.40697	3.43385	3.5539	4.1039	7.92277e-05
0.00504218	0.0042968	0.0031316	0.00153753	3.4	3.49881	3.72142	3.92641	4.29851	0.000131021
0.00841063	0.00697607	0.00430549	0.00193568	3.4	4.42653	4.08759	4.5995	4.65267	9.01811e-05
0.00463315	0.00372549	0.00267923	0.00133539	3.4	3.36934	3.18308	3.55844	4.29171	1.50613e-05
0.00821935	0.0053181	0.00354314	0.00184391	3.4	3.76038	4.13342	4.08649	4.50946	0.000393958
0.00404302	0.00345898	0.00250393	0.00123826	3.4	3.06009	3.17666	3.52566	4.05024	2.191e-05
0.00367578	0.00367336	0.00281914	0.00149556	3.4	2.94234	3.22711	3.44828	4.37362	2.43278e-05
0.00709721	0.00518021	0.00304656	0.00126241	3.4	3.23732	3.4228	4.13832	3.98717	4.61308e-05
0.00340801	0.00306077	0.00234088	0.00123093	3.4	2.80223	3.24145	3.23044	3.93111	1.6e-05
0.00529187	0.0038027	0.00260728	0.00136693	3.4	3.15858	3.33929	3.5587	4.02401	9.83927e-05
0.00237229	0.00223671	0.00177707	0.00105699	3.4	2.57032	2.63324	2.90663	3.6385	1.80403e-05
0.00640996	0.00537659	0.00365497	0.00184667	3.4	3.85599	3.65567	3.89637	4.75804	6.84758e-05
0.0049044	0.0043649	0.00310262	0.00162503	3.4	3.41474	3.50738	3.77675	4.36177	5.99172e-05
0.00620204	0.00419516	0.00322458	0.00174156	3.4	3.87955	3.92102	3.68085	4.76957	9.81414e-05
0.00469589	0.00395538	0.00301987	0.00177766	3.4	3.28724	3.36155	3.74926	4.65822	7.85217e-05
0.00658108	0.00563972	0.00384259	0.00177247	3.4	4.49241	4.2688	4.06849	4.47196	4.62045e-05
0.00509048	0.00442651	0.00306764	0.00153985	3.4	3.56218	3.36942	3.81169	4.23255	3.21041e-05
0.00505864	0.00456085	0.00334801	0.00173555	3.4	3.83919	3.72965	3.77231	4.46741	5.61034e-05
0.0101874	0.0073646	0.00466591	0.00213986	3.4	4.89937	4.38611	4.69686	4.92612	3.36408e-05
0.00591369	0.00423046	0.00297748	0.00142411	3.4	3.85239	3.8798	3.76513	4.25745	9.82709e-05
0.00671978	0.00581031	0.00397817	0.00191042	3.4	4.06509	4.13256	4.24347	4.66777	6.53144e-05
0.00562217	0.00484443	0.00336339	0.00160901	3.4	3.73137	3.46921	3.98161	4.58562	2.35203e-05
0.00484641	0.00422841	0.00330053	0.00185102	3.4	3.38195	3.70229	3.72099	4.76156	7.30467e-05
0.00801716	0.00488531	0.0034521	0.00190452	3.4	4.0417	4.0414	4.17542	4.69322	0.000216569
0.0023059	0.00209887	0.00167189	0.000927806	3.4	2.48612	2.75542	2.68554	3.44819	1.75935e-05
0.00422165	0.00351213	0.0024328	0.00121434	3.4	3.1078	3.23518	3.50958	3.9562	3.02485e-05
0.00278151	0.00220613	0.00172666	0.000985816	3.4	2.46838	2.73435	2.83098	3.66061	6.17905e-05
0.0064537	0.00548525	0.00421579	0.00233492	3.4	3.92355	4.0741	4.18787	5.21251	0.000142647
0.00643209	0.00437577	0.00285996	0.001255	3.4	4.01253	3.79417	3.87501	3.93414	3.20384e-05
0.00428168	0.00367453	0.00274994	0.00162874	3.4	3.50066	3.14698	3.53483	4.37687	7.2553e-05
0.00325008	0.00311252	0.00255093	0.00158525	3.4	2.88615	3.26796	3.24054	4.29389	7.93042e-05
0.010896	0.0078961	0.00581225	0.00307646	3.4	5.7409	5.02379	4.95336	6.00438	0.000378264
0.00265766	0.0027452	0.00210555	0.00114113	3.4	2.47363	3.0209	3.07423	3.64246	2.60875e-05
0.00734348	0.00554655	0.00353215	0.00168094	3.4	3.84149	3.79861	4.14826	4.44968	6.9902e-05
0.00407741	0.0037841	0.00298865	0.00168426	3.4	3.6162	3.91847	3.65501	4.30884	6.10563e-05
0.00627741	0.00494527	0.00354529	0.00185586	3.4	4.03878	3.99876	4.12053	4.50136	0.000189227
0.00848057	0.00642789	0.00410827	0.00184709	3.4	4.86589	4.56965	4.5777	4.40341	0.000280175
0.00297394	0.00276878	0.00225664	0.00123478	3.4	2.28872	3.1021	3.11783	4.07943	5.79798e-05
0.00403803	0.00371442	0.00284803	0.00151085	3.4	3.4742	3.54777	3.55791	4.40746	3.77471e-05
0.00626109	0.00498994	0.00364001	0.00191284	3.4	4.0878	4.06007	4.05325	4.65082	0.000240664
0.00633947	0.00552157	0.00389034	0.00181201	3.4	4.5698	4.01703	4.07178	4.80745	3.16696e-05
0.00526372	0.00516411	0.00361995	0.00175383	3.4	4.12145	3.64769	4.09834	4.613	9.25053e-06
0.0059027	0.00417116	0.00327489	0.00174146	3.4	3.18534	3.96468	3.68516	4.70309	0.000332833
0.00695949	0.00479329	0.00324918	0.00147415	3.4	3.70549	3.83759	3.93604	4.46407	3.1663e-05
0.00458032	0.00384388	0.00279094	0.00143485	3.4	3.27588	3.66887	3.4799	4.07246	6.98081e-05
0.00459579	0.00295269	0.00214911	0.00116165	3.4	3.18621	3.32413	3.29741	3.82167	0.000139438
0.0046659	0.00432862	0.00330088	0.00186727	3.4	3.76953	3.47088	3.76193	4.66706	5.44741e-05
0.00333952	0.00290968	0.00238388	0.00138524	3.4	2.72099	3.56778	3.1977	4.00141	0.000409967
0.00525001	0.00402616	0.00309684	0.00160212	3.4	3.4641	3.58462	3.72757	4.65387	0.000108726
0.00844711	0.00609161	0.00370383	0.00158829	3.4	4.46453	3.7286	4.31707	4.38882	1.36501e-05
0.00462468	0.00366057	0.00268895	0.00149235	3.4	3.8005	3.50282	3.6524	4.15352	5.32899e-05
0.00915749	0.00578526	0.00387012	0.00185651	3.4	4.13335	4.34522	4.34944	4.77412	0.000194442
0.00211507	0.00183107	0.00162317	0.00100648	3.4	2.4195	3.02663	2.60892	3.50458	0.000201216
0.00612968	0.00534602	0.00355928	0.00173533	3.4	3.63899	3.64671	4.17795	4.41265	8.5612e-05
0.0056586	0.00401825	0.0028912	0.00156876	3.4	3.44882	3.60108	3.6703	4.24167	8.1325e-05
0.00800492	0.00618409	0.00453498	0.00231681	3.4	5.01796	4.56121	4.52428	5.19676	0.000115337
0.00599618	0.00559558	0.00393359	0.00188251	3.4	3.83172	3.76821	4.23603	4.72048	2.70059e-05
0.0093684	0.0068508	0.00421962	0.00175183	3.4	4.79736	4.12193	4.74289	4.72912	1.72003e-05
0.00416335	0.00352531	0.00258476	0.00132323	3.4	3.30385	3.4512	3.47987	3.95782	4.87555e-05
0.00628352	0.00443185	0.00294287	0.00135722	3.4	3.18763	3.37874	3.81976	4.16174	0.000180849
0.00506676	0.00422202	0.00327236	0.00170237	3.4	4.37947	3.93459	3.83668	4.63785	2.72777e-05
0.00511108	0.00378668	0.00285471	0.00158756	3.4	3.44134	3.96851	3.64585	4.08615	0.000213935
0.00644744	0.00471683	0.0031613	0.00164538	3.4	4.0821	3.70349	3.99866	4.30439	0.000126453
0.00283535	0.00259768	0.00220868	0.00126492	3.4	2.75237	3.28257	3.18154	3.98659	9.64709e-05
0.0120857	0.00972559	0.00594636	0.00258187	3.4	4.66752	4.55429	5.26547	5.34278	0.000116035
0.0055861	0.00424407	0.00316725	0.00175926	3.4	3.6737	3.88518	3.77298	4.49005	0.000110708
0.00508185	0.00396028	0.00316832	0.00178866	3.4	3.74293	3.98627	3.73387	4.66712	0.000366107
0.00474721	0.00359671	0.00274866	0.00153248	3.4	3.11282	3.82418	3.57405	4.13491	0.00026923
0.00650765	0.0056725	0.00379202	0.00179687	3.4	4.36902	3.79121	4.34206	4.65458	4.22937e-05
0.0063846	0.0044007	0.0031461	0.00164477	3.4	3.89275	3.93827	3.88048	4.45387	0.000338573
0.00973631	0.00625809	0.00403099	0.00181743	3.4	4.27124	4.39973	4.53062	4.64815	0.000245926
0.0061441	0.00552297	0.00362621	0.00168587	3.4	3.96244	3.94413	4.14903	4.24225	7.92531e-05
0.00375776	0.00356894	0.00271177	0.0013912	3.4	3.08583	3.61808	3.38538	4.08175	0.000140285
0.00425902	0.00355168	0.00294971	0.0018062	3.4	3.33984	3.50391	3.5596	4.83913	0.000128532
0.00431563	0.00396338	0.00316946	0.00181976	3.4	3.33921	3.46924	3.66586	4.81844	3.86414e-05
0.00683514	0.00530508	0.00362262	0.00171365	3.4	3.85544	3.93068	4.11541	4.56261	0.000139662
0.00328021	0.00300046	0.00255635	0.00153091	3.4	3.01013	3.34924	3.23622	4.50829	0.000110507
0.00903795	0.00615331	0.00415268	0.00201164	3.4	5.19265	4.46789	4.44158	4.79814	7.19538e-05
0.00455277	0.00450407	0.00343474	0.00188975	3.4	3.85176	3.656	3.92209	4.74979	2.77887e-05
0.00270953	0.00237374	0.00186869	0.00106045	3.4	2.17569	2.77361	3.01362	3.64422	0.000131477
0.00362828	0.00330537	0.00272842	0.00145709	3.4	3.49271	3.64159	3.53738	4.42966	4.32852e-05
0.00762038	0.005897	0.00400835	0.0019764	3.4	4.4948	3.91722	4.34222	4.79913	2.9284e-05
0.0089468	0.00646671	0.00430026	0.00207702	3.4	4.5335	4.30557	4.47065	4.87501	6.66342e-05
0.00447408	0.0036917	0.00266354	0.0013878	3.4	2.98435	3.39643	3.52304	4.19544	0.000116538
0.00270126	0.00278608	0.002162	0.00114485	3.4	2.7133	3.16532	3.03663	3.72489	4.53114e-05
0.00758552	0.00672637	0.00472393	0.00231552	3.4	4.27154	4.28773	4.58798	5.20557	5.20219e-05
0.00487815	0.00434309	0.00301748	0.00152426	3.4	3.36545	3.54733	3.66058	4.28704	9.17044e-05
0.00501477	0.00412941	0.00307272	0.00173736	3.4	3.34914	3.70744	3.62412	4.3066	0.000117662
0.00799458	0.00588495	0.0039212	0.00188671	3.4	4.51971	4.09505	4.2704	4.54346	0.000146866
0.00810932	0.00582897	0.00378535	0.00184948	3.4	4.19642	3.73072	4.33575	4.71658	0.00022794
0.00596138	0.00548362	0.00354553	0.00160228	3.4	3.55384	3.53982	4.06617	4.37547	2.28985e-05
0.00437467	0.00340129	0.00251305	0.00130224	3.4	3.57381	3.44505	3.42004	3.9745	1.99357e-05
0.00483708	0.00311256	0.002299	0.00125363	3.4	3.36316	3.42875	3.37702	4.04041	7.5324e-05
0.00758661	0.00550094	0.00374122	0.00190718	3.4	4.0833	4.19538	4.11053	4.63804	0.000152807
0.00548753	0.00452941	0.00352627	0.00190705	3.4	4.12316	3.68839	4.10462	5.04083	6.55039e-05
0.00602791	0.00455675	0.00326992	0.00171333	3.4	3.79504	3.81898	4.10405	4.55977	8.11486e-05
0.0049132	0.00428906	0.00324477	0.0017585	3.4	4.09121	3.70818	3.58962	4.65717	2.21513e-05
0.00720963	0.00515617	0.00360001	0.00189742	3.4	3.22862	3.7562	4.10818	4.79162	0.000215826
0.0104254	0.00781124	0.00544102	0.00292207	3.4	4.95372	4.88821	5.01949	5.40288	0.000569289
0.00584251	0.00426093	0.00310424	0.00158101	3.4	3.39537	3.60309	3.66742	4.51492	9.54283e-05
0.00488805	0.00457444	0.00367023	0.00208173	3.4	3.73962	4.05218	3.8951	4.87328	0.000156616
0.00441637	0.00359141	0.00276073	0.00143292	3.4	3.25592	3.70098	3.54862	4.30338	8.62545e-05
0.00272685	0.00234213	0.00172051	0.000892511	3.4	2.47735	2.52098	2.95256	3.62395	1.46368e-05
0.00534527	0.0048676	0.00367311	0.00198583	3.4	3.67583	3.94651	4.08571	4.68428	0.000223657
0.00458933	0.00441782	0.0031593	0.00149593	3.4	3.83357	3.48637	3.71329	4.3165	2.40431e-05
0.00431684	0.00368151	0.00251586	0.00127536	3.4	2.78246	3.26041	3.42654	3.78661	3.77197e-05
0.00374299	0.00281401	0.00221787	0.00133824	3.4	3.26071	3.21081	3.23346	4.16057	3.58969e-05
0.00539019	0.00449046	0.00361344	0.00212338	3.4	4.08263	3.92363	3.77024	5.03539	0.000113772
0.00365989	0.00338023	0.00252759	0.00131644	3.4	3.23073	3.45122	3.32009	4.00182	4.9847e-05
0.00399777	0.00334216	0.00278548	0.00159973	3.4	3.33133	3.87805	3.45087	4.38787	0.000324928
0.0042475	0.00315001	0.00222063	0.00119502	3.4	2.80739	3.31251	3.3744	3.76321	0.000238747
0.00549746	0.00444001	0.00289316	0.00136614	3.4	3.18429	3.00353	3.67881	4.17472	1.07707e-05
0.00479889	0.00388827	0.0028833	0.00148834	3.4	3.15142	3.56705	3.71004	4.17662	4.31498e-05
0.00490082	0.00437607	0.0032256	0.00171195	3.4	3.44084	3.477	3.76744	4.50702	5.34804e-05
0.00767298	0.0052008	0.00375725	0.00182736	3.4	3.82015	3.9567	4.13618	5.0365	5.868e-05
0.00642885	0.00491782	0.00338805	0.00167697	3.4	3.55626	3.68049	4.16367	4.52039	9.1928e-05
0.00348576	0.00341425	0.00270647	0.00158323	3.4	3.37293	3.38261	3.3523	4.23196	4.79983e-05
0.00466972	0.00378661	0.0028318	0.00150012	3.4	3.56926	3.54237	3.68849	4.21376	0.00021792
0.00441476	0.00381009	0.00266626	0.00145664	3.4	2.70261	2.97522	3.52909	4.11101	0.000114693
0.0043607	0.00344025	0.00264324	0.0015172	3.4	3.45682	3.49495	3.53339	4.22455	0.000161947
0.00590835	0.00482252	0.00330196	0.00163116	3.4	3.5933	3.64145	3.86694	4.40801	7.24814e-05
0.006797	0.00476081	0.00372651	0.00218305	3.4	4.97966	4.39548	4.0652	4.96443	0.0003027
0.00400842	0.00360028	0.00261753	0.00130274	3.4	3.19381	3.33506	3.50361	4.03825	1.71101e-05
0.0065399	0.00534356	0.00349286	0.00154014	3.4	3.6564	3.9261	4.09807	4.19772	5.15504e-05
0.00514676	0.00433551	0.00325806	0.00186493	3.4	3.86423	3.58026	3.82884	4.70811	6.23963e-05
0.00287684	0.00260917	0.00194622	0.00107179	3.4	2.93077	2.77315	3.05413	3.73261	1.6905e-05
0.00258423	0.00239129	0.00200303	0.00114825	3.4	2.52923	3.1642	2.89342	3.78217	0.0001204
0.00312436	0.00300972	0.0026473	0.00157082	3.4	2.6675	3.67464	3.21252	4.35698	0.000301389
0.00476488	0.0038201	0.0026077	0.00128781	3.4	3.10667	3.23343	3.68072	4.11751	2.85454e-05
0.00536568	0.00423769	0.00304088	0.00155165	3.4	3.13456	3.65821	3.87617	4.26716	9.32355e-05
0.00489732	0.00357554	0.00267998	0.00157883	3.4	3.58006	3.45811	3.46915	4.33833	0.000150905
0.00388853	0.0034133	0.00249079	0.00141382	3.4	2.97229	3.27381	3.30969	3.84002	7.59155e-05
0.00718115	0.00558157	0.00393967	0.00187086	3.4	3.95809	4.84422	4.32393	4.31805	0.000936372
0.00633399	0.00514083	0.00359648	0.00182193	3.4	3.8069	3.71891	4.17626	4.77102	0.000122374
0.00597728	0.00494008	0.00326886	0.00155825	3.4	3.77577	3.61226	3.97166	4.19368	1.78214e-05
0.00498384	0.00425845	0.00282151	0.00145919	3.4	3.08473	3.16535	3.70419	4.0756	1.93383e-05
0.00323654	0.00279996	0.00232183	0.00143877	3.4	2.9344	3.1241	3.10644	4.29784	4.19942e-05
0.00677708	0.00482427	0.00354083	0.00209747	3.4	4.26339	4.0003	4.14803	4.71194	0.00018322
0.0126688	0.00926696	0.00596067	0.00287591	3.4	5.30132	4.89121	5.23446	5.60186	0.000159713
0.00452809	0.00377721	0.00297617	0.00169112	3.4	3.83823	3.50923	3.73526	4.6479	8.31579e-05
0.00740081	0.00669023	0.00481237	0.00210625	3.4	5.02712	4.86051	4.71834	5.1162	0.000100131
0.00658459	0.00544302	0.00416915	0.00233168	3.4	4.94322	4.55987	4.21655	5.1289	6.39411e-05
0.0152826	0.00915389	0.0051045	0.00211305	3.4	5.75965	4.74967	5.1482	4.82104	5.25062e-05
0.00896257	0.00603905	0.00416153	0.00202786	3.4	5.25248	4.62152	4.65214	4.8371	0.000164539
0.00345215	0.00250461	0.00199167	0.00118167	3.4	2.9775	3.21936	3.02905	3.8325	0.000257555
0.00656823	0.00528756	0.00375944	0.00191894	3.4	4.08944	4.06901	4.09625	4.72226	0.000104901
0.00586657	0.00478366	0.00335899	0.00171557	3.4	3.61509	3.79528	3.86698	4.4511	5.92737e-05
0.00357651	0.00312345	0.00247603	0.00143637	3.4	3.1287	3.42599	3.38965	4.08481	0.0001374
0.00642681	0.00551199	0.00400418	0.00203361	3.4	3.83913	4.16547	4.43997	4.78183	0.000246369
0.00912131	0.00702572	0.00419969	0.00178379	3.4	4.20907	3.89457	4.74022	4.5569	2.04928e-05
0.00761807	0.0049978	0.00304541	0.00144755	3.4	3.64225	3.51386	4.08217	4.06968	8.30474e-05
0.00432889	0.00358924	0.00262342	0.00136589	3.4	3.45672	3.55829	3.48635	3.97664	6.29839e-05
0.00726544	0.0053027	0.00373314	0.0019676	3.4	4.44402	4.21462	4.29614	4.6883	0.000213262
0.00406256	0.00363351	0.00285117	0.00166699	3.4	3.14142	3.52595	3.62957	4.41312	0.000101267
0.00662782	0.00500948	0.00337211	0.00153971	3.4	3.41817	3.6332	4.11439	4.41641	7.63687e-05
0.008654	0.0066961	0.00411112	0.00204953	3.4	4.36892	3.84967	4.70463	4.60534	5.3541e-05
0.00484795	0.00422161	0.00294056	0.00153748	3.4	3.60715	3.38737	3.7018	4.17877	1.10915e-05
0.010119	0.00783153	0.00511771	0.00243463	3.4	5.49193	4.33372	4.6904	5.23776	5.27019e-05
0.00553083	0.00383882	0.00265529	0.00137829	3.4	3.31296	3.35264	3.63062	4.13312	3.48704e-05
0.00484713	0.00425842	0.00320707	0.00179077	3.4	3.31841	3.49627	3.76441	4.72856	7.09887e-05
0.00463316	0.00352902	0.00290202	0.00161793	3.4	2.96969	3.94404	3.54886	4.58159	0.000413013
0.00314922	0.00294329	0.00223671	0.00117847	3.4	2.34553	3.02239	3.1695	3.81974	9.56322e-05
0.00362211	0.00323054	0.00263688	0.00159187	3.4	3.59596	3.57834	3.48829	4.33657	9.03654e-05
0.00293688	0.00283735	0.00230432	0.00131141	3.4	2.37492	3.06263	3.13765	4.06145	8.80031e-05
0.00394139	0.00387564	0.00338127	0.00192168	3.4	4.19356	4.31384	3.75249	4.71611	9.86234e-05
0.00577227	0.00511037	0.00395534	0.00212057	3.4	4.38976	4.03717	4.13275	5.0002	5.58312e-05
0.00466292	0.00365206	0.00280145	0.00163589	3.4	3.59662	3.66001	3.50006	4.27233	0.000149509
0.00519761	0.00365764	0.00292867	0.00167463	3.4	3.49988	3.97578	3.76209	4.54783	0.00104328
0.00383837	0.00293975	0.00218594	0.00125226	3.4	2.8868	3.18992	3.19525	3.69949	0.000372165
0.00491558	0.00404071	0.00337158	0.00189417	3.4	4.29993	3.83164	3.7034	4.95229	6.7849e-05
0.00650849	0.00563298	0.00384553	0.00190707	3.4	4.09477	3.89629	4.15217	4.53307	0.000107182
0.00752636	0.00598648	0.00394576	0.00184315	3.4	3.97033	3.78045	4.20621	4.7281	7.02841e-05
0.0100054	0.00639383	0.00428577	0.00198685	3.4	5.73252	4.78838	4.835	4.7922	0.000225517
0.00360405	0.0034151	0.00254984	0.00125938	3.4	3.37391	3.17966	3.3416	4.17651	7.12635e-06
0.00606148	0.00467078	0.00375571	0.00223308	3.4	4.2436	4.13491	3.94553	5.11771	0.000214682
0.00335432	0.00303875	0.00245638	0.00129347	3.4	2.73914	3.63373	3.29456	3.87908	0.000164977
0.0112812	0.00780502	0.00535882	0.00252076	3.4	4.94776	4.80961	5.06621	5.41975	0.000237179
0.00637743	0.00440799	0.00284726	0.00133877	3.4	3.53748	3.4171	3.72377	4.18548	3.72099e-05
0.00578837	0.00507027	0.00344767	0.00164316	3.4	3.50069	4.06906	4.07793	4.12673	0.000188842
0.00281535	0.00258344	0.00201086	0.00109123	3.4	2.48999	2.87105	3.00991	3.87496	1.94835e-05
0.00404337	0.0038008	0.00274378	0.00141768	3.4	3.62494	3.24902	3.56446	4.16698	4.4583e-06
0.00630713	0.00497881	0.00351284	0.00178863	3.4	3.92225	3.85628	4.02679	4.66709	7.81549e-05
0.00518917	0.00476738	0.00348269	0.00171727	3.4	4.37704	3.61964	3.86574	4.83408	1.77249e-05
0.00678932	0.00521526	0.00362455	0.00181678	3.4	4.57498	4.16012	4.21522	4.48822	0.000126531
0.0042206	0.00343468	0.00270145	0.00142709	3.4	3.60632	3.81422	3.58598	4.28234	0.000186639
0.00647237	0.00515081	0.00375143	0.00196411	3.4	4.48798	4.34279	4.04899	4.61453	3.53224e-05
0.00349481	0.00300044	0.00208052	0.000989813	3.4	2.52821	2.84627	3.13313	3.61272	3.06342e-05
0.00223631	0.00248251	0.00208822	0.00127861	3.4	2.55508	2.73721	3.06292	3.97858	4.19001e-05
0.0053642	0.00407984	0.00281581	0.00138566	3.4	3.43738	3.55848	3.71019	4.2084	7.5156e-05
0.00651029	0.00465467	0.00313473	0.00152038	3.4	4.55241	3.90364	3.98842	4.18708	3.98828e-05
0.00772146	0.00527797	0.00329992	0.00150243	3.4	3.66523	3.7544	4.01539	4.2499	7.76903e-05
0.00890466	0.00677384	0.0042371	0.00182658	3.4	4.0581	4.19229	4.37068	4.63287	2.65233e-05
0.00620791	0.00508224	0.00349894	0.00174528	3.4	3.83088	3.73084	3.95373	4.45553	3.00157e-05
0.00425689	0.00330541	0.00256571	0.00143424	3.4	3.18848	3.46229	3.5368	4.19977	0.000190702
0.00787124	0.0064772	0.0047658	0.00247942	3.4	5.17433	4.49304	4.76207	5.38026	9.19613e-05
0.00497785	0.00456936	0.00355156	0.00189461	3.4	4.5221	4.26214	3.95134	4.58578	0.000205545
0.00450578	0.00362649	0.00298746	0.0018175	3.4	3.45371	3.76546	3.7259	4.56727	0.000817112
0.00373002	0.00345074	0.00266723	0.00150419	3.4	3.18857	3.38341	3.39202	4.19207	5.77252e-05
0.0080426	0.00630323	0.00445988	0.002459	3.4	5.43309	4.51561	4.56416	4.97182	0.000170301
0.00537275	0.00458461	0.00316178	0.00154108	3.4	3.3455	3.56898	3.86093	4.32792	6.61327e-05
0.00511383	0.00403706	0.00282157	0.00144594	3.4	3.43399	3.4601	3.73772	4.19497	8.88027e-05
0.00323504	0.00281373	0.00221388	0.00131034	3.4	3.0111	3.15421	3.20207	3.91265	6.85901e-05
0.00299573	0.00254344	0.00212855	0.00124743	3.4	2.35851	3.24067	2.93906	3.96003	0.000362887
0.00966524	0.00654824	0.00405638	0.0018183	3.4	4.4697	4.08702	4.6809	4.65982	6.9625e-05
0.00507785	0.00386801	0.00291323	0.0015823	3.4	3.50354	3.63193	3.66815	4.49698	7.48557e-05
0.0044737	0.00445943	0.00339197	0.00197767	3.4	4.08897	3.67687	3.83836	4.6188	4.4411e-05
0.00485923	0.00378253	0.0029025	0.0015973	3.4	3.52858	3.85846	3.57535	4.40611	0.00017977
0.00435061	0.00382764	0.00287998	0.00151648	3.4	3.16691	3.36158	3.65406	4.2859	5.96242e-05
0.00387452	0.00331411	0.00277231	0.00177819	3.4	3.33623	3.74232	3.53739	4.42189	0.000254446
0.00412809	0.00354083	0.00263367	0.00148076	3.4	2.87682	3.28454	3.52256	4.13172	0.000149217
0.00576323	0.00540611	0.00403241	0.0020219	3.4	4.19677	4.29343	4.18336	4.57532	0.000101975
0.0064926	0.00526389	0.00376583	0.00189521	3.4	3.71366	3.75055	4.17272	4.96433	8.84009e-05
0.0076412	0.00613062	0.00364655	0.00159292	3.4	3.40728	3.84409	4.08718	4.09059	0.000179301
0.00552971	0.00493625	0.00382359	0.00217703	3.4	3.69414	3.7521	4.04653	5.13219	8.62218e-05
0.00480296	0.00411385	0.00307238	0.00167424	3.4	3.21479	3.59396	3.69089	4.38943	0.000111017
0.00558817	0.00411509	0.00272784	0.00130077	3.4	3.3666	3.58227	3.70015	3.87649	8.23968e-05
0.00733345	0.00565191	0.00426033	0.00211814	3.4	4.58494	4.70667	4.21782	5.01963	0.000145037
0.00702163	0.0047435	0.00306694	0.00147281	3.4	3.80734	3.83918	3.91321	4.12142	8.60138e-05
0.0039166	0.00359838	0.00263799	0.00137421	3.4	3.36543	3.13718	3.46854	4.22012	3.69888e-05
0.00328193	0.00321596	0.00274609	0.00158801	3.4	3.44964	3.78977	3.47642	4.28127	0.000141615
0.00460453	0.00365709	0.00253258	0.00130128	3.4	2.91063	3.2278	3.47723	4.0586	0.000102286
0.00500445	0.00397388	0.00278086	0.00136646	3.4	3.31033	3.60423	3.63289	3.99496	4.48865e-05
0.0045881	0.00420123	0.00328674	0.00171119	3.4	3.71575	3.66383	3.8573	4.74698	2.14905e-05
0.00365964	0.00329513	0.0024183	0.00131871	3.4	2.89605	3.31081	3.30566	3.78329	0.000146505
0.0080526	0.00617237	0.0035171	0.00138767	3.4	4.10891	3.79714	4.39114	4.018	4.31124e-05
0.0069775	0.00556077	0.00401918	0.00201897	3.4	4.72408	4.06678	4.28389	5.01498	0.000101743
0.0126455	0.00783267	0.00481659	0.00194942	3.4	5.28462	4.4742	4.88019	4.94328	4.99561e-05
0.00330623	0.00301488	0.00246466	0.0013465	3.4	3.25565	3.1731	3.25559	4.35485	1.63636e-05
0.0035406	0.00312392	0.00254501	0.00140988	3.4	3.00609	3.46205	3.37462	4.23474	9.32955e-05
0.00477527	0.00355999	0.00246112	0.00116369	3.4	3.08964	3.42073	3.41784	3.69933	7.17129e-05
0.00618405	0.00435794	0.00304275	0.0015874	3.4	3.32513	3.5295	3.80297	4.3923	9.97054e-05
0.00471862	0.00391281	0.00295663	0.00157834	3.4	3.66815	3.91339	3.72791	4.19158	0.000363174
0.00531314	0.00406184	0.00280478	0.00138602	3.4	3.85533	3.48283	3.73263	4.2288	3.6003e-05
0.0110142	0.00799558	0.00526504	0.0025079	3.4	4.4962	4.55656	5.05664	5.24858	0.000159211
0.00822223	0.00619027	0.00408051	0.00203529	3.4	4.55103	4.21323	4.3996	4.68879	0.000136013
0.00882205	0.00605485	0.00377819	0.00180439	3.4	3.89293	4.27151	4.28649	4.27937	0.000342041
0.00366185	0.0030049	0.00213001	0.00112044	3.4	3.16624	3.14926	3.39939	3.5858	7.19786e-05
0.00629836	0.00515639	0.00387759	0.00229971	3.4	3.94666	3.99484	4.21789	4.91032	6.0123e-05
0.00474378	0.00380762	0.00283396	0.00159048	3.4	3.5489	3.42247	3.60119	4.33923	8.59548e-05
0.00379615	0.00300285	0.00234142	0.00127428	3.4	2.75908	3.38316	3.25027	3.98531	6.42082e-05
0.0101195	0.00871814	0.00603866	0.00298999	3.4	5.6298	4.92868	5.2952	5.53578	7.21308e-05
0.00451236	0.00399381	0.00310403	0.00179478	3.4	3.32564	3.51997	3.69249	4.57396	2.75471e-05
0.00957899	0.00692118	0.00488195	0.0025965	3.4	4.49417	4.62251	4.59883	5.26864	0.000500941
0.00596878	0.00472115	0.00310272	0.00135303	3.4	3.45921	3.20994	3.87218	4.45918	1.29505e-05
0.00559679	0.00470178	0.00330289	0.00168295	3.4	3.39382	3.74217	3.8284	4.31702	0.000179163
0.00341196	0.0030666	0.00226029	0.00120584	3.4	2.83442	3.20543	3.24357	3.77685	6.35849e-05
0.00210921	0.00221273	0.00194337	0.00119017	3.4	2.41759	2.90447	2.81802	3.90064	4.71304e-05
0.00375287	0.00325258	0.00257671	0.00137825	3.4	3.33759	3.56437	3.31276	4.29584	6.53898e-05
0.00471203	0.00401955	0.00275631	0.00138516	3.4	3.26856	3.37224	3.58322	4.06208	5.32986e-05
0.00324973	0.0031448	0.00261199	0.00160243	3.4	3.28199	3.23249	3.35873	4.33348	3.48362e-05
0.00830584	0.00607124	0.0046067	0.00269896	3.4	4.34548	4.30311	4.51341	5.41655	0.000612806
0.00338145	0.00294094	0.00230168	0.00127971	3.4	2.68325	2.98845	3.29612	4.12366	8.67012e-05
0.00960301	0.00720289	0.00470767	0.00212073	3.4	5.86055	4.7269	4.58809	4.98346	6.80895e-05
0.00545093	0.00475668	0.00354169	0.00176562	3.4	4.20193	3.89864	3.90747	4.73358	9.5569e-05
0.00504602	0.00406265	0.00339289	0.00211482	3.4	3.99762	4.13991	3.85486	4.98531	0.00033867
0.00715485	0.00584912	0.00405781	0.0018337	3.4	3.63538	4.16267	4.16801	4.81691	9.49777e-05
0.00783221	0.00585231	0.00357565	0.00156862	3.4	4.38129	3.8868	4.09575	4.3322	1.59871e-05
0.00367292	0.00361875	0.00272272	0.00149113	3.4	3.0974	3.05502	3.39778	4.24715	1.44825e-05
0.00535444	0.0048789	0.00307223	0.00133265	3.4	3.34103	3.48234	3.81986	4.04351	1.84274e-05
0.00585565	0.00494843	0.0035342	0.00181891	3.4	3.6108	3.85529	3.88417	4.51001	0.000161638
0.00462571	0.00370193	0.00266081	0.00138132	3.4	3.60155	3.54184	3.52477	4.09791	2.20977e-05
0.00565745	0.00494625	0.0037359	0.00202872	3.4	4.43522	4.20523	4.06178	4.74809	0.000110424
0.00472812	0.00364999	0.0028678	0.00150901	3.4	3.09854	3.55672	3.55642	4.49318	7.55047e-05
0.0109864	0.00729339	0.0040767	0.00169869	3.4	4.86366	4.06341	4.53201	4.42934	2.05724e-05
0.00756273	0.00497768	0.00340943	0.00175222	3.4	4.8137	4.14488	4.06611	4.43954	0.000159947
0.00417794	0.0033789	0.00270717	0.00157419	3.4	3.1618	3.59918	3.44842	4.30628	0.0001321
0.00503677	0.00412383	0.00290464	0.00157963	3.4	3.37641	3.3323	3.74476	4.29981	4.04735e-05
0.00637783	0.00582389	0.00404034	0.00198608	3.4	4.02308	3.88164	4.27302	4.75436	1.67186e-05
0.00485084	0.00397674	0.00303607	0.00163853	3.4	3.1481	3.60782	3.69008	4.46001	0.000120796
0.00525535	0.0039444	0.00278146	0.00144089	3.4	3.33324	3.38858	3.63587	4.19229	5.10641e-05
0.00463818	0.00408812	0.00297647	0.00146685	3.4	3.2397	3.54501	3.71608	4.30603	3.38753e-05
0.00825942	0.00586261	0.0036384	0.00158246	3.4	4.53549	3.77757	4.26487	4.43969	1.08336e-05
0.0052393	0.00450479	0.00310051	0.00145697	3.4	3.40688	3.50599	3.65376	4.27141	1.98487e-05
0.00413624	0.0029353	0.00248414	0.00160333	3.4	3.12995	3.66508	3.29611	4.3637	0.000949229
0.00415236	0.00347402	0.00271123	0.00161056	3.4	3.27546	3.35576	3.37332	4.49355	2.60312e-05
0.00750753	0.00585723	0.00442925	0.00222982	3.4	4.39355	4.29662	4.43611	5.42819	5.35538e-05
0.00347687	0.00269339	0.00228508	0.00143368	3.4	2.71934	3.47535	3.14768	4.14501	0.000423964
0.0054132	0.00460293	0.00331665	0.00176692	3.4	3.93809	4.19983	4.03756	4.22704	0.000408726
0.00939673	0.00652392	0.00400564	0.00164207	3.4	5.26928	4.19741	4.5676	4.56767	2.76255e-05
0.00590741	0.00473817	0.00364474	0.00189637	3.4	3.83686	4.04127	4.2348	4.82981	0.000190378
0.00709078	0.00614523	0.00450776	0.00206699	3.4	5.20425	4.80109	4.48203	4.9144	4.13168e-05
0.0039187	0.00351803	0.00254176	0.00134175	3.4	2.81413	3.14215	3.36832	4.05007	0.000177078
0.00672861	0.00529986	0.00358301	0.00173779	3.4	4.38685	4.01374	4.14372	4.45816	4.97991e-05
0.00510183	0.0043536	0.00321503	0.00171175	3.4	3.68587	3.76459	3.7757	4.44766	4.18336e-05
0.00948026	0.00592903	0.00351379	0.00148094	3.4	3.74734	3.96688	4.34913	4.2887	0.00010001
0.00346644	0.00314395	0.00250643	0.00140421	3.4	3.15778	3.43053	3.37322	4.18944	3.18915e-05
0.0042077	0.00335423	0.00266942	0.00165132	3.4	3.30793	3.38034	3.44602	4.39517	0.000144518
0.00920194	0.00641399	0.00436223	0.00221794	3.4	4.07079	4.75452	4.41091	4.74382	0.000825962
0.00405043	0.00347491	0.00275114	0.00153772	3.4	3.53437	3.73153	3.53111	4.19576	0.000190328
0.00306494	0.00286927	0.00242486	0.00142349	3.4	3.85523	3.44643	3.19613	4.12714	5.78577e-05
0.00717511	0.00555482	0.0039271	0.00188909	3.4	3.86771	4.14832	4.18929	4.79309	0.000103639
0.00425791	0.00359951	0.00289523	0.00167003	3.4	3.68764	3.58145	3.58785	4.4802	6.63943e-05
0.00430878	0.00411971	0.00333925	0.00185814	3.4	4.16687	4.17233	3.70849	4.50653	6.68014e-05
0.00498329	0.00460767	0.00343761	0.00182671	3.4	3.63189	3.74591	3.74773	4.67413	0.000110392
0.00483623	0.00436872	0.00382225	0.00220147	3.4	4.5704	4.64781	3.96226	5.28511	0.000140392
0.0041109	0.00394022	0.00289813	0.00146209	3.4	3.59045	3.46125	3.70721	4.23362	3.22357e-05
0.00565748	0.00517518	0.00368636	0.00190935	3.4	3.69535	3.82164	4.0341	4.60334	7.91953e-05
0.00477616	0.00367175	0.00253589	0.00124387	3.4	3.42567	3.37433	3.5275	3.85982	3.90525e-05
0.00688835	0.00579855	0.0039609	0.00207271	3.4	4.05409	3.62946	4.22697	4.90128	2.67913e-05
0.00419461	0.00369331	0.00274203	0.0013596	3.4	3.7397	3.60406	3.61027	4.17651	7.72071e-05
0.00330201	0.00276805	0.00225472	0.00138351	3.4	3.53965	3.1192	3.20437	4.26908	4.58592e-05
0.00393792	0.00414166	0.00319725	0.00178211	3.4	3.70486	3.40451	3.80938	4.5502	3.23001e-05
0.00539278	0.0043311	0.00333133	0.00190945	3.4	3.43951	3.8896	3.8062	4.71896	0.000173939
0.00465891	0.00394858	0.00310321	0.00176908	3.4	3.19791	3.69321	3.65712	4.52476	0.000275711
0.00407303	0.00325926	0.00245146	0.0012847	3.4	3.05798	3.31876	3.36799	4.13301	5.22337e-05
0.0035519	0.00296929	0.00229137	0.0013063	3.4	3.35274	2.99091	3.33761	4.19413	5.81055e-05
0.00436168	0.00335224	0.00241208	0.0012243	3.4	2.8943	3.28612	3.41997	3.98518	0.000156902
0.00414767	0.00408222	0.00325909	0.00167956	3.4	3.44484	3.77341	3.70776	4.50916	4.12437e-05
0.00904995	0.00633384	0.0040596	0.00185437	3.4	4.61971	4.32337	4.5467	4.69262	6.72512e-05
0.00575892	0.00486096	0.00381015	0.00220528	3.4	4.39811	3.92177	4.11404	5.11296	0.000176091
0.00456604	0.00367789	0.0027288	0.00145282	3.4	3.09736	3.49907	3.52418	4.15625	0.000202451
0.00334866	0.00280266	0.00220651	0.0012559	3.4	3.21132	3.37105	3.22387	3.77871	4.68663e-05
0.0112692	0.00717966	0.00483029	0.00235138	3.4	4.9525	4.82028	4.94869	5.09049	0.000198839
0.00653452	0.00540148	0.00378495	0.00195256	3.4	3.84295	4.04118	4.09335	4.66174	8.24553e-05
0.00967446	0.00745894	0.00480118	0.00217123	3.4	4.34771	4.24963	4.74321	4.92954	7.40341e-05
0.00339274	0.00356683	0.00278109	0.00151679	3.4	3.27083	3.48778	3.37298	4.2333	2.62462e-05
0.00419132	0.00361745	0.00269924	0.0013565	3.4	2.88811	3.25211	3.48895	4.27035	3.56262e-05
0.00564512	0.0047787	0.00318499	0.00147347	3.4	3.64072	3.73789	3.90694	4.03925	0.000142504
0.0041073	0.00328812	0.00253077	0.00135536	3.4	3.53321	3.77587	3.41655	3.93414	0.0002024
0.00825959	0.00597695	0.00378188	0.00171673	3.4	4.3454	4.18055	4.26766	4.31582	0.000134708
0.0101045	0.00672243	0.0047805	0.00261075	3.4	5.04427	4.66996	4.82813	5.17093	0.000180443
0.00409828	0.00381987	0.00303791	0.0017614	3.4	4.39332	3.50761	3.86542	4.56819	2.19421e-05
0.00727208	0.00528468	0.00411297	0.0023302	3.4	4.97113	4.78546	4.39531	5.14146	0.000213633
0.00384744	0.00278586	0.00204938	0.00110697	3.4	2.75933	3.32625	3.19037	3.66047	0.000558608
0.00654623	0.00485771	0.0035241	0.00192674	3.4	4.09061	3.71669	3.9659	4.82541	5.36358e-05
0.00486423	0.00511465	0.00358045	0.00183276	3.4	3.83561	3.65839	3.90632	4.44228	1.53455e-05
0.00872704	0.00603025	0.00445293	0.00220524	3.4	4.72946	4.82397	4.44474	5.05416	0.000209055
0.0100408	0.00713862	0.0049606	0.00268888	3.4	5.15682	4.47996	4.87302	5.4583	0.000184771
0.0108217	0.00741465	0.00491611	0.00231622	3.4	5.16057	4.97327	4.78071	4.96548	0.000172155
0.00581089	0.00427473	0.00316372	0.00165717	3.4	3.55746	3.77248	3.70445	4.43417	5.98497e-05
0.00579906	0.0043683	0.00339245	0.00202606	3.4	3.90505	3.90935	3.95532	4.6664	9.43068e-05
0.00434075	0.004207	0.0031509	0.0015975	3.4	3.25446	3.71618	3.6769	4.41005	2.1574e-05
0.00476864	0.00388014	0.00263664	0.00126327	3.4	3.57524	3.42075	3.65278	4.02821	4.63926e-05
0.00470361	0.00382718	0.00272959	0.00147332	3.4	3.60034	3.55548	3.70579	4.08448	8.82652e-05
0.010104	0.00707353	0.00484357	0.00239188	3.4	4.54254	4.60034	4.87756	5.27846	0.000330795
0.00631924	0.00529114	0.00351106	0.00159473	3.4	4.64458	3.94093	4.1903	4.36	2.14725e-05
0.00342879	0.00266029	0.00217131	0.00120327	3.4	3.01269	3.46664	3.23873	3.88758	7.5215e-05
0.00898939	0.00748864	0.0043495	0.00174789	3.4	4.97831	4.14104	4.8156	4.3022	1.23575e-05
0.0043598	0.00377303	0.00277386	0.00143843	3.4	3.27333	3.47016	3.58447	4.15547	5.55213e-05
0.00378643	0.00359056	0.00277036	0.0015464	3.4	3.19186	3.40639	3.52689	4.13536	6.16923e-05
0.00479246	0.00427726	0.00331358	0.00166331	3.4	3.50702	3.97016	3.74156	4.5376	0.000102657
0.0062894	0.00502723	0.00372959	0.00198968	3.4	4.60874	4.14423	4.03302	4.69511	0.000102651
0.0105123	0.00885104	0.00616084	0.00277481	3.4	5.85182	5.07141	5.19752	5.77176	6.89813e-05
0.00469331	0.00412625	0.00310205	0.00168582	3.4	3.62774	3.39817	3.69414	4.52007	1.62115e-05
0.0068388	0.00477377	0.0033216	0.00166525	3.4	3.99023	4.13808	3.96537	4.45549	0.000206875
0.00424297	0.00370951	0.00297266	0.00170431	3.4	3.20045	3.56892	3.48283	4.60522	0.000147876
0.0075662	0.00442516	0.00291105	0.0014617	3.4	3.46605	3.87148	3.96856	4.09859	0.000327133
0.00426063	0.00356455	0.00241822	0.00118998	3.4	2.61496	3.31619	3.36555	3.65436	4.76315e-05
0.00769285	0.00571881	0.00373768	0.00180542	3.4	4.40599	4.15079	4.22931	4.3971	3.95501e-05
0.00530134	0.00421358	0.00318294	0.00166028	3.4	3.60064	3.68077	3.81963	4.55109	8.44155e-05
0.00407586	0.00365553	0.00283084	0.00144878	3.4	3.71832	3.42712	3.62491	4.44847	2.76547e-05
0.00461527	0.00360944	0.00285259	0.00166939	3.4	3.74835	3.84784	3.54528	4.3448	9.35405e-05
0.0104521	0.00964575	0.00596262	0.00231608	3.4	5.72776	5.15543	5.21098	4.86129	1.70552e-05
0.00451726	0.00357631	0.00269303	0.00147088	3.4	3.05736	3.44708	3.50844	4.29871	7.02588e-05
0.00661754	0.00637195	0.00453588	0.00225534	3.4	4.43035	4.17644	4.3846	4.98592	7.53325e-05
0.00891794	0.00709686	0.00463761	0.00206459	3.4	4.97798	4.31641	4.69392	5.0164	2.92561e-05
0.00481983	0.00407671	0.00303741	0.00155997	3.4	3.61852	3.82887	3.75373	4.31444	9.14669e-05
0.00464461	0.0043794	0.00351264	0.0018774	3.4	4.43464	3.97689	3.92857	4.81033	4.16133e-05
0.0058287	0.00437474	0.00320763	0.00170693	3.4	3.51675	3.86555	3.86524	4.58865	6.4966e-05
0.00620232	0.00512951	0.00351283	0.00180005	3.4	3.57636	3.65935	4.16616	4.59134	7.47163e-05
0.00441365	0.0042381	0.0028436	0.00140102	3.4	2.91236	3.22093	3.59934	4.17453	3.23033e-05
0.00430423	0.0031715	0.00234149	0.00125485	3.4	3.09114	3.34842	3.37777	3.9184	7.98396e-05
0.00402414	0.00352034	0.00278738	0.00160387	3.4	3.13547	3.48518	3.57511	4.43511	0.000156811
0.00467861	0.00441373	0.00334097	0.00184967	3.4	3.74272	3.48011	3.80118	4.66285	4.63915e-05
0.00355074	0.00283671	0.00234123	0.00136658	3.4	2.9867	3.34654	3.08999	4.36827	9.4678e-05
0.00447062	0.00399759	0.0032519	0.00173929	3.4	3.59608	4.07336	3.64823	4.57684	0.000174028
0.00857021	0.00636143	0.0047744	0.00240985	3.4	4.96073	5.09456	4.80854	5.20115	0.000418855
0.00309015	0.00292486	0.0022667	0.00126	3.4	2.74156	3.14867	3.19729	3.9021	0.000111346
0.00343594	0.00286394	0.00236017	0.00149776	3.4	2.9947	3.54224	3.26535	4.1328	0.000366909
0.00874563	0.00626075	0.00459747	0.00251541	3.4	4.34787	4.7162	4.60747	5.11719	0.000725485
0.00693687	0.00587735	0.0039912	0.00190552	3.4	4.56919	4.02246	4.43334	4.66998	6.29636e-05
0.00559787	0.00497519	0.00370457	0.00197271	3.4	4.52466	4.10075	3.96141	4.78001	4.41466e-05
0.0054189	0.00457654	0.00302965	0.00137498	3.4	3.27478	3.41583	3.79851	4.16743	2.44973e-05
0.00551266	0.00421067	0.00291629	0.00151409	3.4	3.21956	3.29808	3.71929	4.36608	2.33412e-05
0.00370354	0.00338728	0.0027242	0.001651	3.4	3.12325	3.39084	3.49697	4.35261	4.32795e-05
0.00617577	0.00516419	0.00346219	0.00162083	3.4	3.87352	3.40727	4.05586	4.63929	1.03048e-05
0.00547801	0.00411632	0.00285394	0.00142562	3.4	4.07595	3.92132	3.6924	3.88152	6.42976e-05
0.00523243	0.00475738	0.00349477	0.00167445	3.4	3.98741	3.82456	3.98533	4.49364	2.13053e-05
0.00413826	0.00374321	0.00274335	0.00133888	3.4	3.23492	3.45558	3.6001	4.11247	7.83807e-05
0.00626547	0.00449776	0.0033029	0.00176084	3.4	3.36096	3.73203	3.85402	4.60236	0.000240174
0.00293318	0.0028354	0.00224522	0.00124105	3.4	2.91332	3.12692	3.24591	4.02542	5.11241e-05
0.00474788	0.00388543	0.00301848	0.00177495	3.4	3.31961	3.43305	3.69277	4.77816	6.01765e-05
0.00415178	0.00332746	0.00247584	0.00132114	3.4	3.50033	3.54255	3.46284	3.94496	3.59345e-05
0.00321501	0.00268515	0.00232132	0.00151499	3.4	3.29144	3.26448	3.21264	4.25177	8.05714e-05
0.0104391	0.0075817	0.00495684	0.00224097	3.4	6.02579	4.59518	5.20792	5.16215	4.67511e-05
0.00591758	0.00438814	0.00328103	0.00171142	3.4	3.74175	3.69435	3.99746	4.65744	0.000162925
0.0108972	0.00766153	0.00501815	0.00233472	3.4	5.77	4.58599	4.69341	5.18904	8.29786e-05
0.0053314	0.00450419	0.00305396	0.00150156	3.4	3.81599	3.57218	3.71236	4.06099	3.48583e-05
0.00572407	0.00495027	0.0030703	0.00131526	3.4	3.81111	3.48622	4.13031	3.96962	1.02315e-05
0.00353483	0.00362558	0.00276275	0.00140669	3.4	3.50142	3.26921	3.51218	4.30067	6.71576e-06
0.00232805	0.00246463	0.00206473	0.00126611	3.4	3.11148	3.01181	2.94035	3.84825	1.94446e-05
0.00356674	0.0033156	0.00248717	0.00128121	3.4	2.6907	3.34732	3.45922	3.95174	0.000102463
0.00601448	0.00475488	0.0035024	0.00176802	3.4	3.88132	3.8374	4.2717	4.71542	0.000138409
0.00401308	0.00323507	0.00245526	0.00134922	3.4	3.48811	3.35818	3.42794	4.092	8.88796e-05
0.0105259	0.00736732	0.0044228	0.00191901	3.4	4.36761	4.39267	4.45402	4.4838	4.97808e-05
0.00347186	0.00305816	0.00254261	0.00152425	3.4	2.85944	3.42705	3.34813	4.22908	0.000155581
0.00506594	0.00359454	0.00280002	0.00160885	3.4	3.49659	3.76568	3.76758	4.31658	0.000440963
0.00402744	0.00304362	0.00237053	0.00135218	3.4	3.35377	3.43659	3.37321	4.10588	6.16399e-05
0.00351996	0.00285241	0.00244447	0.00143129	3.4	2.86514	3.49292	3.3262	4.22276	0.00034663
0.00394556	0.00371482	0.0031037	0.00181781	3.4	2.97128	3.76909	3.41633	4.52595	0.000308219
0.00733587	0.00540283	0.00352036	0.00175936	3.4	4.05491	4.09142	4.18163	4.30954	0.000378398
0.00496643	0.00459516	0.00325789	0.00154242	3.4	2.81073	3.4223	3.75323	4.33305	6.04348e-05
0.00661714	0.00538551	0.00378626	0.0019827	3.4	4.1712	3.81262	4.2308	4.74646	3.97919e-05
0.00584472	0.00512272	0.00357557	0.00167494	3.4	3.51743	3.77979	4.01687	4.55352	7.93772e-05
0.00526458	0.00444005	0.00312814	0.00157285	3.4	3.19985	3.6258	3.70462	4.33625	9.27822e-05
0.00597613	0.00449521	0.00317967	0.00166414	3.4	3.89399	4.17628	3.80301	4.21603	7.00237e-05
0.00648345	0.00497814	0.00359886	0.00177208	3.4	4.09902	4.00925	4.01324	4.75424	4.51061e-05
0.00183678	0.00193388	0.00173779	0.00109228	3.4	2.16841	2.77793	2.73718	3.83472	7.30599e-05
0.00460769	0.00412044	0.00287157	0.00140618	3.4	3.66153	3.42845	3.68691	4.11761	9.57107e-06
0.00548631	0.00518984	0.0037871	0.00198555	3.4	3.34232	3.96144	4.20944	4.56178	0.000246295
0.00729105	0.00653182	0.00429214	0.00185713	3.4	4.41255	4.36869	4.44227	4.55196	5.14452e-05
0.00953336	0.00819424	0.00597589	0.00302485	3.4	5.44925	4.82244	4.96544	5.83246	4.56633e-05
0.00394117	0.00321319	0.00246075	0.0013783	3.4	2.67048	3.39656	3.32213	4.0709	0.000216056
0.00336817	0.00323985	0.00264847	0.00146929	3.4	3.26926	3.11989	3.27969	4.41004	1.86838e-05
0.00370962	0.00341693	0.00256021	0.00133964	3.4	3.1522	3.31969	3.47487	4.03888	4.72881e-05
0.00584189	0.00404536	0.00297697	0.00165059	3.4	3.61824	3.99789	3.82205	4.31195	0.00067196
0.00620611	0.00440312	0.00312622	0.00167704	3.4	4.00475	3.99149	3.80075	4.23087	0.000411268
0.00644057	0.00574728	0.00387184	0.00188893	3.4	4.10434	3.78666	4.01454	4.66464	3.1845e-05
0.00656627	0.00448149	0.00325086	0.00175407	3.4	4.01223	4.08725	3.99213	4.43278	0.00029923
0.00346204	0.00333987	0.00227709	0.00106338	3.4	2.89598	3.2202	3.28478	3.58619	2.06156e-05
0.00512589	0.00436793	0.0030197	0.00157748	3.4	3.63603	3.37664	3.82812	4.27207	7.18716e-05
0.00396207	0.00361317	0.00261088	0.0014021	3.4	3.08664	2.99931	3.37234	4.26505	9.48335e-06
0.00621018	0.00454125	0.00302134	0.00143627	3.4	3.48647	3.80396	3.90424	4.0914	0.000104514
0.00350202	0.00298042	0.00232189	0.00122008	3.4	2.85504	3.36675	3.26499	3.98848	0.000203048
0.00579698	0.00427397	0.00318577	0.00172862	3.4	3.48235	4.05842	3.84547	4.41963	0.000188803
0.0045752	0.00389592	0.00295857	0.0015712	3.4	2.97717	3.62045	3.69044	4.34809	0.000215713
0.00484183	0.00454756	0.00363844	0.00199389	3.4	4.13246	4.20503	3.94878	4.83077	0.000175108
0.00442465	0.00424957	0.00341433	0.00180183	3.4	3.90003	3.79599	3.72143	4.83361	8.9514e-05
0.00554567	0.00408287	0.00277667	0.00127687	3.4	3.26422	3.6632	3.6959	3.89917	4.46876e-05
0.00586132	0.00471833	0.00343844	0.00172697	3.4	3.89364	3.74235	4.0746	4.72468	9.14085e-05
0.00591671	0.00482742	0.00357562	0.00180888	3.4	4.57115	4.17062	4.17813	4.59847	4.94129e-05
0.00740893	0.00578316	0.00429147	0.0022914	3.4	4.26545	4.08211	4.19533	5.21354	7.4156e-05
0.00766094	0.00619631	0.00415969	0.00194127	3.4	4.34233	4.0338	4.24469	4.72481	3.43492e-05
0.00679072	0.00544464	0.00362233	0.00164899	3.4	3.98905	3.64285	4.12307	4.70989	7.64394e-06
0.00816083	0.00596287	0.00413279	0.00208726	3.4	4.78468	4.36299	4.32819	4.80334	7.42404e-05
0.00663367	0.00527357	0.00366038	0.00173816	3.4	3.9498	3.98935	4.31834	4.75686	9.38461e-05
0.00403255	0.00336853	0.00299232	0.00197827	3.4	3.21101	3.85239	3.50311	4.60008	0.000361687
0.00482937	0.0037253	0.00285796	0.00150794	3.4	3.16077	3.35853	3.55674	4.44904	5.52566e-05
0.00910515	0.0067272	0.00458202	0.00229436	3.4	4.85538	4.66607	4.53059	5.07733	0.000188699
0.00372131	0.00293414	0.00246538	0.00147555	3.4	2.65349	3.39019	3.31762	4.27128	0.000179666
0.00467368	0.00382764	0.00286641	0.00150016	3.4	3.53939	3.36928	3.64902	4.45917	1.92377e-05
0.00409741	0.00379104	0.00313543	0.0017825	3.4	3.51601	3.63187	3.74736	4.728	5.14887e-05
0.00230208	0.00199527	0.00144211	0.000720125	3.4	2.04772	2.53318	2.56852	3.14945	4.69925e-05
0.00289756	0.00265545	0.0020276	0.00114611	3.4	3.05143	2.72577	3.05893	3.95468	8.40456e-06
0.00764294	0.00548969	0.00409268	0.00214803	3.4	4.5202	4.74772	4.51035	4.9069	0.00040964
0.00545496	0.00411728	0.00297732	0.00156614	3.4	3.89923	3.60133	3.80831	4.44615	6.64968e-05
0.00529821	0.00460845	0.00334875	0.00180285	3.4	3.51592	3.96791	3.86913	4.26441	0.000245767
0.00464693	0.00405438	0.00286823	0.00146125	3.4	3.61722	3.33394	3.7101	4.2242	3.01996e-05
0.00441992	0.00396108	0.00283904	0.0014985	3.4	3.37212	3.16363	3.57415	4.42577	2.60722e-05
0.0062897	0.00495243	0.00361315	0.00193826	3.4	3.90283	3.79234	4.01973	4.8081	4.79639e-05
0.00624989	0.0048807	0.003416	0.00172267	3.4	4.29427	4.05152	4.13785	4.4513	3.22677e-05
0.00601105	0.00428183	0.00302004	0.00159559	3.4	3.65962	3.75093	3.66424	4.34015	0.000100768
0.00651333	0.00476578	0.00349109	0.00181721	3.4	3.82303	4.15756	4.11536	4.5883	0.000412337
0.00247131	0.00231826	0.00189554	0.00110345	3.4	2.4509	2.82108	2.81945	3.79309	9.86589e-05
0.00333212	0.00292823	0.00212214	0.00110644	3.4	2.86746	3.13938	3.21798	3.57367	4.36756e-05
0.0117648	0.00764153	0.0049219	0.00241996	3.4	5.57318	4.68199	4.98736	5.0824	0.000143185
0.00541509	0.00455663	0.00310539	0.00152298	3.4	3.23231	3.37872	3.76077	4.35301	5.675e-05
0.003745	0.00321125	0.00259761	0.00165346	3.4	3.35018	3.44492	3.2738	4.18838	0.00013966
0.0061735	0.00456993	0.00279215	0.00127157	3.4	3.52269	3.14471	3.66017	4.00369	1.25467e-05
0.00571281	0.00406624	0.00294806	0.0014677	3.4	3.38628	3.88539	3.73181	4.19825	0.000169163
0.00747507	0.00598059	0.00408192	0.00206559	3.4	4.17849	3.99708	4.37469	4.91892	2.88822e-05
0.00604467	0.00485832	0.0031088	0.00136429	3.4	3.6883	3.43646	3.87318	4.18965	1.49134e-05
0.00745539	0.0059623	0.00395559	0.00188819	3.4	4.37389	3.9971	4.51232	4.63969	0.000104949
0.00479639	0.00433705	0.00302839	0.00161058	3.4	2.92239	3.22774	3.59226	4.36561	4.36101e-05
0.00470201	0.00424135	0.00308448	0.00161858	3.4	3.3576	3.53594	3.7132	4.2943	5.89595e-05
0.00552875	0.00396733	0.00270591	0.00137627	3.4	3.87961	3.48909	3.58684	4.10951	3.78902e-05
0.00807914	0.00586696	0.00390887	0.00181028	3.4	4.46894	4.44756	4.45285	4.62931	0.000143677
0.00245805	0.00240724	0.00208678	0.00129402	3.4	2.5738	2.80074	3.07707	4.15814	3.20025e-05
0.00572183	0.00466801	0.00320289	0.00156917	3.4	3.92334	3.5301	3.8498	4.49126	2.84042e-05
0.00555768	0.00451219	0.00325277	0.00167175	3.4	4.26498	4.08281	4.00989	4.21855	0.000165
0.00510322	0.00415774	0.00287471	0.00138988	3.4	3.50478	3.22538	3.67163	4.28462	8.68772e-06
0.00499582	0.00421343	0.00306184	0.00159069	3.4	3.04166	3.49699	3.76981	4.34112	0.000109735
0.00645397	0.00515966	0.00388157	0.00208108	3.4	4.37644	3.87116	4.25352	5.01994	7.30712e-05
0.00735881	0.00581982	0.00432057	0.00202768	3.4	4.39211	4.82802	4.4749	4.94818	0.000257133
0.00365308	0.00326504	0.00270758	0.00156879	3.4	3.36884	3.16613	3.49997	4.59615	2.62585e-05
0.00427299	0.00331655	0.00242497	0.00137907	3.4	3.42866	3.34167	3.43864	4.07988	0.000131002
0.00561259	0.00504535	0.00336988	0.00173218	3.4	4.23955	4.07229	3.91707	4.0644	2.95386e-05
0.00356805	0.00293275	0.00215866	0.00116414	3.4	2.81451	3.27606	3.2122	3.6258	7.92852e-05
0.0052189	0.00422824	0.00342583	0.00203625	3.4	4.17848	4.0508	3.83776	4.86929	0.000143023
0.00519677	0.00419051	0.0030353	0.00159297	3.4	2.84425	3.43963	3.6772	4.51588	9.83321e-05
0.00524745	0.00460025	0.00335313	0.0016564	3.4	4.0004	3.71172	3.85606	4.51218	2.74464e-05
0.00779996	0.00624974	0.00438925	0.00213115	3.4	4.51305	4.55719	4.58448	4.81383	8.12546e-05
0.00399646	0.00354992	0.00301076	0.00183474	3.4	3.63958	3.97113	3.62802	4.48863	0.000441486
0.00469618	0.00370984	0.00247375	0.00117818	3.4	2.92012	3.10305	3.43656	3.90668	3.20397e-05
0.00847961	0.00661133	0.00455565	0.00240367	3.4	5.35461	4.35984	4.64401	5.07216	5.88015e-05
0.00479668	0.00408004	0.00289918	0.00155695	3.4	3.38021	3.4394	3.71789	4.22395	0.00011039
0.00251349	0.00219469	0.0017721	0.000925427	3.4	2.5438	2.99263	2.79832	3.70079	4.57729e-05
0.00387489	0.00356685	0.00283683	0.00153907	3.4	3.29373	3.52347	3.48324	4.44642	2.91437e-05
0.00405205	0.00344979	0.00272498	0.00157737	3.4	2.68834	3.53246	3.61367	4.25333	0.000545836
0.00627989	0.00494543	0.00368895	0.00194516	3.4	4.24643	3.78111	4.15359	4.86926	2.09254e-05
0.0046576	0.00376518	0.00279103	0.00148798	3.4	3.54074	3.53772	3.69204	4.13333	4.57461e-05
0.00505866	0.00387616	0.00272222	0.00136863	3.4	3.37587	3.42832	3.59765	4.15099	5.76792e-05
0.0140588	0.00901529	0.005054	0.00200799	3.4	5.86319	4.49712	4.95581	4.79862	2.30884e-05
0.00298707	0.00301318	0.00256329	0.00149672	3.4	2.85535	3.17707	3.1749	4.45495	2.11196e-05
0.00488391	0.00374927	0.00262692	0.00125189	3.4	3.67729	3.7114	3.51864	3.84914	0.00020185
0.00361682	0.00278172	0.00201962	0.00111925	3.4	3.12465	2.97507	3.25723	3.69072	3.93068e-05
0.00612323	0.00507389	0.00321588	0.00139222	3.4	3.86639	3.64626	3.91036	4.25501	1.32516e-05
0.00800075	0.00651747	0.00464197	0.00225564	3.4	4.65915	4.59337	4.52635	5.1107	0.000266559
0.00279402	0.00239305	0.00193943	0.00117197	3.4	2.73498	3.06383	3.05265	3.71277	0.000133988
0.00510903	0.00468338	0.00364717	0.00212172	3.4	3.81241	3.696	3.9079	4.96322	4.08809e-05
0.00456295	0.00426305	0.00317427	0.00166292	3.4	4.09881	3.4821	3.77744	4.50416	1.14573e-05
0.00746411	0.00560248	0.00341182	0.00148363	3.4	3.82066	3.39837	4.13883	4.28755	1.80106e-05
0.00742573	0.00471065	0.00326717	0.00162901	3.4	4.17789	4.05792	3.96295	4.35698	0.000139605
0.00569247	0.00420695	0.00294857	0.00154253	3.4	3.18491	3.66101	3.9633	4.12701	7.36862e-05
0.00692558	0.00572275	0.00343426	0.00154885	3.4	3.36819	3.15365	4.16562	4.34399	7.09707e-06
0.00412515	0.00357374	0.00298101	0.00169705	3.4	3.38348	3.46765	3.51982	4.74818	4.30542e-05
0.00446046	0.00309105	0.00223043	0.00114392	3.4	3.02348	3.32028	3.21354	3.89459	6.23317e-05
0.0126029	0.00820008	0.00472434	0.00213683	3.4	5.51361	4.43305	4.72531	4.64203	0.000108248
0.00919435	0.0069528	0.00521963	0.00277278	3.4	4.93922	4.97864	4.73022	5.50396	0.000572564
0.00335287	0.00279984	0.00223159	0.00131172	3.4	2.82299	3.02289	3.1693	4.01326	3.00627e-05
0.00709624	0.00673547	0.00460638	0.00217545	3.4	4.34065	4.20599	4.65246	4.93605	2.7418e-05
0.00986835	0.00756189	0.00495062	0.00222363	3.4	5.11647	4.67944	4.61633	4.92292	9.6102e-05
0.00331734	0.00346778	0.00274044	0.00155454	3.4	3.54525	3.28125	3.53206	4.19696	4.47226e-05
0.00874269	0.0060419	0.00399446	0.00189635	3.4	4.4223	4.31087	4.40272	4.66127	8.54239e-05
0.00647095	0.0049684	0.00330285	0.00168093	3.4	4.25676	3.83226	3.95718	4.41016	7.02102e-05
0.0059932	0.00488743	0.00333755	0.0016329	3.4	3.30826	3.5874	3.96144	4.35188	0.000119698
0.00288137	0.00247563	0.00192934	0.00114673	3.4	2.6349	2.80806	3.05442	3.79886	1.75574e-05
0.00506065	0.00379495	0.00290947	0.00158189	3.4	3.25685	3.83699	3.6391	4.29805	0.00019896
0.00259128	0.00207847	0.00166496	0.00104327	3.4	2.05515	2.74305	2.79349	3.54734	0.00034676
0.00709671	0.00460542	0.00323615	0.00184164	3.4	3.84953	3.82704	4.11327	4.46108	0.00013178
0.00655673	0.00593658	0.00458799	0.0025542	3.4	4.50452	4.4662	4.5738	5.05528	0.000309738
0.00483382	0.0040331	0.00321021	0.00169303	3.4	3.56247	3.90736	3.55518	4.67241	0.000164137
0.00519942	0.00411954	0.00261408	0.00118479	3.4	3.3734	3.26704	3.61875	3.79727	1.08345e-05
0.00625385	0.00448963	0.00306615	0.0016283	3.4	3.7785	3.52813	3.80658	4.29839	3.23739e-05
0.00487989	0.00421472	0.00310206	0.00164435	3.4	3.59269	3.45375	3.66621	4.56878	3.72163e-05
0.00504024	0.00481341	0.00362454	0.00196778	3.4	4.11483	3.78589	3.94222	4.62739	3.66685e-05
0.00586581	0.00507904	0.00340271	0.00161768	3.4	3.49014	3.41021	4.01547	4.50259	1.2916e-05
0.00696409	0.00603741	0.00406998	0.00189527	3.4	3.92628	3.82015	4.189	4.70523	3.7754e-05
0.00688086	0.00518757	0.00327287	0.0014369	3.4	4.05869	3.86397	4.1171	3.98405	3.08608e-05
0.00561552	0.0044051	0.00297675	0.00137454	3.4	3.45042	3.47502	3.69714	4.22557	2.6631e-05
0.00603558	0.00458171	0.00345891	0.00193903	3.4	3.58702	4.03332	4.12978	4.51502	0.00031138
0.00515584	0.00386145	0.00286227	0.00163045	3.4	2.85133	3.59062	3.59187	4.1933	0.000620182
0.00524215	0.00401787	0.00295103	0.0015678	3.4	3.7098	3.63976	3.80694	4.49471	7.94706e-05
0.00864231	0.00610738	0.00366559	0.0015959	3.4	4.5362	3.93551	4.44289	4.34317	1.8446e-05
0.0107072	0.00756883	0.0046828	0.00202662	3.4	5.02536	4.44434	4.8448	4.93782	9.13288e-05
0.00642826	0.00555994	0.0038538	0.00178542	3.4	4.30667	3.95482	4.15975	4.64425	1.11972e-05
0.00527154	0.00366695	0.00258713	0.001297	3.4	3.85027	3.55188	3.62951	4.04686	4.39128e-05
0.00328603	0.00314359	0.00259432	0.00150947	3.4	3.09435	3.52105	3.33508	4.31833	0.000169304
0.00244759	0.00245254	0.00214915	0.00129516	3.4	2.63792	3.05607	3.01913	4.18934	0.000141373
0.0110774	0.00818689	0.00514159	0.00236704	3.4	5.1233	4.3784	4.91938	5.16221	3.26639e-05
0.00605755	0.00501333	0.00367271	0.00191226	3.4	4.30005	4.04074	4.07968	4.70201	8.00827e-05
0.00547712	0.00455656	0.00335257	0.0018169	3.4	3.63059	3.73309	3.87393	4.56012	6.42295e-05
0.00721238	0.00479207	0.00335645	0.00181556	3.4	3.58341	4.09337	4.15327	4.46056	0.00119304
0.00447771	0.00361587	0.00251384	0.00119078	3.4	3.16952	3.20425	3.50159	3.99393	4.82197e-05
0.00411938	0.00335143	0.00256634	0.0013614	3.4	2.64091	3.48013	3.3916	4.03454	0.000105761
0.00478057	0.00468371	0.00385331	0.00203389	3.4	3.49885	4.05602	3.90329	5.07512	8.10979e-05
0.00341862	0.00322003	0.0025726	0.00140036	3.4	3.47327	3.14749	3.24982	4.27742	2.67559e-05
0.00490981	0.00417897	0.00286227	0.00141029	3.4	3.49716	3.61447	3.69895	3.9454	6.94333e-05
0.00706717	0.00624531	0.0048799	0.00254427	3.4	5.85041	4.43645	4.62615	5.74738	3.28755e-05
0.00521171	0.00467559	0.00344124	0.00174985	3.4	4.39772	3.85154	3.95263	4.6358	3.02715e-05
0.0036878	0.00322583	0.00288016	0.00165015	3.4	3.51688	3.9216	3.40148	4.67845	0.000134106
0.00535422	0.00451265	0.00325859	0.00155581	3.4	4.03968	3.84166	3.83259	4.37022	3.51559e-05
0.00503484	0.00414826	0.00312131	0.00167293	3.4	3.62916	3.85752	3.676	4.36877	0.000185151
0.00540792	0.00431928	0.00312333	0.00168868	3.4	3.20031	3.8071	3.73541	4.33822	0.000263753
0.00738739	0.00566363	0.00382339	0.00182749	3.4	3.76048	3.96918	4.29664	4.72149	0.000101694
0.00705731	0.0052294	0.00402115	0.00217481	3.4	4.8483	4.53379	4.43906	5.09898	0.000243206
0.00385382	0.00332546	0.00280281	0.00168416	3.4	3.20278	3.84062	3.46139	4.39237	0.000187741
0.00513908	0.00386204	0.00285349	0.0014692	3.4	3.75546	3.70578	3.62699	4.1639	0.000125433
0.0067708	0.00511878	0.0031821	0.00144089	3.4	4.01231	3.62496	4.13168	4.0811	2.28939e-05
0.00928387	0.00723101	0.00473135	0.00212942	3.4	4.73696	4.69119	4.79842	4.74734	0.000103873
0.00447356	0.0040907	0.00314761	0.00162276	3.4	4.2632	3.923	3.76708	4.46587	5.23875e-05
0.00759689	0.00590191	0.00411215	0.00214057	3.4	4.28004	4.10041	4.16967	4.85079	0.000126474
0.0065473	0.00551116	0.00379496	0.00170621	3.4	4.53113	3.80477	4.09714	4.81029	1.59772e-05
0.0119234	0.00924385	0.00537793	0.00218455	3.4	5.71731	4.49653	4.96475	5.03258	3.07764e-05
0.00687165	0.00595843	0.0042814	0.00218849	3.4	4.32648	4.0548	4.29889	5.00644	6.48036e-05
0.00440135	0.00384006	0.00268553	0.00139718	3.4	3.30059	3.23388	3.61066	4.03644	5.28204e-05
0.00528306	0.00418908	0.00313647	0.00176289	3.4	3.21174	3.46858	3.81697	4.70731	0.000105183
0.00426327	0.00324188	0.00250589	0.00144717	3.4	3.26915	3.46312	3.42248	4.07149	0.000136409
0.00631519	0.00480894	0.00329179	0.00161431	3.4	3.71631	3.69237	3.87296	4.32796	4.30553e-05
0.00428121	0.00357139	0.00276057	0.00157292	3.4	3.20881	3.27613	3.44138	4.51681	2.34135e-05
0.00478098	0.00391495	0.0032009	0.00200555	3.4	4.26177	4.07026	3.74159	4.56072	0.000174653
0.00571692	0.00457233	0.00311138	0.00151628	3.4	4.0496	3.51357	3.84919	4.27716	1.31508e-05
0.00743268	0.00574577	0.00401748	0.00186745	3.4	4.32501	4.10095	4.26269	4.82352	0.000128168
0.00390488	0.00343284	0.00255204	0.00135136	3.4	2.91159	3.40812	3.3617	3.81701	3.69727e-05
0.00625722	0.00521285	0.00389435	0.00207173	3.4	3.74826	4.2231	4.07072	4.68497	0.000230517
0.00600828	0.00432048	0.00313762	0.00161777	3.4	4.43627	3.74808	3.81802	4.51575	2.744e-05
0.00487565	0.00466646	0.0033863	0.00184247	3.4	3.23918	3.52346	3.83575	4.4172	9.78845e-05
0.00462419	0.00373497	0.00273592	0.00138678	3.4	3.50254	3.22985	3.64484	4.35742	7.7744e-06
0.00920969	0.00616816	0.00373908	0.00157997	3.4	4.11124	4.14181	4.32343	4.3186	0.000101541
0.00793737	0.00611135	0.00428218	0.00214498	3.4	4.59141	4.53833	4.66741	4.7384	0.000131214
0.00408866	0.00327209	0.00254881	0.00143472	3.4	3.07291	3.48531	3.38592	4.14986	0.000209988
0.00554057	0.00439057	0.00352259	0.00194386	3.4	4.38207	4.10727	4.06657	4.92749	7.66816e-05
0.0051735	0.00411166	0.00297288	0.0014998	3.4	3.56987	3.51802	3.7072	4.35133	8.5738e-05
0.00598572	0.00506064	0.00351001	0.00175284	3.4	3.39301	3.68553	3.89767	4.48986	6.82102e-05
0.0055262	0.0045045	0.00287136	0.00131349	3.4	4.75709	3.44439	3.79439	4.01382	8.5457e-06
0.00879366	0.00620552	0.00353828	0.00139942	3.4	4.51242	4.12312	4.37675	3.97506	1.57049e-05
0.00693317	0.00475737	0.00347313	0.00178461	3.4	4.12496	4.07852	4.07711	4.61745	9.04425e-05
0.00781655	0.00523285	0.00351589	0.00186735	3.4	3.91896	4.06623	4.10041	4.5121	0.000263569
0.00509986	0.00410735	0.00310523	0.00173049	3.4	3.83543	3.82565	3.78709	4.47239	0.000126337
0.00355816	0.00332661	0.00251557	0.00130089	3.4	3.09149	3.15366	3.27776	4.16117	2.79203e-05
0.00865423	0.00648503	0.00418717	0.00201264	3.4	4.92277	4.19676	4.43097	4.80851	1.13933e-05
0.00799536	0.00599769	0.00438723	0.00241745	3.4	4.79906	4.26724	4.46461	5.27589	6.41423e-05
0.006694	0.00531023	0.00356302	0.0016188	3.4	3.47978	4.21374	4.19134	4.33181	0.000244389
0.00365734	0.00294883	0.00228239	0.00126323	3.4	3.05408	3.16488	3.26363	4.11887	0.00015799
0.00473337	0.0035453	0.00285772	0.0016877	3.4	3.44543	4.07321	3.48149	4.26389	0.00156276
0.0047793	0.00417857	0.00305238	0.00167262	3.4	3.40316	3.50941	3.80426	4.38418	0.000141273
0.00430868	0.00343886	0.00291636	0.00189246	3.4	3.92381	3.71096	3.54466	4.79075	0.00027865
0.00588343	0.00504665	0.00335826	0.00171108	3.4	3.58717	3.48667	4.03337	4.42996	5.29158e-05
0.00389293	0.00322787	0.00284027	0.00175783	3.4	4.04699	3.8117	3.6168	4.64222	8.98432e-05
0.00472384	0.00435807	0.0034515	0.00186502	3.4	4.36832	3.96573	3.80516	4.85105	9.59585e-05
0.00820753	0.00601233	0.00403061	0.00197775	3.4	4.3055	4.28461	4.50011	4.75867	0.000147712
0.00443205	0.00331669	0.00252492	0.0013931	3.4	3.18984	3.50325	3.43686	4.21905	0.00015087
0.00569943	0.00508927	0.0038693	0.00191775	3.4	3.81888	4.45601	4.00654	4.58181	0.000125747
0.00802442	0.00569486	0.00411815	0.00209792	3.4	4.98012	4.59168	4.52449	4.81788	0.000173785
0.00320158	0.00314842	0.00238816	0.0012474	3.4	2.97938	3.05536	3.31979	4.00079	1.38012e-05
0.00641991	0.00603472	0.00398906	0.00175238	3.4	3.41271	4.03127	4.15514	4.52675	9.17702e-05
0.00775278	0.00673126	0.00447521	0.00205363	3.4	4.93193	4.07926	4.54827	4.89008	1.50427e-05
0.00879863	0.00667342	0.0041392	0.00189212	3.4	4.45891	4.07518	4.59156	4.52791	6.87838e-05
0.00982805	0.00587754	0.00370915	0.00179445	3.4	4.53353	4.33085	4.43665	4.45279	0.000272623
0.00538465	0.00396196	0.00308668	0.00164488	3.4	3.65517	3.76391	3.74626	4.636	7.44658e-05
0.00530458	0.00419851	0.00279129	0.00131588	3.4	3.41275	3.38536	3.79922	4.01056	4.89655e-05
0.00778075	0.00566602	0.00360896	0.00172725	3.4	4.52754	4.14899	4.36479	4.29216	3.52909e-05
0.00537582	0.00416055	0.00312929	0.00171911	3.4	3.33257	3.58873	3.81692	4.51976	0.000173677
0.00385397	0.00355229	0.00245865	0.00114274	3.4	3.11956	3.00739	3.47973	3.83565	2.23786e-05
0.00873161	0.00661994	0.00418403	0.00168005	3.4	4.74002	4.0526	4.50804	4.59234	2.34034e-05
0.00498347	0.00384672	0.00302476	0.00179811	3.4	3.76631	3.63316	3.64673	4.53057	0.00026886
0.00753763	0.00613369	0.00424379	0.00207052	3.4	4.09711	4.14792	4.26934	4.85164	3.38952e-05
0.00536	0.00438662	0.00301775	0.00152955	3.4	4.17109	3.55198	3.89559	4.26989	1.52749e-05
0.0119551	0.00785798	0.0045632	0.00185864	3.4	5.35023	4.32016	4.79975	4.82097	1.67426e-05
0.00799275	0.00555924	0.00363083	0.0016658	3.4	3.90133	3.96533	4.1517	4.56903	0.000117928
0.00488978	0.00370495	0.00269496	0.00139172	3.4	3.67814	3.49967	3.60302	4.1736	4.43327e-05
0.0067901	0.00517352	0.00362953	0.00188109	3.4	3.97695	3.94664	4.20732	4.62177	0.000189862
0.00393617	0.00331341	0.00246172	0.00129108	3.4	3.11409	3.34624	3.39215	4.01704	8.16488e-05
0.00581022	0.00440488	0.00316592	0.00159053	3.4	3.95414	4.14286	3.80785	4.34857	7.39161e-05
0.0049103	0.00464003	0.0032487	0.00151846	3.4	3.04368	3.60093	3.76606	4.35168	2.83885e-05
0.00447965	0.0039872	0.002967	0.00155	3.4	3.56076	3.70158	3.75313	4.26356	0.000100526
0.00516299	0.00395041	0.00291462	0.0015333	3.4	3.24505	3.44515	3.69184	4.51234	7.42453e-05
0.00495597	0.00388451	0.00260792	0.00137935	3.4	3.35061	3.03544	3.75063	4.19545	5.91544e-05
0.00688491	0.00482046	0.00298481	0.00130197	3.4	3.23223	3.61097	3.98432	3.98245	8.65299e-05
0.00409521	0.00332119	0.00234804	0.00117926	3.4	2.99827	3.10794	3.54007	3.87486	4.39354e-05
0.00339522	0.00310606	0.00220235	0.00116038	3.4	2.42826	2.86799	3.17974	3.7577	2.60201e-05
0.00942978	0.00624026	0.00389866	0.00181272	3.4	3.8566	4.11041	4.2186	4.53273	0.000209817
0.00703828	0.00458753	0.00344112	0.00175047	3.4	4.12383	4.13437	3.97438	4.6863	9.12954e-05
0.00498935	0.00436571	0.00340868	0.00174955	3.4	3.51243	3.87161	3.78319	4.76485	4.68914e-05
0.0050421	0.00421236	0.00327346	0.0017397	3.4	4.08921	4.02143	3.71664	4.5986	0.000205883
0.0087709	0.0064672	0.00415422	0.00174351	3.4	4.25954	4.27463	4.43065	4.7413	6.63642e-05
0.00736049	0.00544612	0.00344344	0.00167565	3.4	4.5873	3.64464	4.07955	4.5151	8.99075e-06
0.0064361	0.00463752	0.00324484	0.00149177	3.4	4.45667	4.09932	4.06472	4.35206	0.000108813
0.00342398	0.00319458	0.00242708	0.00118553	3.4	3.16637	3.40095	3.32587	3.98953	3.80768e-05
0.00371141	0.00331791	0.00248835	0.0012916	3.4	2.75708	3.37183	3.39252	3.92791	0.000137813
0.00379162	0.00285795	0.00225158	0.00133105	3.4	3.13726	3.37585	3.35278	4.05369	0.000207583
0.00464931	0.00405238	0.00280743	0.00139347	3.4	3.60602	3.47361	3.7357	4.0863	3.15026e-05
0.00948118	0.0067542	0.00429003	0.00204399	3.4	4.39605	4.20293	4.7283	4.70003	0.000104607
0.0058972	0.00503947	0.00354447	0.00170448	3.4	3.89657	3.90868	3.80201	4.50107	3.87213e-05
0.00423101	0.00379287	0.002638	0.00132031	3.4	3.49489	3.33682	3.54296	3.89135	2.8067e-05
0.00520248	0.00424219	0.00282202	0.00135154	3.4	3.05314	3.4624	3.64381	3.99024	3.3796e-05
0.00468804	0.0040515	0.00316233	0.0016242	3.4	3.70866	4.0093	3.7821	4.54626	0.000201462
0.00445649	0.00335231	0.00209619	0.00101431	3.4	3.4856	2.99616	3.52147	3.45979	9.5467e-06
0.00369054	0.00308902	0.00245828	0.00130017	3.4	3.40797	3.4518	3.297	4.15335	5.12141e-05
0.0114198	0.0071712	0.00428114	0.00170367	3.4	4.32311	4.30461	4.51464	4.68479	7.58082e-05
0.0118418	0.0073268	0.00471114	0.00222572	3.4	5.32401	4.53493	4.72248	4.91394	4.74006e-05
0.0066546	0.00519732	0.00350133	0.00165668	3.4	3.75967	3.78437	4.00102	4.4607	3.74756e-05
0.005943	0.00460792	0.00309723	0.00151033	3.4	3.86059	3.61183	3.84546	4.17806	3.18418e-05
0.00466267	0.00355433	0.00256776	0.0013534	3.4	3.37816	3.57086	3.6267	4.05039	8.25443e-05
0.00402881	0.00334242	0.00234126	0.00112231	3.4	2.81906	3.09274	3.29357	3.90774	1.77647e-05
0.00454487	0.00380511	0.00280512	0.0014261	3.4	3.30326	3.54944	3.58173	4.12135	0.000104166
0.00769283	0.00600735	0.00418396	0.00200306	3.4	4.32726	4.18805	4.42252	4.9383	8.18949e-05
0.00731315	0.00580372	0.00364737	0.00165489	3.4	3.80203	3.93679	4.15757	4.24783	4.52396e-05
0.00580127	0.00496985	0.00383013	0.00213485	3.4	4.31473	3.97402	4.13838	5.05162	8.12944e-05
0.00854967	0.00615486	0.00370332	0.00156724	3.4	5.24764	3.92784	4.48274	4.26616	2.20388e-05
0.0078785	0.00603741	0.003911	0.00190837	3.4	5.41386	4.07552	4.47926	4.65746	6.05957e-05
0.0079071	0.00513541	0.00318019	0.00143902	3.4	3.89008	3.82431	3.95071	4.08636	3.77589e-05
0.0044989	0.00430837	0.00323	0.00173947	3.4	3.44493	3.33324	3.74551	4.60561	3.47699e-05
0.00594544	0.00478621	0.00383535	0.00212116	3.4	4.63817	4.48188	3.99535	4.87372	0.00019952
0.00359483	0.00358516	0.00282516	0.00145549	3.4	3.43158	3.51524	3.66748	4.22629	9.01849e-05
0.00264211	0.00236746	0.00187549	0.0011528	3.4	2.2959	2.62528	2.93421	3.73482	2.39095e-05
0.003463	0.00336777	0.0026585	0.00143961	3.4	3.36151	3.54547	3.3075	4.13451	6.02352e-05
0.00651893	0.00505851	0.00331546	0.00161418	3.4	3.84249	3.72041	3.98536	4.20457	6.43997e-05
0.00738129	0.00439379	0.00276612	0.00137319	3.4	3.7258	3.48562	3.70114	4.0524	3.14925e-05
0.00690419	0.00528001	0.00375747	0.0020274	3.4	5.21153	4.33856	4.20435	4.61738	0.000120544
0.00551767	0.00406085	0.00297795	0.00159169	3.4	4.39162	3.88271	3.7932	4.3291	5.21816e-05
0.00512656	0.00401749	0.00317046	0.00178854	3.4	4.25167	3.93341	3.8254	4.67389	0.000107692
0.00473703	0.00368286	0.00283634	0.00161395	3.4	3.35667	3.58204	3.49109	4.43135	0.000299766
0.00875337	0.00614956	0.00423211	0.00217549	3.4	4.54364	4.44991	4.38113	4.86154	0.000198017
0.00707162	0.00590824	0.00416345	0.0020735	3.4	4.43238	4.1341	4.36193	4.98616	0.000122495
0.0060708	0.00487949	0.00339643	0.00165188	3.4	4.33955	4.09928	4.02117	4.33135	4.89361e-05
0.00514417	0.0038803	0.00298912	0.00171163	3.4	3.90911	3.75717	3.70341	4.55568	0.000231979
0.00716947	0.00504546	0.00336554	0.00155062	3.4	4.37107	3.98557	4.03855	4.41377	0.000105831
0.00782172	0.00611037	0.0039385	0.00176255	3.4	4.07204	3.9882	4.32095	4.56645	3.95903e-05
0.00498782	0.00451777	0.00332339	0.00186289	3.4	3.34788	3.62227	3.79996	4.50344	5.80642e-05
0.00480944	0.0040884	0.00303087	0.00173492	3.4	3.77279	3.59445	3.7169	4.45527	4.3274e-05
0.00575873	0.00480005	0.00340724	0.00161526	3.4	3.51023	3.83117	3.93006	4.4711	5.42099e-05
0.0028464	0.00245931	0.00192068	0.00107258	3.4	2.43735	2.97139	2.90841	3.65347	3.89065e-05
0.00313175	0.00358028	0.00290126	0.00168154	3.4	3.404	3.50402	3.43411	4.31734	1.4133e-05
0.00579236	0.00469568	0.00294791	0.00145132	3.4	3.75877	3.20496	3.87932	4.0785	6.69094e-06
0.00280177	0.00231365	0.00183014	0.00108236	3.4	2.46497	2.95138	2.93501	3.53315	0.000140129
0.00477444	0.00461009	0.00331711	0.00160686	3.4	3.28145	3.74088	3.93958	4.23501	7.12511e-05
0.00514026	0.00449606	0.00349608	0.00206179	3.4	3.77374	3.94452	3.84932	4.61649	9.04393e-05
0.00447014	0.00332277	0.00250981	0.00128819	3.4	4.06019	3.48718	3.59099	4.22847	2.53868e-05
0.0070376	0.00564591	0.00360264	0.00150311	3.4	4.39292	3.76234	4.17015	4.45761	1.55638e-05
0.00471291	0.00388822	0.00291879	0.00153855	3.4	3.81943	3.64887	3.47546	4.38145	5.98555e-05
0.0029089	0.00294923	0.00252856	0.00139635	3.4	2.7181	3.2363	3.137	4.40007	6.04235e-05
0.00734997	0.00527717	0.00351414	0.00168887	3.4	4.21387	4.11636	4.22043	4.5028	8.96885e-05
0.00536947	0.00427111	0.0030871	0.00168951	3.4	3.46177	3.62745	3.8267	4.43382	0.000122753
0.00889437	0.00642823	0.00446663	0.00223662	3.4	4.06398	4.7237	4.67865	4.79717	0.000311619
0.00421774	0.003532	0.00271192	0.00154885	3.4	2.81948	3.60535	3.40576	4.09248	0.000593527
0.00547257	0.00475626	0.00329914	0.00160249	3.4	3.68924	3.71931	3.98338	4.37741	3.53584e-05
0.00482977	0.00387606	0.00269435	0.00125242	3.4	3.20385	3.30864	3.62161	4.12816	4.97589e-05
0.0051961	0.00334504	0.00254279	0.0015489	3.4	2.99031	3.46455	3.58866	4.33054	0.000397226
0.00398655	0.00306327	0.00199879	0.000950318	3.4	2.76673	2.79766	3.52845	3.50169	2.61535e-05
0.00423973	0.00343808	0.00258466	0.00130904	3.4	3.23848	3.34347	3.37288	4.13519	5.66128e-05
0.00357964	0.00313402	0.0023685	0.00125113	3.4	2.84164	3.2547	3.2512	4.06202	9.67884e-05
0.00618502	0.00438047	0.00307984	0.00165373	3.4	3.87509	4.01788	3.84794	4.21142	0.000157526
0.00734922	0.00584836	0.00428733	0.00218143	3.4	4.60991	4.19737	4.43011	5.15111	8.68145e-05
0.0053905	0.00495969	0.00342883	0.0016673	3.4	3.60503	3.80573	3.75964	4.33086	3.69472e-05
0.00646269	0.00517087	0.00337195	0.00155056	3.4	3.49896	3.61976	3.94703	4.36216	4.15597e-05
0.00907343	0.00696586	0.00458252	0.0022472	3.4	4.79548	4.34222	4.5401	4.91404	0.000144998
0.00788845	0.00626791	0.00385898	0.00173616	3.4	3.70869	3.63479	4.49666	4.60525	5.1091e-05
0.00558319	0.00456866	0.00319329	0.00146204	3.4	4.04507	4.02279	3.91564	4.30143	3.68151e-05
0.00620627	0.00514025	0.00340713	0.00161287	3.4	4.20662	3.36411	4.08817	4.62707	5.0587e-06
0.00924746	0.00635748	0.0038598	0.00165024	3.4	4.74794	4.16299	4.50533	4.40021	3.49193e-05
0.00955161	0.00670158	0.00440045	0.00217327	3.4	4.26068	4.71359	4.52632	4.71218	0.000160876
0.00575071	0.00434926	0.00296492	0.00147597	3.4	3.74004	3.48179	3.8348	4.39209	6.36898e-05
0.00624966	0.00501083	0.00390942	0.00205609	3.4	5.03498	4.58289	4.27564	4.95933	5.10688e-05
0.00704268	0.00589211	0.00433547	0.00223785	3.4	4.97441	4.37283	4.19332	5.066	5.67936e-05
0.0077687	0.00594067	0.00386737	0.00176658	3.4	4.32998	3.93231	4.40363	4.5519	4.09059e-05
0.00443165	0.00424715	0.00312039	0.00163419	3.4	3.63848	3.27302	3.67391	4.57257	2.27962e-05
0.00826472	0.00639694	0.00476791	0.00246344	3.4	5.2835	4.72438	4.79018	5.19755	0.000191783
0.00707679	0.00605053	0.00425305	0.00205865	3.4	4.30131	4.25337	4.27999	4.79719	5.28393e-05
0.00469457	0.00401754	0.0030585	0.00156082	3.4	3.47004	3.62746	3.5557	4.5191	1.86961e-05
0.00425551	0.00404021	0.00276391	0.00129576	3.4	3.28229	3.27875	3.796	3.86751	1.34554e-05
0.00752555	0.005726	0.00401117	0.00197295	3.4	5.30951	4.47265	4.33048	4.71484	8.03316e-05
0.00684258	0.0050478	0.00362323	0.00184437	3.4	4.15291	4.27266	4.17995	4.45565	0.000384823
0.0104739	0.00716069	0.00466387	0.00229474	3.4	5.00813	4.25111	4.70977	5.23149	7.09212e-05
0.00494936	0.00378213	0.00295143	0.00164627	3.4	3.82975	3.87908	3.74838	4.38327	0.000127592
0.00780545	0.00512839	0.00350617	0.00170388	3.4	4.26327	4.57538	4.25062	4.33519	0.000355269
0.0071299	0.0051976	0.0033569	0.00150554	3.4	3.98524	3.84326	3.93126	4.26284	3.77342e-05
0.00914267	0.00640649	0.00407112	0.00187682	3.4	4.72752	4.34208	4.61932	4.5397	0.000189812
0.007524	0.00647915	0.00465251	0.00238572	3.4	4.70393	4.48952	4.52363	5.08931	3.95473e-05
0.00457305	0.00430124	0.00294627	0.00143539	3.4	3.27598	3.26492	3.69165	4.19244	1.24508e-05
0.00235444	0.00221389	0.00195858	0.00133478	3.4	2.61029	2.96053	2.93769	3.89838	0.000337052
0.00629642	0.00528047	0.00333944	0.00140325	3.4	3.9482	3.61631	4.03172	4.25718	1.01893e-05
0.00461659	0.00401496	0.00288543	0.00137671	3.4	3.71271	3.70639	3.767	4.08809	3.56568e-05
0.00462593	0.00457835	0.00347043	0.00186991	3.4	3.61606	3.78796	3.66359	4.54884	9.86034e-05
0.00919099	0.00729343	0.00497509	0.00236165	3.4	4.91878	4.57471	4.69552	5.09025	7.31551e-05
0.00880072	0.00583665	0.00400571	0.00198146	3.4	4.39891	4.11661	4.49696	4.89685	8.76624e-05
0.00491809	0.00420803	0.00295569	0.00156306	3.4	3.58825	3.57762	3.68394	4.17755	9.56165e-05
0.0047979	0.00384284	0.00265703	0.00130104	3.4	3.16752	3.44541	3.53807	4.07786	4.14812e-05
0.00510705	0.00434839	0.00337919	0.00181682	3.4	4.01238	4.20941	3.84455	4.46775	0.000149834
0.00856373	0.00567518	0.00359491	0.00164455	3.4	3.46388	3.93468	4.4255	4.41542	0.000193315
0.00642352	0.00586628	0.00472231	0.00243887	3.4	5.0656	4.61798	4.43328	5.39789	7.08493e-05
0.00356316	0.00312942	0.00251836	0.00148188	3.4	3.52637	3.47286	3.4201	4.25093	6.63198e-05
0.00332928	0.00293704	0.00228041	0.00128444	3.4	3.33117	3.16385	3.2331	4.00487	4.33275e-05
0.00282992	0.00233581	0.00214618	0.00133713	3.4	3.03063	3.40788	3.11098	4.23158	0.000164392
0.00224649	0.00199229	0.00159898	0.000940364	3.4	2.27838	2.62813	2.69656	3.45095	3.1839e-05
0.00442357	0.00375969	0.00307735	0.00171941	3.4	3.70304	3.977	3.49655	4.50616	0.000182501
0.00706136	0.00516523	0.00393689	0.00210966	3.4	4.40957	4.25705	4.44099	5.01594	0.000203938
0.00648872	0.00475485	0.00327381	0.00163638	3.4	4.10024	3.8385	4.01523	4.45397	0.000123341
0.00632607	0.00513057	0.00357	0.00172799	3.4	3.77482	3.60746	4.05569	4.71405	1.39595e-05
0.00705411	0.00519765	0.00326003	0.00150248	3.4	3.71983	3.43831	4.12561	4.27521	1.88215e-05
0.00606279	0.00518564	0.00388328	0.00213356	3.4	4.61107	4.07452	4.21051	4.90897	2.99933e-05
0.00553487	0.00443008	0.00326268	0.00174963	3.4	3.56585	3.48738	3.74454	4.66508	4.18811e-05
0.00464135	0.00430293	0.00305427	0.00152899	3.4	3.36742	3.35732	3.67792	4.30435	4.98021e-05
0.0070698	0.00457409	0.00335669	0.00175802	3.4	4.09236	4.08179	3.92705	4.62497	8.89935e-05
0.00512975	0.00478762	0.0033008	0.00165233	3.4	4.29657	3.72565	3.75782	4.37145	8.46863e-06
0.00600843	0.00440561	0.00305037	0.00147447	3.4	3.4791	3.62759	3.89895	4.36691	6.19663e-05
0.00566492	0.00412986	0.00341129	0.00197562	3.4	4.20747	3.98853	3.79511	5.12047	2.1386e-05
0.00296709	0.00288848	0.00226016	0.00130388	3.4	2.96889	2.72415	3.02722	4.1126	1.28372e-05
0.00515108	0.00415305	0.00331712	0.00186183	3.4	3.76388	3.9739	3.76957	4.71797	0.000156213
0.00677097	0.00537581	0.00413678	0.00215774	3.4	4.45373	4.32955	4.34324	5.09031	0.000110162
0.00684274	0.00519761	0.00368564	0.0017851	3.4	4.03377	3.8321	4.201	4.83861	2.7412e-05
0.00686464	0.00495395	0.00330196	0.00167213	3.4	3.47112	3.77437	4.06257	4.34187	0.000528621
0.00484855	0.00408487	0.00332789	0.00179432	3.4	3.59003	3.98812	3.72958	4.82347	0.000105586
0.00630824	0.00510522	0.0034794	0.00170362	3.4	3.59576	3.78679	4.12851	4.40749	6.44595e-05
0.00392329	0.00338298	0.00261899	0.00142441	3.4	2.7686	3.38447	3.30358	4.14876	8.99955e-05
0.00727786	0.00542438	0.00369488	0.00173008	3.4	4.32158	3.99896	4.23006	4.76059	6.17906e-05
0.00788102	0.00581924	0.00415173	0.00207616	3.4	5.2467	4.47654	4.44951	4.90278	0.000117227
0.00274664	0.0025809	0.00210305	0.00118644	3.4	2.34297	3.08523	2.98438	3.89591	0.000208804
0.00356524	0.00322524	0.00241264	0.00124571	3.4	2.63064	3.10867	3.35367	4.04132	5.40991e-05
0.00374049	0.00308018	0.00231251	0.00125312	3.4	3.1819	3.15595	3.22544	4.04692	3.27179e-05
0.0132156	0.0081546	0.00518863	0.00226283	3.4	4.92253	4.78853	5.19957	5.2451	9.20448e-05
0.00526857	0.00462242	0.00322535	0.00167806	3.4	3.51082	3.54639	3.84204	4.30595	8.77254e-05
0.00437124	0.00350371	0.00254071	0.00145972	3.4	3.06079	3.25255	3.51422	4.17067	8.90288e-05
0.0026871	0.0023018	0.00196149	0.00118825	3.4	2.34373	3.14943	2.87492	3.85714	0.000471418
0.00732094	0.00534612	0.00361838	0.00177475	3.4	3.89488	3.81972	4.06447	4.52324	7.71931e-05
0.00469336	0.00409875	0.00316321	0.00165725	3.4	3.37546	3.83426	3.86693	4.48332	0.000410777
0.0055583	0.00504907	0.00396095	0.00210803	3.4	4.31374	4.23985	4.21774	4.97601	9.97973e-05
0.00476299	0.00448404	0.00319388	0.00153904	3.4	3.43434	3.61935	3.79044	4.25645	3.06229e-05
0.00554773	0.00399407	0.00358183	0.00243372	3.4	4.54603	4.41134	3.85416	5.37588	0.000330728
0.00407901	0.00335127	0.00253748	0.00149867	3.4	2.57212	3.46663	3.41579	4.03849	0.000231036
0.00629355	0.00558756	0.0039743	0.00206986	3.4	4.35533	3.774	4.16581	4.9569	1.3746e-05

