0	bld-00	IDR	PFA	PFV	residual
0.002815	0.002284	0.001886	0.001069	3	2.692	3.043	2.914	3.77	0.0001066
0.004549	0.003895	0.002634	0.001315	3	2.675	2.836	3.618	4.223	3.249e-05
0.00474	0.004123	0.002793	0.001297	3	3.39	3.202	3.728	3.871	3.394e-05
0.00643	0.0046	0.002722	0.001237	3	3.009	3.464	3.651	3.883	8.903e-05
0.003427	0.002758	0.002313	0.001339	3	2.759	2.975	3.185	3.998	0.0001517
0.005393	0.004576	0.003823	0.002155	3	3.659	3.799	3.998	4.925	8.894e-05
0.005789	0.004014	0.002662	0.001278	3	3.269	3.693	3.607	3.923	2.679e-05
0.009467	0.00702	0.004366	0.00195	3	3.926	4.463	4.607	4.731	6.368e-05
0.00559	0.004175	0.002588	0.001123	3	3.28	3.517	3.565	3.656	4.721e-05
0.003391	0.003174	0.002467	0.001325	3	3.258	2.778	3.274	4.148	4.364e-05
0.003539	0.002967	0.00239	0.00135	3	2.958	3.062	3.393	3.921	4.301e-05
0.00352549	0.00262236	0.00194349	0.000989945	3	2.96065	3.17453	2.92693	3.55418	0.000100537
0.00339992	0.00275271	0.00244514	0.00146831	3	3.01817	3.11663	3.34159	4.04518	3.69907e-05
0.0058565	0.00397733	0.00276619	0.00143335	3	2.85511	3.68525	3.54196	4.14753	0.00015618
0.00579902	0.00471738	0.00364419	0.00195113	3	3.20904	3.68209	4.01501	4.89223	0.000115394
0.00492278	0.00340241	0.00209027	0.000961062	3	2.83606	3.37801	3.22039	3.55744	6.13522e-05
0.00378799	0.00311605	0.00240834	0.00130174	3	2.87614	3.16403	3.3703	3.96961	7.64242e-05
0.00497672	0.00393594	0.00269931	0.00131421	3	3.14908	3.39958	3.5891	3.93331	8.17652e-05
0.00340635	0.00296325	0.00255837	0.00155195	3	2.80144	2.886	3.24419	4.59584	8.86607e-05
0.00422558	0.00301964	0.00205406	0.00101441	3	2.83428	3.25373	3.07021	3.76565	6.3068e-05
0.00537116	0.00474828	0.00301219	0.00141699	3	3.13656	2.88627	3.85374	4.35718	2.10083e-05
0.00526808	0.00383037	0.0022754	0.000990698	3	2.81226	3.25833	3.3765	3.54016	0.00011777
0.00488756	0.00345002	0.00231134	0.0010861	3	3.06236	3.59617	3.41019	3.60415	3.79711e-05
0.00319632	0.00283334	0.002244	0.0012541	3	2.64524	2.84053	3.34983	3.91733	3.74665e-05
0.0033022	0.00309945	0.00261127	0.00146367	3	3.09952	2.94765	3.38893	4.29247	4.88896e-05
0.00473904	0.0035741	0.00289477	0.00153946	3	3.56144	4.06734	3.63381	4.16456	7.1806e-05
0.00491845	0.00381833	0.00281178	0.00142392	3	3.3287	3.49845	3.54189	4.02974	9.12092e-05
0.00364018	0.00299714	0.00228657	0.00128757	3	2.71015	2.83853	3.26493	4.02919	6.09396e-05
0.00485543	0.00387321	0.00248156	0.00117296	3	2.9371	3.05503	3.48987	3.84873	5.58732e-05
0.00661791	0.00587812	0.00405066	0.00189801	3	4.01853	3.73773	4.28092	4.72458	3.40161e-05
0.00479259	0.00351176	0.00237943	0.00113552	3	3.1886	3.41387	3.42231	3.59916	3.22818e-05
0.00517595	0.00400191	0.00217834	0.000905585	3	2.99292	2.9633	3.38147	3.39647	3.68152e-05
0.00532207	0.003501	0.00260573	0.00139965	3	2.98721	3.92463	3.39242	4.09626	0.000189359
0.00235266	0.00185349	0.00146849	0.00082763	3	2.1892	2.46153	2.53768	3.43742	0.000131291
0.00512459	0.00455149	0.00318359	0.00155329	3	3.57634	3.16673	3.81833	4.31594	3.36978e-05
0.00483659	0.00383952	0.00271593	0.00133554	3	3.20862	3.39576	3.52153	4.08861	8.2114e-05
0.00382323	0.00343756	0.00274962	0.00142085	3	3.78492	3.48908	3.55566	4.09103	3.81808e-05
0.0052796	0.00490954	0.00339508	0.00162087	3	3.51846	3.2914	3.97539	4.5175	4.67794e-05
0.00898739	0.00647353	0.00332253	0.00125892	3	3.52163	3.96781	4.33858	3.91995	1.56378e-05
0.00404041	0.00332203	0.00245832	0.00123637	3	3.37173	3.16789	3.41151	3.76386	3.68164e-05
0.00656921	0.00518461	0.00369888	0.00181324	3	3.74993	3.80219	4.10129	4.63488	4.79824e-05
0.00736263	0.00634305	0.00428875	0.00195495	3	4.1677	3.71085	4.48382	4.58265	2.60059e-05
0.00394049	0.00313237	0.00223549	0.00112664	3	2.7365	3.03181	3.2497	3.86651	6.1918e-05
0.00403936	0.00301568	0.00240035	0.00136178	3	2.75784	3.29451	3.2975	4.13145	0.000112644
0.00910945	0.00696858	0.00420954	0.00186069	3	3.97857	4.28037	4.5333	4.68439	2.7031e-05
0.00317954	0.00277853	0.00222218	0.00128088	3	2.72424	2.73146	3.20401	4.11551	2.99087e-05
0.00889468	0.0065071	0.00376982	0.00159835	3	3.41708	3.93614	4.35908	4.45828	3.0263e-05
0.0082181	0.0061792	0.00351176	0.00146013	3	3.75992	3.81504	4.10796	4.12725	6.07335e-05
0.00451442	0.00338377	0.00236603	0.00115738	3	3.12179	3.47004	3.41744	3.66508	4.96155e-05
0.00500097	0.00341543	0.0022921	0.00109582	3	2.98093	3.66678	3.42435	3.50696	4.76695e-05
0.00708034	0.00525941	0.00356924	0.00168561	3	3.77182	4.06568	4.08969	4.34401	3.60744e-05
0.00369924	0.00371658	0.00292716	0.00156835	3	3.13229	2.74258	3.50714	4.49338	0.000119739
0.00432213	0.00381315	0.00289311	0.00148839	3	3.53141	3.30636	3.5046	4.25281	8.85881e-05
0.00694169	0.00513202	0.00301699	0.00131265	3	3.26552	3.49687	3.83082	3.90264	5.76432e-05
0.00483828	0.00426476	0.00330694	0.00173766	3	3.3344	3.33887	3.94007	4.51554	3.80115e-05
0.00510124	0.00371146	0.00265891	0.00131883	3	3.36861	3.59768	3.5338	3.85299	3.99755e-05
0.0080403	0.00545542	0.00353682	0.00164443	3	3.54802	4.51697	4.154	4.35458	5.05285e-05
0.00470902	0.00386306	0.00269212	0.00136952	3	2.99415	3.05838	3.60168	4.00835	5.15064e-05
0.00621708	0.00500569	0.00334584	0.00157507	3	3.66236	3.68239	3.87169	4.21839	0.000131501
0.00296913	0.00246434	0.00175578	0.000908458	3	2.60323	2.38257	2.81989	3.5164	3.63177e-05
0.00458589	0.0034793	0.0024686	0.00125866	3	3.13483	3.43254	3.43343	3.87474	5.04925e-05
0.00626069	0.00406627	0.00262	0.00123366	3	3.38903	3.99306	3.52698	3.80883	4.70245e-05
0.00489144	0.00351863	0.00277311	0.00154276	3	3.18486	3.83058	3.47521	4.29109	0.000156456
0.00422823	0.00331095	0.00242778	0.0013368	3	2.73618	3.05169	3.26155	4.12284	0.000156556
0.00290746	0.00268154	0.00195688	0.00105849	3	2.40098	2.27336	3.01881	3.83293	4.98816e-05
0.00761582	0.00649327	0.0043004	0.00200585	3	3.89524	3.99768	4.47907	4.87929	6.93611e-05
0.00568302	0.00412828	0.00308619	0.00161859	3	3.12858	3.87674	3.7728	4.32376	0.000115577
0.00728401	0.00578854	0.00393405	0.00193508	3	3.59138	3.69562	4.29873	4.6602	4.13147e-05
0.00603203	0.0047717	0.00306809	0.00146807	3	3.02897	3.17539	3.85563	4.20414	4.31163e-05
0.00388167	0.00316928	0.002384	0.00129958	3	2.77994	3.0472	3.38134	3.92866	6.72831e-05
0.00781387	0.00578097	0.00362933	0.00161752	3	3.43475	4.14234	4.31251	4.16065	7.80558e-05
0.00289606	0.002878	0.00259153	0.00160344	3	2.92074	2.68589	3.28152	4.60546	7.66062e-05
0.00637921	0.0046929	0.00325219	0.00158999	3	3.10239	3.91683	4.06666	4.13364	7.47119e-05
0.00326092	0.00294571	0.00239761	0.00130867	3	3.35433	3.15211	3.28574	4.02881	5.52382e-05
0.0050578	0.00381034	0.00242344	0.00114514	3	2.98838	3.22648	3.48386	3.78171	3.77038e-05
0.00821306	0.00585146	0.00364892	0.00167037	3	3.47651	4.18953	4.32395	4.36181	4.51891e-05
0.0052334	0.00431298	0.00299109	0.00151831	3	2.95525	3.1296	3.83506	4.19559	5.24422e-05
0.0135356	0.00986292	0.00578082	0.00246819	3	4.9791	5.03546	5.14637	5.16426	3.12559e-05
0.00766528	0.00628169	0.00442075	0.0021778	3	4.03876	4.09965	4.40692	5.00108	6.00168e-05
0.00810649	0.00644354	0.00416302	0.00196089	3	3.52003	3.92443	4.41763	4.90022	5.6526e-05
0.00648061	0.00488691	0.00281135	0.0012013	3	3.19331	3.29881	3.82478	3.81258	2.52796e-05
0.00280157	0.00267296	0.00247218	0.00148937	3	3.00837	3.14669	3.30623	4.30627	9.30411e-05
0.00535109	0.00430651	0.00304257	0.00143607	3	3.64678	3.82694	3.64416	4.18395	9.71337e-05
0.00485009	0.00427591	0.00320786	0.00172772	3	3.10599	3.08319	3.82895	4.69036	4.98038e-05
0.00265127	0.00201892	0.00136274	0.000674406	3	2.45653	2.45482	2.61647	2.92358	4.44773e-05
0.00349265	0.00292884	0.00248668	0.00146319	3	3.07614	3.14758	3.29702	4.3345	4.88827e-05
0.00188598	0.00180589	0.00201189	0.00142342	3	2.96809	2.64637	2.75541	4.1666	0.000147541
0.00312081	0.00287345	0.00217342	0.00115486	3	2.65474	2.69335	3.24202	3.98084	3.1645e-05
0.00360588	0.00324495	0.00267011	0.0015375	3	2.97629	2.88463	3.39649	4.3884	7.85336e-05
0.00368744	0.00302357	0.00228189	0.00122979	3	2.67603	2.93225	3.27091	3.96029	8.6676e-05
0.00497855	0.0042397	0.00288241	0.00143639	3	2.96159	3.01393	3.65471	4.3085	7.8631e-05
0.0050772	0.00334821	0.00248137	0.00130511	3	2.91883	3.96833	3.35642	3.80715	0.000303192
0.00301071	0.00236266	0.00177049	0.000929205	3	2.52171	2.73487	2.91466	3.48704	6.79811e-05
0.0035017	0.00300154	0.00220493	0.00113534	3	2.88251	2.77244	3.14796	3.79814	7.8622e-05
0.00508473	0.00389578	0.00266943	0.00135668	3	2.88935	3.15435	3.50676	4.13163	9.25759e-05
0.00690545	0.00543389	0.00344156	0.00160409	3	3.49579	3.60946	4.11305	4.32717	4.12514e-05
0.00802785	0.00649702	0.00456654	0.00222128	3	4.07922	4.304	4.56167	4.88717	8.64734e-05
0.00504132	0.0041145	0.00263188	0.00127109	3	2.78137	2.91331	3.62429	4.08679	3.79954e-05
0.00423126	0.00351558	0.00320367	0.00196734	3	3.24879	3.64553	3.67498	4.97996	6.05143e-05
0.00857414	0.00569077	0.00346998	0.00158529	3	3.57715	4.42117	3.9694	4.39787	0.000135305
0.00605053	0.00454877	0.0031847	0.00156464	3	3.37694	3.92195	3.86039	4.09403	0.000139385
0.00367526	0.00302936	0.00259018	0.00151313	3	2.76303	3.19747	3.47385	4.31775	4.74537e-05
0.00513158	0.00424721	0.00315884	0.00158184	3	3.80923	3.71087	3.74394	4.31013	5.33563e-05
0.0098198	0.00738887	0.00408542	0.00161433	3	4.18137	4.35823	4.58247	4.12254	4.66602e-05
0.0109972	0.00744154	0.00432258	0.00182699	3	4.05944	4.98027	4.56397	4.57515	0.000116025
0.00426544	0.00353674	0.00250176	0.001244	3	3.13852	3.15194	3.41473	3.87577	7.61434e-05
0.00299473	0.00298787	0.00262666	0.00149052	3	3.39451	2.77972	3.3245	4.20049	6.38431e-05
0.00310122	0.00265933	0.00217532	0.00129281	3	2.40039	2.63415	3.02502	4.2739	0.000184576
0.00308127	0.00248324	0.00203193	0.00114407	3	2.84593	2.95905	3.02181	3.66826	0.000113065
0.00442975	0.00344016	0.0023227	0.00113957	3	3.11424	3.20538	3.35493	3.72834	4.14025e-05
0.00706134	0.00544939	0.00427174	0.00217747	3	4.21286	4.56332	4.26945	4.90156	9.41511e-05
0.00307578	0.00274972	0.00214448	0.00119192	3	2.61838	2.65779	3.10354	3.90915	0.000211822
0.00313857	0.00263549	0.00236565	0.00141456	3	3.00925	3.23844	3.15779	4.23612	0.000126507
0.00397021	0.00350203	0.00295386	0.00166533	3	3.45866	3.38437	3.57597	4.44057	9.57308e-05
0.00530607	0.0039514	0.00274624	0.00137196	3	3.04252	3.57034	3.65913	4.05755	5.67614e-05
0.00921591	0.00771164	0.00457455	0.0019497	3	3.97003	3.97282	4.76196	4.6982	1.86948e-05
0.00675503	0.0043032	0.00261179	0.00116428	3	3.30219	4.19938	3.62139	3.66318	7.94033e-05
0.00582966	0.00448137	0.00277326	0.0012628	3	3.07576	3.38454	3.77385	3.89999	5.28336e-05
0.00383475	0.00302742	0.00230542	0.00124315	3	2.98856	3.22135	3.28063	3.88881	7.84018e-05
0.0100915	0.00628996	0.00382513	0.00169333	3	3.62943	4.79877	4.2852	4.29318	0.00011481
0.00447436	0.0034552	0.00247981	0.00125278	3	2.88667	3.23648	3.37174	3.96582	8.4211e-05
0.0103685	0.00670532	0.00395002	0.0016863	3	3.60106	4.70672	4.50183	4.28862	7.45237e-05
0.00459627	0.00394674	0.0032052	0.00182433	3	3.36392	3.50013	3.90115	4.63965	3.88752e-05
0.00322629	0.00298137	0.00214619	0.00110123	3	2.91503	2.7033	3.14752	3.95745	4.21257e-05
0.00573799	0.00426528	0.00274263	0.00129869	3	2.98417	3.20241	3.59444	4.07879	6.15621e-05
0.00457536	0.00350505	0.00249138	0.00127774	3	2.88208	3.17524	3.37591	3.99244	0.000101382
0.00673795	0.0051579	0.00311913	0.00135236	3	3.34715	3.67252	4.01981	4.02847	3.17845e-05
0.00720011	0.0054241	0.00386585	0.00184991	3	4.26149	4.52088	4.08944	4.52441	8.879e-05
0.00571745	0.00497236	0.00340515	0.00161573	3	3.6152	3.50311	3.98429	4.40815	5.84649e-05
0.00415395	0.00347693	0.00247688	0.00130149	3	2.83642	2.91985	3.3615	4.21724	6.85564e-05
0.00506205	0.00432295	0.00334127	0.00177827	3	3.8306	3.64779	3.8438	4.43882	6.32923e-05
0.00401203	0.00318655	0.00221241	0.00115048	3	2.68052	2.92733	3.26962	3.88291	4.37774e-05
0.00388463	0.00305426	0.00258521	0.00149301	3	3.1077	3.44856	3.31831	4.21592	0.000124874
0.00606737	0.00485341	0.00314225	0.00148202	3	3.66301	3.50605	3.89654	4.10797	4.32485e-05
0.00434726	0.00375361	0.00295259	0.00162735	3	3.34343	3.26192	3.64937	4.45342	2.82318e-05
0.00375233	0.00330479	0.00254552	0.00134294	3	3.10445	3.08599	3.43365	4.16204	4.82962e-05
0.00524918	0.00428471	0.00317995	0.00158945	3	3.53189	3.73845	3.87254	4.28393	5.69707e-05
0.0041701	0.00330934	0.00248443	0.00139606	3	2.78026	3.12093	3.33483	4.35501	0.000116245
0.00442408	0.00375653	0.0028119	0.00146168	3	3.33399	3.14941	3.61003	4.10262	4.18163e-05
0.00416553	0.00413625	0.00330139	0.0017966	3	3.81873	3.10538	3.84338	4.61772	1.52148e-05
0.0118927	0.00829759	0.00507947	0.00227604	3	4.00195	4.91924	4.93312	5.26273	3.08625e-05
0.00352085	0.00298803	0.00238653	0.00132576	3	2.8964	3.17016	3.40596	4.06168	3.9744e-05
0.00338901	0.00306279	0.00244385	0.0013268	3	2.8978	2.72641	3.29547	4.1371	3.38952e-05
0.00846376	0.00632728	0.00385012	0.00177211	3	3.28979	3.62126	4.47152	4.41226	2.62996e-05
0.00839022	0.00558295	0.00360813	0.0017234	3	3.31951	4.16616	4.30611	4.27602	3.8334e-05
0.00465156	0.00391884	0.00324932	0.00184406	3	3.24452	3.48546	3.82443	4.56074	7.15608e-05
0.00460038	0.00370844	0.00259922	0.0012739	3	3.20882	3.33915	3.59132	3.82215	3.83731e-05
0.00422491	0.00330917	0.00272723	0.00160376	3	2.66161	3.22078	3.56768	4.43248	5.98157e-05
0.00214515	0.00183665	0.00167375	0.00103859	3	2.49645	2.57849	2.66657	3.6255	0.000173518
0.00357265	0.00282387	0.00219558	0.00117806	3	3.19816	3.42168	3.20525	3.69195	9.33218e-05
0.00471105	0.00391336	0.00268621	0.00132548	3	2.9595	3.08802	3.57487	4.08936	5.70681e-05
0.00473468	0.00381007	0.00274689	0.00137917	3	3.0102	3.32418	3.59272	4.11118	8.14285e-05
0.00424819	0.00352409	0.0028385	0.00156194	3	3.09352	3.30631	3.58189	4.2034	8.77706e-05
0.00547606	0.00389309	0.00255684	0.00125012	3	3.15566	3.61241	3.52364	3.93467	4.52772e-05
0.00682987	0.0051418	0.00297361	0.00125488	3	3.24929	3.44793	3.81807	3.85246	7.56692e-05
0.00369481	0.00285588	0.0024842	0.00147235	3	3.22064	3.45099	3.27604	4.05091	0.000109458
0.00433937	0.00405855	0.0028898	0.00144665	3	3.17265	2.92458	3.56922	4.31995	0.000113427
0.00484068	0.00376092	0.00243526	0.00115828	3	3.00212	3.2859	3.51204	3.74874	4.47167e-05
0.00421576	0.0036845	0.00309723	0.00170634	3	3.49165	3.33229	3.58521	4.46165	0.000110267
0.00789079	0.00551043	0.00357265	0.00175611	3	3.40202	4.11059	4.03594	4.68179	5.95516e-05
0.00253512	0.0025533	0.00210947	0.00114223	3	3.00436	2.42291	3.09548	3.74819	2.9365e-05
0.00560467	0.0048736	0.00361395	0.00184419	3	3.59578	3.66921	4.16843	4.71193	3.52826e-05
0.00360955	0.00272366	0.00219754	0.00124247	3	2.71368	3.20918	3.12193	3.93126	0.000173501
0.00567959	0.0042614	0.0032794	0.00179166	3	3.38052	3.88009	3.7869	4.66784	8.98842e-05
0.00512547	0.00404165	0.00317423	0.00172784	3	3.1752	3.56856	3.72375	4.44824	0.000135931
0.00469431	0.00420734	0.00310485	0.00167566	3	2.8103	2.90309	3.76437	4.68758	7.2091e-05
0.00578122	0.00452552	0.0031786	0.0015859	3	3.44844	3.66536	3.94119	4.21876	3.75089e-05
0.00416939	0.00316361	0.00275344	0.00164754	3	3.30605	3.5349	3.4417	4.19406	8.55679e-05
0.00492505	0.00398579	0.00288278	0.00146855	3	3.31821	3.39812	3.60401	4.35202	5.92985e-05
0.00636621	0.00487279	0.00333653	0.00162374	3	3.45297	3.66505	4.0257	4.33852	2.85342e-05
0.00382755	0.00334681	0.00246943	0.00127799	3	3.18218	3.00406	3.45911	3.81583	4.05927e-05
0.00428167	0.00305221	0.00210073	0.00109081	3	2.49113	3.06795	3.26765	3.74232	4.60703e-05
0.00367434	0.00264195	0.00188553	0.00092544	3	2.77194	3.22902	2.98767	3.37672	0.000101366
0.00564395	0.00493695	0.00348613	0.00169053	3	3.68045	3.5005	4.08866	4.26776	2.71071e-05
0.00387442	0.00334023	0.00255634	0.0013584	3	3.14222	3.0413	3.48552	3.99304	3.51466e-05
0.00335871	0.00282728	0.00242618	0.00137985	3	3.09727	3.21499	3.18858	4.04777	0.000197856
0.00833448	0.00586643	0.00317862	0.00129685	3	3.16543	3.63349	4.05655	4.05436	3.10004e-05
0.00245288	0.00228466	0.0020253	0.00117009	3	2.83394	2.68769	3.01749	3.76855	7.87871e-05
0.00652934	0.00569013	0.00366096	0.00165088	3	3.79735	3.55889	4.15917	4.37401	5.74488e-05
0.00459344	0.00403456	0.00290188	0.00141475	3	3.31094	3.34855	3.71633	4.02302	8.3912e-05
0.00493055	0.00422123	0.0032682	0.00168424	3	3.59648	3.76667	3.83552	4.42179	8.89331e-05
0.00997153	0.00732432	0.00445978	0.00196541	3	4.10936	4.53054	4.6038	4.82933	4.8741e-05
0.00805576	0.00586495	0.00357195	0.00159309	3	3.77334	4.01658	4.18543	4.24841	4.66458e-05
0.00534025	0.00383105	0.00238753	0.00111936	3	2.70799	3.17609	3.43004	3.61003	0.00011703
0.00398726	0.00293842	0.00260349	0.00160813	3	2.91861	3.5114	3.32635	4.33504	0.0001527
0.00277663	0.00251387	0.00200561	0.0010809	3	2.78759	2.72613	3.12312	3.60994	4.45205e-05
0.00340044	0.0029001	0.00239799	0.00130994	3	3.06233	3.12936	3.29588	4.04883	5.64371e-05
0.00467479	0.00385379	0.00259282	0.00128863	3	3.0547	3.03522	3.51292	3.97736	5.49836e-05
0.00292036	0.00288862	0.00260428	0.00155022	3	2.94056	2.6401	3.31438	4.40846	8.02997e-05
0.00695668	0.00564134	0.0035531	0.00159725	3	3.77632	3.85206	4.23935	4.17083	3.90182e-05
0.00409072	0.00374475	0.00264214	0.00135684	3	2.66212	2.75257	3.59481	4.29988	4.54088e-05
0.00427612	0.00322096	0.00237718	0.00122119	3	3.05407	3.32996	3.2677	3.8588	7.51429e-05
0.00392469	0.00291826	0.00217015	0.00111255	3	3.10788	3.35138	3.21038	3.65409	4.78457e-05
0.00711643	0.00508126	0.00258569	0.000981295	3	3.09719	3.56906	3.80404	3.41605	4.39861e-05
0.00778795	0.00656733	0.00470273	0.00238463	3	3.79471	3.78352	4.67891	5.07935	3.50372e-05
0.00663143	0.00510013	0.00319848	0.00141967	3	3.4129	3.81729	4.02028	4.10149	4.6334e-05
0.00427905	0.00346958	0.00259782	0.00134459	3	3.16262	3.30466	3.44157	4.06135	8.71445e-05
0.0054919	0.00409335	0.00305918	0.0015897	3	3.31954	3.91837	3.71266	4.37685	0.00013134
0.00451378	0.00372502	0.00250914	0.00117738	3	3.20993	3.15856	3.53996	3.71637	3.87067e-05
0.00431267	0.00338862	0.00266539	0.0015196	3	2.54865	3.1735	3.40882	4.5401	0.000183236
0.00505604	0.0037924	0.00291323	0.00163867	3	2.98342	3.6467	3.59849	4.44645	0.000204436
0.00620158	0.00440727	0.00278093	0.00128662	3	3.45554	3.86182	3.67387	3.95631	3.02213e-05
0.00474762	0.00372184	0.00281909	0.00153328	3	3.14646	3.56124	3.64441	4.18544	6.69188e-05
0.00465571	0.00372978	0.00267108	0.00136862	3	2.79553	3.15194	3.58378	4.02192	9.25146e-05
0.0043065	0.00330005	0.00225242	0.00114234	3	2.64724	2.88424	3.40237	3.77144	2.94042e-05
0.00253174	0.00224417	0.00216748	0.00140531	3	2.87695	2.93686	3.00676	4.25646	7.99807e-05
0.00588587	0.00487421	0.00315756	0.00148743	3	3.25124	3.32274	3.92329	4.23458	6.79469e-05
0.00635093	0.00517512	0.00315636	0.00138344	3	3.2244	3.44773	3.84195	4.30429	9.7261e-05
0.00298049	0.00245538	0.00177081	0.000910375	3	2.61278	2.53575	2.8191	3.46273	8.8933e-05
0.00364192	0.00309081	0.00222902	0.00110852	3	2.90165	2.90225	3.31296	3.72353	2.48882e-05
0.00303729	0.00274925	0.00250098	0.0015347	3	3.03052	2.96599	3.31628	4.33683	3.21376e-05
0.00560304	0.0046712	0.00326775	0.00166553	3	3.3351	3.36587	3.95905	4.43646	3.83395e-05
0.00814877	0.00560951	0.00365622	0.00172004	3	3.56996	4.33781	4.07036	4.48524	0.000140337
0.00564712	0.00470296	0.00326242	0.00166189	3	3.12894	3.36765	4.00563	4.55127	3.45433e-05
0.0069751	0.00485816	0.00352976	0.00181751	3	3.41381	4.2865	4.02508	4.48288	0.000103269
0.00406575	0.00323559	0.00237801	0.00126104	3	2.47487	3.08486	3.41987	4.0028	0.000138125
0.00651148	0.0047108	0.00298656	0.00137211	3	3.26268	4.0309	3.81116	4.17853	6.51804e-05
0.00588607	0.00450529	0.00350708	0.00184563	3	3.76514	4.20514	4.04161	4.36893	7.26904e-05
0.00525179	0.00452284	0.00358516	0.00194974	3	3.59254	3.61567	3.97779	4.74948	6.14572e-05
0.00401458	0.00327841	0.00270648	0.00152852	3	3.10223	3.37605	3.47059	4.33248	6.95799e-05
0.00491276	0.00418723	0.00304524	0.00155639	3	3.46844	3.28438	3.64986	4.27336	7.35617e-05
0.00612991	0.00539235	0.00341332	0.00152186	3	3.56647	3.28883	3.98065	4.47483	3.24249e-05
0.00285489	0.00235898	0.00189935	0.00108835	3	2.71729	2.74458	2.96748	3.70834	4.48653e-05
0.00732504	0.00584305	0.00433682	0.00224646	3	3.55739	4.02885	4.48521	5.10299	5.86966e-05
0.00275914	0.00241814	0.0020027	0.00115342	3	2.78534	2.65606	2.98334	3.76975	5.92251e-05
0.00346543	0.00283227	0.00190821	0.00094502	3	2.52289	2.62453	3.05965	3.53421	6.87461e-05
0.00329546	0.00339004	0.00295909	0.00175691	3	3.18487	2.62541	3.53152	4.68779	3.43596e-05
0.00253976	0.00215552	0.00176389	0.00099189	3	2.50745	2.60408	2.91502	3.42377	6.89702e-05
0.00400408	0.00343763	0.00290108	0.00169877	3	3.02563	3.26834	3.58758	4.60736	6.90865e-05
0.00211598	0.00174452	0.00158145	0.000985432	3	2.42921	2.64448	2.59341	3.64423	0.000116651
0.0054509	0.00440622	0.00281483	0.00131229	3	3.06537	3.22562	3.71488	4.25065	4.52363e-05
0.00448305	0.00366747	0.00254854	0.00125629	3	2.96195	3.06677	3.43828	4.05088	6.13622e-05
0.00544517	0.00389786	0.002875	0.00152922	3	3.20907	3.82163	3.781	4.10692	5.67722e-05
0.00516867	0.00369637	0.0025014	0.00126096	3	2.7581	3.28881	3.41271	4.0754	7.40724e-05
0.00490389	0.00418049	0.00275398	0.00123405	3	3.48684	3.34511	3.71238	3.81367	3.70579e-05
0.00383155	0.00324642	0.00228781	0.00116489	3	2.85654	2.96189	3.28465	3.94549	4.84731e-05
0.00486037	0.00389105	0.00251224	0.00116514	3	3.08592	3.29431	3.51863	3.8512	5.7581e-05
0.00585181	0.00456806	0.00288245	0.00130812	3	3.21594	3.41211	3.87827	3.96054	1.95106e-05
0.0043196	0.00370536	0.00306642	0.00169595	3	3.64193	3.49599	3.69538	4.32423	5.71405e-05
0.00563605	0.00464334	0.0029004	0.00128563	3	3.25266	3.24578	3.79158	3.96288	4.06231e-05
0.0038769	0.0032084	0.00221455	0.00111347	3	2.91247	2.83017	3.23471	3.81163	3.80143e-05
0.00540848	0.00394042	0.00250943	0.00118344	3	2.82054	3.27299	3.54976	3.81262	6.86379e-05
0.00686297	0.0048593	0.00368281	0.00199257	3	3.40038	4.19146	4.12941	4.72105	5.17205e-05
0.00183396	0.00166213	0.00159985	0.00102626	3	2.50931	2.60904	2.67347	3.57439	0.000122412
0.00281996	0.00253019	0.00221357	0.00128317	3	2.94462	2.74104	3.07579	3.99752	6.18177e-05
0.00246203	0.00213265	0.00213425	0.00145035	3	2.76503	2.9169	2.9608	4.26349	0.000143278
0.00811945	0.0055862	0.00306828	0.00130856	3	3.05194	3.69163	3.99407	4.02537	5.66198e-05
0.00308791	0.00284737	0.0026207	0.00156559	3	3.50528	3.17991	3.40488	4.11431	3.58408e-05
0.00461603	0.0034566	0.00241825	0.00124167	3	2.86687	3.41516	3.31141	4.20621	8.15855e-05
0.00443101	0.00328456	0.00224305	0.0011096	3	2.62761	3.19316	3.28327	3.80682	0.000121511
0.0137862	0.00874454	0.00435955	0.00167444	3	3.99318	4.83334	4.77281	4.42125	3.77841e-05
0.00248261	0.00226719	0.00182538	0.00100154	3	2.49312	2.5004	2.894	3.57488	0.000108893
0.00489432	0.00420238	0.00307155	0.00155778	3	3.23953	3.19296	3.76511	4.44116	3.79402e-05
0.00461721	0.00348284	0.00238765	0.00111391	3	3.07663	3.39674	3.39475	3.5679	7.93956e-05
0.00651668	0.00509489	0.00341769	0.00163478	3	3.52371	3.84006	3.97552	4.42264	6.34947e-05
0.00710424	0.00629127	0.00435813	0.00200589	3	4.42402	4.01506	4.37886	4.78747	4.53551e-05
0.00317513	0.00268168	0.00212187	0.00120726	3	2.52888	2.60563	3.13242	3.78507	0.000123363
0.00379979	0.00301661	0.00218006	0.00108666	3	3.01052	3.02579	3.18085	3.64077	6.9118e-05
0.00706913	0.00546602	0.00355563	0.00165728	3	3.62275	3.9292	4.07591	4.46151	6.85448e-05
0.00476835	0.00388075	0.00245476	0.00110199	3	3.35536	3.22108	3.50015	3.6912	3.49159e-05
0.00360377	0.00288343	0.00181609	0.000818252	3	2.77116	2.71496	3.01103	3.28352	3.01412e-05
0.0067166	0.00509214	0.00360326	0.00189863	3	3.25304	3.75295	4.20724	4.50628	8.7168e-05
0.00372246	0.00315878	0.00256309	0.0014408	3	3.11192	3.01893	3.50605	3.98295	3.29401e-05
0.00398235	0.00342153	0.00261782	0.00136061	3	3.07011	3.16939	3.52741	4.0067	7.21582e-05
0.00351646	0.00296203	0.00297864	0.00197509	3	3.36575	3.62253	3.50675	4.70425	9.54142e-05
0.00521247	0.00381693	0.00234044	0.00107556	3	2.87152	3.33933	3.38077	3.83711	6.43242e-05
0.00508645	0.00418275	0.00326016	0.00173792	3	3.29795	3.56692	3.78703	4.43143	0.000192203
0.00504137	0.00389467	0.00282061	0.00151066	3	3.19911	3.39921	3.61437	4.20656	6.98324e-05
0.00354925	0.00313188	0.00235444	0.00124442	3	3.07398	2.9372	3.37721	3.96374	1.88739e-05
0.00395691	0.00304711	0.00243312	0.00131603	3	3.16987	3.48796	3.27777	4.00783	6.60442e-05
0.00667681	0.00526573	0.00392973	0.00204468	3	3.67277	3.826	4.28396	4.6995	4.00774e-05
0.00305295	0.00256889	0.00244448	0.00153832	3	3.07557	3.44014	3.20866	4.15945	0.000295575
0.00524713	0.00454577	0.00297735	0.0014135	3	3.14259	3.113	3.70559	4.34376	5.00465e-05
0.00456229	0.00355943	0.002771	0.00153229	3	2.95762	3.5011	3.63709	4.25944	6.00767e-05
0.00792925	0.0055904	0.00326183	0.00139081	3	3.6286	4.05847	4.06298	3.98277	3.9299e-05
0.00476946	0.00386968	0.00230061	0.0010274	3	2.84063	2.87537	3.42102	3.63915	3.57137e-05
0.00417103	0.00356376	0.00256065	0.00127707	3	3.3624	2.98363	3.48401	3.8726	1.71519e-05
0.00341173	0.00294724	0.00237076	0.00129634	3	3.06962	3.0856	3.27609	3.93292	7.27432e-05
0.00457658	0.00425011	0.00350332	0.00208263	3	3.39649	3.20408	3.86235	5.07347	6.33928e-05
0.00422259	0.00309407	0.00216199	0.00105027	3	3.22618	3.43125	3.24675	3.44622	4.64829e-05
0.00541076	0.00423735	0.00329363	0.00174346	3	3.34201	3.88825	3.91846	4.33624	9.06283e-05
0.00524867	0.00425414	0.0032538	0.00170488	3	3.50986	3.71976	3.76475	4.64409	5.49965e-05
0.00357165	0.00285823	0.00230853	0.0012935	3	2.98817	3.14475	3.17455	3.82598	0.000151385
0.00915479	0.00745282	0.0038761	0.00155002	3	3.41301	3.35999	4.47709	4.47376	2.14766e-05
0.00548625	0.00408401	0.00291277	0.00146487	3	3.12945	3.67639	3.75282	4.12138	6.58308e-05
0.00695915	0.00509398	0.00353471	0.00174043	3	3.66281	4.11313	4.01032	4.42362	0.000105962
0.00538881	0.00428578	0.00335673	0.00180858	3	3.27942	3.69954	3.90967	4.44179	0.000107518
0.00489537	0.00404572	0.00265083	0.00122976	3	3.35489	3.15815	3.47894	4.01503	3.63123e-05
0.0062889	0.00502231	0.00388206	0.00206546	3	3.825	4.0537	4.11542	4.8641	7.70427e-05
0.00686263	0.00578982	0.00429494	0.00221409	3	3.94154	3.82207	4.41466	4.91025	3.85577e-05
0.00502169	0.00457111	0.00303324	0.0013871	3	3.42604	3.19256	3.76286	4.19673	4.74292e-05
0.00433479	0.00386863	0.00283982	0.00141475	3	3.32656	3.14654	3.5798	4.11821	0.000112114
0.00575219	0.00386952	0.00261671	0.00131252	3	2.95327	3.59563	3.49872	4.0172	9.88793e-05
0.00472968	0.00334415	0.00210386	0.00099795	3	2.61935	3.07359	3.24849	3.57522	6.57363e-05
0.00572275	0.00484475	0.00339171	0.00168551	3	3.53535	3.41713	3.94335	4.49667	5.07849e-05
0.00459455	0.00336708	0.00239567	0.00122768	3	2.94208	3.31535	3.321	3.87719	0.000131847
0.00620252	0.00464693	0.00320429	0.00153092	3	3.7	3.99936	3.96201	4.14274	2.92219e-05
0.00467008	0.00341111	0.00207268	0.000913318	3	2.82438	3.07018	3.19031	3.45494	5.27086e-05
0.0030397	0.00273067	0.00245322	0.0015608	3	2.70733	2.81443	3.17124	4.44324	0.000182194
0.00375415	0.00288844	0.00214134	0.00109452	3	3.16303	3.15007	3.1247	3.48917	8.32634e-05
0.00514747	0.00388648	0.00249581	0.00117888	3	3.02197	3.33689	3.55248	3.84711	2.76742e-05
0.00631085	0.00484304	0.00312526	0.00145132	3	3.29664	3.58836	3.98109	4.13722	2.8993e-05
0.00417715	0.0035913	0.00285554	0.00156658	3	3.11272	3.06989	3.52604	4.40075	8.72556e-05
0.00277782	0.00256508	0.00206521	0.00110654	3	2.87657	2.71601	3.03482	3.72379	0.000123883
0.00682214	0.00511219	0.00277671	0.00113352	3	3.05248	3.22986	3.82143	3.74473	3.21694e-05
0.00449334	0.00391559	0.00283651	0.00141049	3	3.21071	3.07519	3.56961	4.28937	6.96607e-05
0.00540648	0.0041622	0.00284923	0.0014004	3	2.92339	3.51871	3.75317	4.15062	7.67654e-05
0.00650975	0.0053345	0.0035658	0.00170808	3	3.6633	3.8638	4.1178	4.57527	4.22884e-05
0.00684971	0.00560092	0.00387781	0.00195891	3	3.6886	3.73561	4.10539	5.10143	4.75682e-05
0.00382098	0.00348403	0.00232436	0.00111404	3	2.84529	2.61811	3.35157	3.88051	3.39897e-05
0.00287413	0.0023377	0.00199458	0.00114837	3	2.90721	3.11157	3.06213	3.63688	5.31081e-05
0.00345442	0.00273341	0.00264398	0.00169782	3	3.19844	3.53792	3.37889	4.32455	7.40093e-05
0.00648586	0.00510315	0.00351582	0.00168799	3	3.43736	3.7603	4.12623	4.45994	4.73405e-05
0.00564849	0.00396294	0.00253533	0.00121823	3	3.19441	3.51068	3.43566	3.8774	5.52624e-05
0.00508105	0.00386961	0.00285804	0.00147964	3	3.23809	3.44027	3.58971	4.14715	5.25444e-05
0.00417536	0.00306133	0.00203293	0.000955826	3	2.87846	3.26202	3.23714	3.47161	4.61045e-05
0.00681757	0.00526233	0.00356707	0.00182597	3	2.98997	3.42457	4.12915	4.73183	5.79521e-05
0.0135715	0.00925517	0.00479136	0.00187586	3	3.80194	4.62725	4.91777	4.73378	4.50484e-05
0.00483488	0.00386411	0.00288048	0.00156874	3	3.07011	3.34486	3.71603	4.31757	5.91487e-05
0.00710077	0.00507668	0.00292533	0.00124233	3	3.1854	3.65768	3.82519	3.86858	8.29208e-05
0.00415273	0.00338671	0.00265158	0.0014218	3	3.20824	3.22722	3.47764	3.96854	8.12246e-05
0.00172116	0.00161015	0.00164719	0.00114057	3	2.55777	2.35863	2.56617	3.91197	9.10408e-05
0.00718259	0.00548764	0.00330503	0.00146191	3	3.34996	3.61373	3.93724	4.25005	8.05788e-05
0.00357313	0.00312559	0.00212609	0.00102481	3	3.08855	2.87272	3.1763	3.66689	4.86776e-05
0.003076	0.00284477	0.00231066	0.00128902	3	2.63887	2.70369	3.28908	4.04764	6.53173e-05
0.00320102	0.00232328	0.00204025	0.00121721	3	2.78367	3.32119	3.02161	3.81426	8.24941e-05
0.00694068	0.00463817	0.00275144	0.00122603	3	3.09962	3.92153	3.76675	3.89221	6.89484e-05
0.0033798	0.00296399	0.00229616	0.00118942	3	3.07207	3.00551	3.23977	3.82311	8.64623e-05
0.00590186	0.00448448	0.00323024	0.00161798	3	3.50979	3.88883	3.8395	4.20932	0.000140768
0.00391731	0.00353853	0.00330747	0.00202503	3	3.32388	3.33131	3.64654	4.91225	0.000120482
0.00278026	0.0024793	0.00189465	0.00107786	3	2.42336	2.48718	3.03438	3.89797	3.21586e-05
0.00383421	0.0031031	0.00235442	0.00127615	3	2.78726	3.01537	3.36069	3.82127	5.88659e-05
0.00471762	0.00372518	0.00242203	0.00117062	3	2.82558	3.105	3.43616	3.92354	6.0178e-05
0.00536756	0.00402076	0.0028099	0.00147116	3	3.0495	3.32817	3.76127	4.04708	3.57373e-05
0.00511907	0.00417231	0.00301499	0.00157484	3	3.16917	3.22569	3.6893	4.37536	4.95196e-05
0.00411061	0.00313774	0.00212591	0.00102026	3	2.81507	3.22712	3.19803	3.65827	9.16052e-05
0.00519222	0.00427932	0.00321907	0.0017051	3	3.57813	3.67981	3.70579	4.56136	9.85018e-05
0.00437693	0.00376403	0.00275405	0.00150736	3	2.67816	2.92984	3.49715	4.66848	8.9252e-05
0.00489884	0.00376482	0.00291643	0.00157247	3	3.29661	3.71703	3.56944	4.36371	0.000102038
0.00474108	0.00399934	0.0028305	0.00142452	3	3.12567	3.16817	3.64614	4.25998	5.10817e-05
0.00857113	0.00555981	0.00365409	0.00170033	3	3.90779	4.92149	4.16639	4.35579	6.86291e-05
0.00279036	0.00242606	0.00190939	0.00103269	3	2.74069	2.67245	2.98988	3.55344	5.50808e-05
0.00423266	0.00393978	0.00285191	0.00142958	3	3.23355	2.96749	3.68977	4.09712	3.9166e-05
0.00530851	0.00377815	0.00248758	0.00119388	3	2.96832	3.48911	3.44252	3.94892	6.00295e-05
0.00216698	0.00187523	0.00170361	0.00103703	3	2.67671	2.68178	2.67779	3.75119	8.72803e-05
0.00329588	0.00282291	0.00237541	0.0013599	3	2.95293	3.08798	3.23619	3.99009	0.00018613
0.00560574	0.00433465	0.00290192	0.00140017	3	3.02654	3.41105	3.73408	3.97036	0.000190716
0.00300559	0.00262244	0.00224785	0.00131223	3	2.86085	2.69853	3.10985	4.05086	5.17592e-05
0.00460762	0.00380007	0.0028639	0.00153429	3	3.0006	3.12881	3.62858	4.21138	6.38436e-05
0.00506593	0.00374572	0.00294602	0.00161807	3	3.21112	3.85167	3.62948	4.50094	8.7882e-05
0.0038711	0.0032399	0.00247871	0.00131856	3	2.76609	3.17464	3.40187	4.15228	9.32346e-05
0.00878105	0.00770038	0.00513078	0.00232386	3	4.34456	4.22308	4.85804	4.86942	8.3959e-05
0.00594101	0.00470636	0.00314233	0.00152698	3	3.33209	3.36753	3.75893	4.42217	5.4354e-05
0.00351403	0.00301287	0.00219075	0.00111737	3	2.82031	2.87506	3.27539	3.75316	3.25461e-05
0.00321156	0.00274819	0.00207235	0.00111333	3	2.46708	2.6457	3.13461	3.92532	4.36833e-05
0.00356959	0.00257868	0.00195939	0.00107075	3	2.54967	3.14384	3.05932	3.68401	0.000103857
0.00734909	0.00496694	0.00332925	0.00161105	3	3.29631	4.27991	3.972	4.40842	5.98849e-05
0.0108758	0.00777184	0.00405945	0.00159598	3	3.58241	4.01239	4.62054	4.42137	2.32828e-05
0.00501853	0.00360756	0.00253049	0.00128056	3	3.22028	3.58672	3.36604	3.99609	7.7471e-05
0.00702988	0.00569803	0.00329766	0.00132946	3	4.13199	3.54049	3.98123	3.7884	3.80962e-05
0.00700537	0.00464239	0.00270724	0.00111406	3	3.32823	3.99981	3.77325	3.568	4.318e-05
0.00636706	0.00534068	0.00373962	0.00179472	3	3.80484	3.75168	4.30483	4.56002	1.30146e-05
0.00723992	0.00540748	0.00377469	0.00180556	3	4.14508	4.2952	4.1491	4.40012	3.76942e-05
0.00391864	0.00314146	0.00300262	0.00190229	3	3.40948	3.79794	3.49317	4.68587	0.000166081
0.00614097	0.0047772	0.00308474	0.00142336	3	3.33919	3.57796	3.87876	4.14595	4.99469e-05
0.00481819	0.00389274	0.00268436	0.00131388	3	2.98809	3.21603	3.63531	4.0141	4.92762e-05
0.00440978	0.00348793	0.00267119	0.00141266	3	3.13599	3.4507	3.42672	4.12817	0.000124801
0.00760156	0.00591398	0.0036253	0.00162269	3	3.54529	3.60812	4.07953	4.36703	6.41684e-05
0.00432376	0.00379397	0.00262305	0.00129699	3	3.0446	2.81176	3.54416	4.04383	1.86691e-05
0.00423011	0.00378314	0.00324943	0.00191413	3	3.2532	3.276	3.74049	4.91198	3.93236e-05
0.00369473	0.00314574	0.00252514	0.00135906	3	3.19584	3.27186	3.38002	4.01513	7.50907e-05
0.00712752	0.00531044	0.00366921	0.00176215	3	3.7595	4.09859	4.07479	4.52306	5.44287e-05
0.00495433	0.00367186	0.00257525	0.00128519	3	2.90991	3.28816	3.43346	3.9692	9.47468e-05
0.00455274	0.00398283	0.00298984	0.00162777	3	3.18588	3.01276	3.67896	4.40671	4.42788e-05
0.00583757	0.00458569	0.00301397	0.00141924	3	3.11152	3.34143	3.74108	4.38847	2.7468e-05
0.00311997	0.00250555	0.00182357	0.000932077	3	2.55137	2.81387	3.00888	3.49512	3.7934e-05
0.00744569	0.00553684	0.00304866	0.00126388	3	3.39873	3.76358	4.01975	4.07949	2.22144e-05
0.00338279	0.00274084	0.00237702	0.00143259	3	2.81295	3.09376	3.29891	4.1471	4.75104e-05
0.00516345	0.00385502	0.00251601	0.001214	3	2.80938	3.14982	3.46935	3.98194	6.76137e-05
0.00625821	0.00473245	0.00352638	0.00186295	3	3.36556	3.69395	4.02807	4.39074	0.000127171
0.0032956	0.00305572	0.0024535	0.0014016	3	2.72376	2.68479	3.28955	4.21706	0.000130955
0.00461302	0.00333573	0.00243116	0.00121194	3	3.18723	3.62152	3.29569	3.81502	0.00010729
0.00364947	0.00305595	0.00227461	0.00123483	3	2.58332	2.77842	3.23454	3.95335	0.000142158
0.00597607	0.00416985	0.00252344	0.00106455	3	3.49736	3.84763	3.53155	3.38046	9.38287e-05
0.00619672	0.00434581	0.00251397	0.00108661	3	3.14712	3.58786	3.58215	3.63746	4.8118e-05
0.00525645	0.00391141	0.00291296	0.00150908	3	3.22285	3.85212	3.67544	4.25934	9.14765e-05
0.00771029	0.00571029	0.00439848	0.00236323	3	4.02284	4.4366	4.2799	5.01654	0.000144142
0.00448953	0.00391498	0.00337563	0.00200527	3	3.30769	3.71969	3.75688	5.02193	0.000159613
0.00564833	0.00381555	0.00242429	0.00114945	3	3.23896	3.85578	3.48385	3.67262	6.57425e-05
0.00613816	0.00507798	0.00312942	0.00140335	3	3.32706	3.47495	3.89083	4.29014	4.93847e-05
0.00557358	0.00469838	0.00300969	0.00143334	3	3.17313	3.20243	3.83727	4.33998	3.64487e-05
0.00756956	0.00581311	0.00423792	0.00207378	3	4.66464	4.54813	4.29778	4.64238	3.52045e-05
0.00232073	0.00197472	0.00154144	0.000829256	3	2.65242	2.51382	2.70724	3.24766	4.80111e-05
0.00823908	0.00535056	0.00322212	0.00145025	3	3.33396	4.30592	4.02724	4.13167	7.24315e-05
0.00406766	0.00357024	0.00279377	0.00149641	3	3.18279	3.18034	3.56505	4.00834	0.00014062
0.0101264	0.00735412	0.00420981	0.00182957	3	3.8062	4.11375	4.60032	4.49621	3.08361e-05
0.00337303	0.0029816	0.00260429	0.00155056	3	3.08856	2.99844	3.41232	4.37849	3.89708e-05
0.00561055	0.00513911	0.00352762	0.00165895	3	3.50704	3.31754	4.02424	4.41489	6.7923e-05
0.0022687	0.00196992	0.0017167	0.0010333	3	2.46058	2.477	2.77507	3.61317	9.55606e-05
0.0024211	0.00193855	0.00144473	0.000746257	3	2.45789	2.56782	2.66953	3.12461	3.58293e-05
0.00535574	0.00417475	0.00288367	0.00141358	3	3.24831	3.40038	3.68606	4.1517	4.81949e-05
0.00399878	0.00310825	0.0020197	0.000937979	3	3.10636	3.02765	3.1253	3.51071	3.82076e-05
0.00597533	0.00474402	0.00331032	0.00158304	3	3.77384	3.89012	3.88575	4.30622	4.98432e-05
0.00474065	0.00382744	0.00306548	0.00162962	3	3.79225	3.66388	3.59481	4.2102	0.000107167
0.00516516	0.00375739	0.00247483	0.00112712	3	3.12169	3.60633	3.60894	3.54688	3.67258e-05
0.00224263	0.0022734	0.00210884	0.00133896	3	2.72608	2.44575	3.00533	4.17343	8.02547e-05
0.00306759	0.00243774	0.00178335	0.000949832	3	2.50939	2.72104	2.77973	3.66627	0.000157295
0.00392479	0.0034045	0.00281931	0.00157583	3	3.29197	3.15303	3.50466	4.33921	5.97946e-05
0.00397009	0.00327245	0.00265525	0.00142416	3	3.52761	3.57308	3.47122	4.05115	3.7766e-05
0.00442124	0.00401473	0.0032218	0.00178396	3	3.27919	3.19427	3.8521	4.64483	3.75773e-05
0.00465356	0.00406044	0.00271011	0.00128719	3	2.99981	2.92579	3.78091	3.90493	2.15649e-05
0.00439801	0.00352554	0.00238456	0.00116437	3	2.8496	3.10528	3.47536	3.82749	3.67343e-05
0.00473827	0.00374416	0.00299983	0.00168309	3	3.2948	3.57343	3.58508	4.42855	0.00011107
0.0081991	0.00553003	0.00308256	0.00126855	3	3.58059	3.94847	3.89645	3.87362	3.64155e-05
0.00677575	0.0052205	0.00324395	0.00138713	3	3.94972	4.06889	3.87637	4.02766	8.5357e-05
0.00803317	0.00572475	0.00391286	0.00194453	3	3.67369	4.33731	4.10296	4.77613	0.000159058
0.00402112	0.00321067	0.00227645	0.00114068	3	2.83086	3.14106	3.28558	3.81871	8.9943e-05
0.00889998	0.00608482	0.00354429	0.00146777	3	3.77769	4.5117	4.1518	4.24821	4.3558e-05
0.00434249	0.00376506	0.0027274	0.00139297	3	3.08118	2.96473	3.52901	4.18639	5.55835e-05
0.00422172	0.00357139	0.00282994	0.00154679	3	3.23428	3.23772	3.50081	4.39301	6.68081e-05
0.00347844	0.00275162	0.00225694	0.00126956	3	2.88306	3.25009	3.14402	3.99042	0.00011649
0.00441056	0.0036853	0.00302878	0.00175028	3	3.02197	3.32447	3.66004	4.50209	0.000220231
0.0054912	0.00457703	0.00334608	0.0017177	3	3.52948	3.41173	3.90374	4.51634	2.60685e-05
0.00454744	0.00344791	0.00262665	0.00140646	3	3.08235	3.39522	3.48747	4.05454	6.61201e-05
0.0052922	0.00379057	0.00225029	0.000959171	3	2.94084	3.42206	3.32174	3.61724	6.2545e-05
0.00533525	0.00413581	0.00311091	0.00160112	3	3.4131	3.71704	3.77787	4.25627	9.10768e-05
0.00415928	0.00338053	0.00240647	0.0012546	3	2.86474	3.03207	3.3426	3.96932	7.28275e-05
0.00622842	0.0043043	0.00296775	0.00144272	3	3.15818	3.97161	3.69355	4.10488	0.000138507
0.00464497	0.00381423	0.00284417	0.00151922	3	2.92334	3.20509	3.54803	4.42448	0.000105906
0.00651288	0.00516843	0.00295176	0.00122829	3	3.373	3.58596	3.8867	3.79985	5.62198e-05
0.00591837	0.0045808	0.00291734	0.00139566	3	3.10727	3.23861	3.73001	4.19586	4.82907e-05
0.00544976	0.00554976	0.00389772	0.00190995	3	3.37761	3.09023	4.27013	5.00944	4.68064e-05
0.00677255	0.00464818	0.00264368	0.00116196	3	2.85091	3.40631	3.6509	3.88591	5.95802e-05
0.00516084	0.00407961	0.00279344	0.00138793	3	2.95	3.28036	3.64706	4.1504	7.82499e-05
0.00370399	0.00343562	0.00297246	0.00171402	3	3.30371	3.18114	3.61061	4.48784	5.83647e-05
0.00743191	0.0054919	0.00336548	0.0014728	3	3.68918	3.98546	4.17165	3.94447	4.75661e-05
0.00434344	0.00380086	0.00318691	0.00178186	3	3.40194	3.44356	3.79697	4.54611	4.44158e-05
0.00341446	0.00288802	0.00216067	0.00114166	3	2.96453	2.91713	3.09101	3.94673	7.14771e-05
0.0050135	0.00379986	0.00259909	0.00122518	3	3.3669	3.60191	3.44111	3.72229	0.000135678
0.00379227	0.00339763	0.00283296	0.00162833	3	3.0355	2.98724	3.48611	4.57781	8.18368e-05
0.00350467	0.00306527	0.00249788	0.00137942	3	3.0278	3.0262	3.40338	3.99643	5.5709e-05
0.00404513	0.00300378	0.00197611	0.000946466	3	2.83588	2.96277	3.11811	3.36102	4.88758e-05
0.00403633	0.00362619	0.00282334	0.00150349	3	3.07574	3.2063	3.53192	4.3882	0.000121968
0.00368856	0.00384446	0.0031128	0.00166136	3	3.65635	2.8722	3.65114	4.56272	2.71177e-05
0.00661058	0.00491083	0.00308417	0.00140887	3	3.64545	3.78826	3.81089	4.15662	4.46618e-05
0.00586874	0.00489575	0.00338755	0.00170194	3	3.7318	3.58571	4.10839	4.35515	1.6469e-05
0.00287976	0.00219839	0.00168676	0.000920334	3	2.69692	2.83852	2.81561	3.36109	7.14703e-05
0.00408235	0.00324175	0.00245626	0.00130795	3	3.03022	3.19752	3.3392	3.88114	0.000111866
0.00318943	0.00305686	0.00273873	0.00165871	3	3.17415	3.07968	3.50266	4.36491	6.96703e-05
0.00483153	0.00385997	0.00297661	0.00166143	3	2.98634	3.34163	3.71886	4.49906	5.61309e-05
0.00597214	0.00492499	0.00362266	0.00180814	3	3.85022	3.92063	3.95278	4.55292	0.000112379
0.00347198	0.00291972	0.00242004	0.00135058	3	3.2588	3.16527	3.25427	4.07197	4.81269e-05
0.00924719	0.00692279	0.00388269	0.00167199	3	3.36089	3.72971	4.46741	4.45117	2.83076e-05
0.00691132	0.0054514	0.00354179	0.00162203	3	3.57003	3.82446	4.10966	4.48329	3.98323e-05
0.00701751	0.00619539	0.00449127	0.00223265	3	3.6938	3.83432	4.56718	5.12051	4.90953e-05
0.00295858	0.00268854	0.00252498	0.00153536	3	3.28513	3.15454	3.15621	4.3564	9.70688e-05
0.00667872	0.00437957	0.00256971	0.00113617	3	2.71215	3.63059	3.67869	3.74324	4.62115e-05
0.00465666	0.00355081	0.0026331	0.00139032	3	3.06777	3.48629	3.45981	4.21173	7.44206e-05
0.00337716	0.00276853	0.002364	0.00139234	3	2.80245	3.04638	3.30695	3.93435	9.38622e-05
0.00986068	0.00674707	0.00319609	0.00115604	3	3.4174	3.89349	4.17305	3.74469	2.3676e-05
0.00433937	0.00307084	0.00201664	0.000980059	3	2.49405	3.05994	3.21383	3.49875	5.63094e-05
0.0116013	0.00819446	0.00454104	0.00190815	3	3.63297	4.41769	4.8179	4.76529	4.98091e-05
0.00290324	0.00262672	0.00205001	0.00116402	3	2.79643	2.49429	3.07767	3.90567	2.96611e-05
0.00571977	0.00487932	0.00330963	0.00161041	3	3.24116	3.38678	3.94443	4.49914	7.2583e-05
0.00313694	0.00281103	0.00236545	0.00133032	3	2.94433	2.91103	3.20404	4.07496	0.000103164
0.00287565	0.00230189	0.00179799	0.000989631	3	2.52989	2.787	2.85779	3.54212	0.000182012
0.00376774	0.00305178	0.00237629	0.0012507	3	3.20303	3.2135	3.2937	3.80359	9.25424e-05
0.00365355	0.00325804	0.00253053	0.00134694	3	3.01285	2.95508	3.37456	4.18648	6.31396e-05
0.00393031	0.00279743	0.00189355	0.000937389	3	2.61859	3.19138	3.01931	3.4986	9.27983e-05
0.012469	0.00799205	0.00431537	0.00184838	3	3.47072	4.64041	4.64466	4.76507	6.5148e-05
0.00359008	0.00296383	0.00237952	0.00138146	3	2.82244	2.94104	3.18838	4.20898	0.000117364
0.0066422	0.00527735	0.00331277	0.00141981	3	4.0566	3.935	4.05392	4.07307	2.53697e-05
0.00554634	0.00440831	0.00286538	0.00132635	3	3.57636	3.51338	3.65969	4.03192	6.02517e-05
0.00820799	0.00529723	0.00335822	0.0015268	3	3.50945	4.3809	3.97205	4.16665	0.000105508
0.00583444	0.00497822	0.00317215	0.00147529	3	3.25524	3.10149	3.99809	4.12581	4.23292e-05
0.00354009	0.00315363	0.00240956	0.00123286	3	3.1456	2.96134	3.43214	3.91071	2.18855e-05
0.00314281	0.00251297	0.00170735	0.000860534	3	2.37823	2.65483	2.91459	3.47951	5.93606e-05
0.00294766	0.0029445	0.00224376	0.00115102	3	2.92358	2.45692	3.22595	3.87591	3.67111e-05
0.00619232	0.00509873	0.00323875	0.00150201	3	3.22065	3.48524	3.98315	4.35323	6.67232e-05
0.00311499	0.00254612	0.00208874	0.0011414	3	2.92227	3.0578	3.13212	3.67455	5.06574e-05
0.00653683	0.00476219	0.0029439	0.0012769	3	3.5008	3.84936	3.77276	3.89936	6.05421e-05
0.00435552	0.00339039	0.00253998	0.00139611	3	2.90435	3.18409	3.49563	3.96066	7.33946e-05
0.00411859	0.00371406	0.00284923	0.001471	3	3.33411	3.12705	3.71107	4.29459	1.5097e-05
0.00599648	0.00465934	0.00355692	0.00183525	3	3.90517	4.30967	4.02021	4.59742	4.87578e-05
0.00491427	0.00368954	0.00271812	0.00142639	3	2.99178	3.54621	3.58528	4.06023	0.000103164
0.00403004	0.00318016	0.00234357	0.00123593	3	2.74728	3.07065	3.29912	4.04193	5.4553e-05
0.00462776	0.00359824	0.00212724	0.000931722	3	2.69742	2.89245	3.35881	3.45583	2.87841e-05
0.0051428	0.00401952	0.0028276	0.0014556	3	2.97806	3.29336	3.65867	4.15852	8.01116e-05
0.00382453	0.00314486	0.00251235	0.00142015	3	2.90873	3.14788	3.40493	4.18682	5.60727e-05
0.0036393	0.00308803	0.002262	0.00116736	3	2.87864	2.80669	3.26898	3.74197	5.56132e-05
0.00339071	0.00291545	0.00222084	0.00117945	3	3.03539	2.95006	3.30258	3.80538	1.83616e-05
0.00332592	0.00293365	0.00213735	0.00110145	3	2.77633	2.71206	3.26038	3.72385	4.02223e-05
0.00702448	0.00491567	0.00389397	0.0021665	3	3.54997	4.52248	4.10511	4.90053	0.000198768
0.00377185	0.0026879	0.0019467	0.00100996	3	2.51912	3.10386	3.12177	3.57654	6.39067e-05
0.00664582	0.00458429	0.00269641	0.00120346	3	3.14807	3.48686	3.75037	3.68239	3.42253e-05
0.00530582	0.00394546	0.00319507	0.00181115	3	3.13719	3.82974	3.76521	4.48609	0.000193918
0.00689391	0.00565193	0.00393205	0.00182156	3	3.95505	4.01899	4.12752	4.5903	9.49206e-05
0.00424389	0.0037388	0.0028536	0.00146179	3	3.84066	3.32819	3.61407	4.11037	1.97908e-05
0.00673488	0.00498255	0.00328714	0.00158839	3	3.51877	3.68592	3.86646	4.20964	6.81493e-05
0.00585066	0.00451443	0.00268911	0.0011146	3	3.70719	3.58872	3.73024	3.43781	3.18651e-05
0.00431633	0.00389864	0.00296699	0.00160019	3	3.10661	3.05278	3.561	4.6655	0.000116744
0.00481772	0.00393329	0.00277116	0.00133948	3	3.3907	3.42826	3.62505	4.01259	3.79357e-05
0.00449024	0.00346186	0.00236889	0.00114626	3	2.91889	3.23316	3.42578	3.72364	5.32259e-05
0.00459458	0.00433569	0.00370932	0.00214138	3	3.56182	3.17619	4.03843	4.92592	3.05174e-05
0.00332869	0.00257787	0.00199254	0.00105232	3	2.80281	2.9906	3.04111	3.51284	8.23569e-05
0.00524944	0.00373029	0.00271437	0.00143273	3	2.95963	3.73204	3.53175	4.25128	0.00010604
0.0104305	0.00821476	0.00518967	0.00232921	3	3.88427	4.37146	5.04023	5.07609	6.1058e-05
0.0051313	0.00403988	0.00298035	0.00150721	3	3.49552	3.74728	3.63895	4.17375	0.000114555
0.00380643	0.00287117	0.00212242	0.00106911	3	3.29771	3.66595	3.10937	3.60745	0.000115547
0.00609196	0.00485924	0.00317388	0.00150903	3	3.29431	3.40072	3.96778	4.15837	4.4152e-05
0.00471479	0.00337277	0.00237185	0.00119678	3	3.04642	3.55932	3.34544	3.78966	7.89752e-05
0.00535056	0.00392453	0.00244548	0.00105292	3	3.2997	3.68541	3.51383	3.46291	7.46113e-05
0.00578685	0.00459208	0.00282684	0.00126577	3	3.15116	3.34615	3.71367	4.05945	7.25982e-05
0.00750705	0.00483799	0.00283132	0.00115795	3	3.69858	4.13057	3.75361	3.47252	8.11759e-05
0.00358438	0.00302613	0.00216928	0.00107621	3	3.08157	2.92793	3.12769	3.69556	6.23647e-05
0.0057366	0.00457378	0.00278399	0.00123857	3	3.02806	3.23493	3.70414	4.00732	5.46354e-05
0.00308165	0.00275795	0.00240649	0.00141027	3	3.11355	3.06964	3.26436	4.11974	5.72298e-05
0.00527288	0.00390171	0.00232634	0.0010573	3	2.67897	3.11679	3.46425	3.83754	3.10564e-05
0.00386869	0.00334588	0.00263246	0.00137523	3	3.63327	3.26782	3.33777	4.04141	7.97273e-05
0.00349117	0.00249657	0.00204346	0.00114778	3	3.01786	3.46224	2.96472	3.83613	0.000100954
0.00446729	0.00335711	0.0020385	0.000910275	3	2.82932	3.04561	3.1067	3.54322	6.59467e-05
0.00648902	0.00465988	0.00309235	0.00148725	3	3.07638	3.64911	3.87082	4.18956	7.84301e-05
0.0064541	0.00490257	0.00323998	0.00157721	3	3.15139	3.63599	3.90566	4.37363	0.000108855
0.00333361	0.00278074	0.00234289	0.00135652	3	2.96993	3.01151	3.23117	4.0029	7.87416e-05
0.00344538	0.00268779	0.00223514	0.00129702	3	3.09085	3.24603	3.02823	4.15237	9.66989e-05
0.00383353	0.00345864	0.00303478	0.00181962	3	3.2832	3.14524	3.55123	4.67124	0.000100092
0.00442044	0.00348123	0.00220061	0.00101334	3	2.92066	3.0186	3.32782	3.44283	6.70937e-05
0.00555659	0.00454305	0.00325886	0.00160009	3	3.60619	3.51369	3.91241	4.26936	2.8171e-05
0.00785471	0.00523591	0.00309439	0.00136755	3	3.44655	4.07428	3.81535	4.16353	6.9417e-05
0.00487813	0.00410016	0.00315692	0.00171002	3	3.2567	3.41002	3.73847	4.54416	0.000101128
0.00311811	0.00251516	0.00215374	0.00122567	3	2.96772	3.30253	3.11362	3.75158	9.92807e-05
0.00890696	0.00640857	0.00411655	0.00191399	3	3.7681	4.2526	4.50506	4.50957	3.00213e-05
0.00594339	0.00464171	0.00293966	0.00133726	3	3.07824	3.38934	3.84606	4.04864	4.68562e-05
0.00685598	0.00555721	0.00328799	0.00146793	3	3.23095	3.3384	4.10543	4.2545	2.60399e-05
0.00353096	0.00287405	0.00192321	0.000892126	3	2.73901	2.85036	3.0824	3.3776	7.72921e-05
0.00334777	0.00283658	0.00217689	0.00120758	3	2.71915	2.70092	3.18439	3.84881	6.58286e-05
0.00477758	0.00455627	0.00332384	0.00166862	3	3.5876	3.28369	3.84012	4.56098	6.47769e-05
0.00449841	0.00380373	0.00311707	0.00167946	3	3.69459	3.79669	3.68429	4.30374	0.00011616
0.00573164	0.00512065	0.0036818	0.00181479	3	3.74151	3.64849	4.14687	4.64442	3.92632e-05
0.00973963	0.0063145	0.00373727	0.00165897	3	3.45612	4.53596	4.38588	4.30911	3.43832e-05
0.00412635	0.00280664	0.0018934	0.000905087	3	3.04128	3.43228	2.93812	3.39697	5.64175e-05
0.00865678	0.00555225	0.00353577	0.00156451	3	3.84481	4.59082	4.13187	4.03101	5.51061e-05
0.00417587	0.0038379	0.0037994	0.0024264	3	3.73443	3.6375	3.81677	5.25381	0.000177728
0.00547493	0.00388588	0.00259085	0.00128338	3	2.9478	3.58266	3.59662	4.02368	4.27586e-05
0.00406315	0.0032991	0.00195467	0.000828661	3	2.66621	2.79002	3.18423	3.38615	3.92545e-05
0.00836205	0.00604319	0.0037908	0.00172324	3	3.79343	4.27122	4.40815	4.19812	4.29515e-05
0.0101398	0.00662233	0.00375972	0.00160447	3	3.54742	4.34167	4.31086	4.44109	3.40793e-05
0.00855846	0.00652574	0.00403639	0.00176528	3	3.87018	4.19961	4.54289	4.37194	2.97705e-05
0.00466459	0.00356687	0.00261167	0.0013832	3	2.93188	3.41141	3.62723	3.97169	5.17592e-05
0.00626805	0.00417303	0.00273795	0.00132913	3	2.93104	3.93313	3.71509	3.94046	6.04702e-05
0.00367298	0.00300738	0.00201285	0.000947385	3	2.68154	2.71065	3.20074	3.36414	5.24765e-05
0.00323817	0.00295276	0.00253155	0.00142147	3	3.37936	3.00175	3.25331	4.19385	5.86996e-05
0.00424593	0.00347475	0.00275744	0.00146496	3	3.2927	3.42314	3.44774	4.24459	7.43629e-05
0.00989847	0.00724	0.00436475	0.00194958	3	3.78049	4.08012	4.5672	4.71048	3.99409e-05
0.0037975	0.00327254	0.00236469	0.00114452	3	3.43502	3.13425	3.3129	3.72262	3.08665e-05
0.00325121	0.00260039	0.00237222	0.00143945	3	3.13133	3.33249	3.21643	3.86748	0.000112138
0.00390152	0.00366878	0.00244987	0.00112181	3	3.28682	2.87519	3.46618	3.76285	1.57679e-05
0.00384313	0.00321693	0.00243544	0.00128292	3	3.00697	3.05957	3.33719	3.95998	7.08279e-05
0.0042036	0.00335955	0.00231913	0.00114843	3	2.83386	3.1427	3.30851	3.82107	8.81456e-05
0.00516612	0.00420859	0.00279593	0.00132062	3	3.28985	3.28399	3.68662	3.85914	7.42306e-05
0.00639657	0.004682	0.0029785	0.00135376	3	3.48857	3.99878	3.8344	4.0165	5.26119e-05
0.00921924	0.00666386	0.00326003	0.00120082	3	3.75833	3.76934	4.19433	3.72871	2.19548e-05
0.00374919	0.00278108	0.0018641	0.000925238	3	2.56303	2.97488	3.07619	3.46612	4.4836e-05
0.00585012	0.00474075	0.00366989	0.0019102	3	3.7652	3.84393	4.06182	4.60254	5.9398e-05
0.00554332	0.00415891	0.00276832	0.00135152	3	3.0047	3.43652	3.64395	4.09083	0.00010234
0.00540939	0.00459912	0.00417805	0.00255308	3	3.6266	3.86635	4.21415	5.25937	6.29353e-05
0.00295184	0.002863	0.00245337	0.00141399	3	2.70316	2.65897	3.36898	4.14033	7.13267e-05
0.00482202	0.00390714	0.00276724	0.00134427	3	3.21225	3.43356	3.71137	3.97714	3.00581e-05
0.00498277	0.00383878	0.00271808	0.00140115	3	3.14878	3.39551	3.57459	4.06183	6.29809e-05
0.00349908	0.00279035	0.00204304	0.00105501	3	3.09477	3.02964	3.04821	3.59297	6.19084e-05
0.00496031	0.00356219	0.00263695	0.00134284	3	3.16317	3.83219	3.55679	3.89122	8.08161e-05
0.0058287	0.00512571	0.00269317	0.000996213	3	3.52091	3.10014	3.88867	3.37464	1.36516e-05
0.00408655	0.00323472	0.00251194	0.00137918	3	2.85083	3.14263	3.41958	4.05304	7.62533e-05
0.00704928	0.00543772	0.00287997	0.00113889	3	3.26651	3.4078	3.84556	3.85519	4.20152e-05
0.00551711	0.00438862	0.00270888	0.00119885	3	3.37668	3.25546	3.68979	3.80559	2.14903e-05
0.00465013	0.00381649	0.00277638	0.00138738	3	3.34086	3.3654	3.57235	3.99934	7.19666e-05
0.00507397	0.00362425	0.00226193	0.00100184	3	3.33304	3.49599	3.30435	3.43578	5.72262e-05
0.00484125	0.00365763	0.00267996	0.00138236	3	2.97539	3.31984	3.6035	3.95931	5.28143e-05
0.005303	0.00425249	0.00284654	0.00138501	3	2.99937	3.1492	3.63933	4.23402	4.85123e-05
0.00336761	0.00313023	0.00225797	0.00113894	3	2.67696	2.49843	3.22831	3.99633	5.83161e-05
0.00347395	0.00290509	0.00260295	0.00157916	3	3.07373	3.27812	3.36943	4.26701	8.49135e-05
0.00516461	0.0039166	0.00279893	0.00142856	3	3.10111	3.39145	3.52633	4.1809	0.00011
0.00502683	0.00375856	0.00228291	0.00104038	3	2.83954	3.22793	3.34998	3.77189	6.07682e-05
0.00393266	0.00296927	0.0024195	0.00136751	3	2.98071	3.33682	3.32728	3.99486	0.00011744
0.00592862	0.00459544	0.0029812	0.00137205	3	3.42787	3.63429	3.81053	3.90023	9.70171e-05
0.0103971	0.00734532	0.00434548	0.00183891	3	4.21546	4.52019	4.57248	4.3112	5.247e-05
0.00363152	0.00313419	0.00250706	0.00137412	3	3.01607	3.01578	3.26591	4.18142	0.000138281
0.0053897	0.00400523	0.00315189	0.00167589	3	3.28933	3.87079	3.67931	4.41661	0.000182657
0.0118235	0.00820499	0.00474409	0.00204777	3	3.77012	4.61522	4.83743	4.76917	6.30537e-05
0.00563561	0.00454022	0.00290762	0.00132241	3	3.51479	3.42722	3.67558	4.06706	3.76566e-05
0.00540747	0.00396659	0.00245573	0.00106393	3	3.2456	3.55239	3.51819	3.60833	4.66231e-05
0.00322868	0.00300024	0.00229488	0.0012318	3	2.86218	2.62066	3.27403	3.95297	4.0646e-05
0.00351705	0.00280135	0.00216282	0.00120813	3	2.56331	2.836	3.22355	3.93078	4.15689e-05
0.00420116	0.00301232	0.00207809	0.00103748	3	2.57913	3.1528	3.17597	3.60027	8.44089e-05
0.00340476	0.00280836	0.00193614	0.000982242	3	2.69087	2.66834	3.08416	3.62685	2.64058e-05
0.00394018	0.00338345	0.00278689	0.00149097	3	3.49782	3.62943	3.58428	4.09159	5.51833e-05
0.00399194	0.00323103	0.00212576	0.00100389	3	3.01046	2.99023	3.25668	3.45166	3.98707e-05
0.00379876	0.00341947	0.00262147	0.00138396	3	3.29472	2.98308	3.37221	4.10345	8.18851e-05
0.00640179	0.00494368	0.00347578	0.00182459	3	3.17655	3.6676	4.06031	4.65351	7.2096e-05
0.00312997	0.00262948	0.00210783	0.00115005	3	2.95219	2.87733	2.99256	3.80497	0.00011686
0.00494041	0.00345714	0.00236794	0.00120165	3	2.71237	3.26156	3.36487	3.90813	6.83724e-05
0.00319779	0.00260735	0.00222284	0.00124647	3	3.07392	3.22785	3.16643	3.76655	6.77469e-05
0.00424622	0.00288114	0.00219418	0.00119339	3	2.8596	3.71605	3.1699	3.80148	0.000127541
0.00664847	0.00493018	0.00310512	0.00138328	3	3.92521	3.82355	3.81327	3.99089	1.99645e-05
0.00585102	0.00447836	0.00317732	0.00166762	3	3.39049	3.67157	3.78477	4.43949	6.73562e-05
0.00773502	0.00578422	0.00345371	0.00150068	3	3.79795	4.0887	4.21196	4.26206	2.33225e-05
0.00377047	0.00327008	0.00241616	0.00123094	3	3.06891	3.13613	3.39148	3.97533	4.62355e-05
0.00263165	0.00253256	0.00205353	0.00110374	3	3.03268	2.52464	3.00682	3.7339	2.76089e-05
0.00259606	0.00211071	0.00149629	0.000743464	3	2.60143	2.53398	2.69052	3.09842	4.74412e-05
0.00265616	0.00207487	0.00157899	0.000817904	3	2.61742	2.9653	2.70726	3.29692	0.000119973
0.00368721	0.00332921	0.00262779	0.0014246	3	3.02255	2.8378	3.36593	4.1313	0.000110304
0.00588964	0.00453403	0.00315419	0.00159068	3	3.52404	3.52151	3.70976	4.30039	5.99723e-05
0.00386553	0.00311558	0.0025787	0.00144747	3	3.31743	3.46162	3.31056	4.19878	9.34022e-05
0.00551786	0.00486633	0.0032478	0.00153465	3	3.19304	3.31859	4.16786	4.26362	2.12661e-05
0.00481555	0.00363143	0.00263246	0.00137585	3	2.89586	3.40312	3.48725	4.03143	0.000136995
0.00629493	0.00470975	0.00369065	0.00203146	3	3.61982	4.17365	3.96527	4.74187	0.00011543
0.00359805	0.00274142	0.00236946	0.00137853	3	3.07133	3.44358	3.23634	3.95844	8.60168e-05
0.00522581	0.0039929	0.00309456	0.00172347	3	3.27383	3.70247	3.68266	4.34859	0.000173231
0.00675972	0.00515673	0.00309941	0.00139899	3	2.98708	3.58468	3.97264	4.10875	0.000140986
0.00689403	0.00590666	0.00429778	0.00211504	3	3.91553	3.95218	4.32449	5.076	6.35434e-05
0.00430615	0.00389199	0.00256932	0.00128392	3	2.69603	2.6361	3.55921	4.05745	5.99533e-05
0.00536299	0.00396646	0.00250794	0.0011706	3	2.93886	3.35666	3.53399	3.8666	3.68833e-05
0.00502404	0.00436119	0.00288667	0.00138235	3	3.20041	3.00991	3.69833	4.13409	5.17451e-05
0.00470344	0.00405941	0.00286018	0.00143483	3	3.00719	3.07001	3.69469	4.23408	6.52327e-05
0.00473299	0.00375575	0.00284212	0.00142316	3	3.23435	3.59461	3.73896	3.94983	5.14414e-05
0.00487247	0.00373519	0.00260156	0.00128619	3	3.20731	3.34445	3.58115	3.82986	3.9423e-05
0.00277678	0.0022493	0.0018827	0.00109301	3	2.57902	2.73442	2.82158	3.70143	0.000251585
0.00276899	0.00235223	0.00178819	0.000928932	3	2.73419	2.69632	2.92944	3.42287	3.77576e-05
0.00726322	0.00586811	0.0034481	0.00150042	3	3.19908	3.36221	4.04138	4.31825	7.92851e-05
0.00532326	0.00476039	0.00294568	0.00126685	3	3.51594	3.14273	3.82285	3.87802	3.24161e-05
0.0092627	0.00599172	0.00278506	0.00101457	3	3.1539	3.75945	4.01423	3.49812	2.27239e-05
0.00455187	0.00380723	0.00303025	0.00168652	3	3.00111	3.25813	3.67691	4.47501	0.000129153
0.00327441	0.00248431	0.00171012	0.000878063	3	2.58154	2.87713	2.90182	3.39759	7.22965e-05
0.00341877	0.00292226	0.00225619	0.00119976	3	2.98436	2.93763	3.16379	3.86412	8.27185e-05
0.0069889	0.00549017	0.00430293	0.00229457	3	3.8769	4.29123	4.28709	5.04595	0.000108045
0.00660141	0.00532092	0.00401582	0.00206974	3	3.85911	4.29967	4.23143	4.91858	8.43944e-05
0.00491504	0.00404177	0.0024508	0.00108358	3	2.93868	3.07805	3.56194	3.84083	3.4856e-05
0.00658796	0.00500929	0.00378225	0.00197472	3	3.71353	4.20943	4.12302	4.67647	7.17684e-05
0.00224634	0.00229186	0.00201993	0.00113404	3	2.92588	2.44884	2.96219	3.76799	6.83269e-05
0.00449988	0.00372968	0.00268777	0.00137326	3	3.1318	3.23047	3.44508	4.3228	6.1205e-05
0.00271523	0.00219416	0.00162865	0.000872462	3	2.33162	2.53337	2.82199	3.49735	4.8074e-05
0.00434782	0.0039002	0.00319837	0.00176269	3	3.38928	3.2659	3.77017	4.49114	5.42793e-05
0.00396964	0.00351765	0.00295924	0.00168519	3	3.41293	3.23206	3.51007	4.42019	0.000142759
0.00589649	0.00450671	0.0033135	0.00169784	3	3.27698	3.72897	3.96528	4.29364	7.35285e-05
0.0053976	0.00444342	0.00316991	0.0016271	3	3.16603	3.2792	3.78278	4.38573	0.00010154
0.00694374	0.00510438	0.00304909	0.00128913	3	3.60484	3.8159	3.81148	3.8813	8.50879e-05
0.00555995	0.0042277	0.00258134	0.00115031	3	3.34754	3.41891	3.5215	3.76972	7.80468e-05
0.00328371	0.00304346	0.00261784	0.00152311	3	3.09	2.97318	3.4856	4.09608	4.90686e-05
0.00533583	0.00416859	0.00288773	0.00144518	3	3.38228	3.38542	3.60723	4.18303	5.50291e-05
0.00503645	0.00378759	0.00259681	0.00122798	3	3.48987	3.61246	3.50516	3.69888	4.45354e-05
0.0071784	0.00492889	0.00282552	0.00125365	3	2.99295	3.67904	3.89553	3.9274	3.91122e-05
0.00522116	0.00421424	0.0026251	0.00120115	3	3.07551	3.22713	3.70515	3.86809	2.83132e-05
0.00330505	0.0027007	0.00189718	0.000960295	3	2.68749	2.6409	3.10644	3.46582	2.13231e-05
0.00643653	0.00474673	0.00307366	0.00141423	3	3.41826	3.87865	3.94724	4.04686	3.38851e-05
0.00540438	0.00440779	0.0031112	0.00153209	3	3.54128	3.26599	3.71202	4.22449	4.63197e-05
0.00755993	0.00490052	0.00308698	0.00146451	3	2.98481	4.20618	3.93236	4.06067	0.00014934
0.00412868	0.00319943	0.00239091	0.00133723	3	2.79134	3.13265	3.38832	4.00178	6.45416e-05
0.00846529	0.0062928	0.00385204	0.0016598	3	3.77248	4.07569	4.36501	4.38898	3.84695e-05
0.00477891	0.00354123	0.00272743	0.0015441	3	2.79808	3.408	3.56116	4.15876	0.000135249
0.00339014	0.00259097	0.00196031	0.00106278	3	2.76132	2.95064	3.04715	3.61019	4.75251e-05
0.00487333	0.0034408	0.00220766	0.00104746	3	2.88048	3.26217	3.26867	3.53644	7.54845e-05
0.00162733	0.00181003	0.00206239	0.00150152	3	2.77171	2.37875	2.84508	4.39747	0.000164417
0.00207886	0.00167677	0.00144894	0.000862567	3	2.46347	2.60189	2.52866	3.46423	7.05106e-05
0.00891692	0.0064255	0.00419352	0.00191522	3	4.03546	4.42613	4.41504	4.44135	6.24206e-05
0.00443759	0.00342778	0.00266725	0.00143758	3	3.30553	3.47452	3.4375	4.16658	5.65579e-05
0.00646182	0.00528532	0.00344205	0.00158498	3	3.32345	3.66988	4.04839	4.38737	8.58631e-05
0.00354703	0.00295408	0.00220854	0.00115627	3	2.98011	2.98231	3.15595	3.89592	5.32864e-05
0.00353908	0.00286118	0.00206959	0.00107377	3	2.74624	2.82376	3.085	3.86676	5.52976e-05
0.00538175	0.00388008	0.00252516	0.00121803	3	2.88418	3.3846	3.56845	3.87759	4.26521e-05
0.00436515	0.00338081	0.00246516	0.00121581	3	3.21263	3.36493	3.42847	3.72054	3.71387e-05
0.00485682	0.00386583	0.00298987	0.00160148	3	3.19117	3.58471	3.76622	4.36248	5.84542e-05
0.00730929	0.00571674	0.00402768	0.00200497	3	3.78139	4.0226	4.25008	4.71429	7.8041e-05
0.00303941	0.00262839	0.00223183	0.00132199	3	2.80984	2.94142	3.08416	4.16471	0.000186651
0.00265924	0.00245531	0.00221446	0.00131023	3	2.94085	2.85728	3.0729	4.01074	9.45429e-05
0.00868847	0.00620004	0.00393709	0.00178628	3	3.84478	4.35096	4.36959	4.55388	2.52275e-05
0.00418615	0.00366406	0.00262158	0.00135906	3	2.89613	2.8818	3.49789	4.25345	5.36479e-05
0.00517491	0.00373469	0.00261187	0.00130516	3	2.92418	3.83955	3.54231	4.08262	0.000122074
0.00263051	0.00247381	0.00210601	0.00124075	3	2.73098	2.64691	3.13135	4.1325	2.89918e-05
0.00486348	0.00409333	0.00331685	0.00184914	3	3.44064	3.53743	3.88581	4.45	7.17465e-05
0.00532007	0.00392795	0.00247171	0.00113415	3	2.86612	3.17712	3.55623	3.75481	2.83105e-05
0.00296693	0.00274719	0.00217369	0.00118905	3	2.95336	2.65471	3.18095	3.89615	3.00114e-05
0.00609105	0.00498938	0.00329682	0.00155095	3	3.58798	3.50393	3.85558	4.40148	4.05794e-05
0.00416618	0.00346	0.0023396	0.00117265	3	2.50892	2.74632	3.38725	4.06498	5.88001e-05
0.00446095	0.00366977	0.00249102	0.00121576	3	2.89744	3.0875	3.45724	3.94829	6.5037e-05
0.00345445	0.00287066	0.00246685	0.00141321	3	3.19735	3.3316	3.33033	4.16389	4.75853e-05
0.00614738	0.00512689	0.00367075	0.00176968	3	3.9186	3.69849	4.0849	4.40968	4.10837e-05
0.00298679	0.00220542	0.00170139	0.00096581	3	2.42299	2.78273	2.75098	3.54841	0.000132771
0.00387288	0.00319757	0.00232818	0.00119094	3	3.05872	3.03908	3.30001	3.92856	4.01152e-05
0.00560991	0.0045628	0.00330257	0.00160533	3	3.84137	3.90977	3.82247	4.28747	6.98959e-05
0.00272672	0.00228528	0.00176892	0.000982306	3	2.57717	2.62659	2.93081	3.56486	3.30891e-05
0.00488307	0.00403929	0.00285424	0.00147652	3	2.93213	3.08828	3.63895	4.28218	7.33466e-05
0.00639161	0.00444824	0.00272664	0.00126799	3	3.19712	3.69731	3.64335	3.95966	4.5911e-05
0.00782994	0.00615768	0.0038795	0.00171382	3	4.0642	3.88316	4.30631	4.16459	5.44093e-05
0.00373549	0.00262065	0.0018417	0.000971465	3	2.66046	3.07508	2.94021	3.51538	7.29366e-05
0.00418728	0.00335733	0.00285246	0.00161291	3	3.34427	3.56797	3.43599	4.5074	9.81112e-05
0.00423	0.00353495	0.0024125	0.00107812	3	3.08051	3.29856	3.48083	3.66246	4.07734e-05
0.00312333	0.00279593	0.00250817	0.00148533	3	2.98014	3.0905	3.30483	4.18604	0.000106795
0.00681775	0.00452366	0.00289335	0.00133136	3	3.33521	4.11049	3.75258	3.92994	7.66358e-05
0.00478326	0.00387387	0.00280008	0.00148946	3	2.76622	2.95426	3.63468	4.30528	6.89714e-05
0.00410568	0.00328266	0.00222439	0.0010751	3	3.06049	3.10866	3.29756	3.63757	4.361e-05
0.00669379	0.005114	0.00312584	0.00136472	3	3.42717	3.62336	3.97403	3.8905	3.5796e-05
0.00724519	0.00515137	0.00337345	0.00155938	3	3.61087	4.23748	3.91394	4.21372	0.000151512
0.00279133	0.00264847	0.00230874	0.00138863	3	2.80018	2.64673	3.20354	4.23755	5.55496e-05
0.00724979	0.00499302	0.00292461	0.0012383	3	3.38758	3.97214	3.83912	3.93252	2.94161e-05
0.0047309	0.00390914	0.0028575	0.00146708	3	3.13998	3.29355	3.55334	4.38236	7.72135e-05
0.00219445	0.00202163	0.00201923	0.00130251	3	3.02836	2.72199	2.88859	3.85069	0.000142991
0.00370871	0.0028562	0.00200037	0.000996529	3	2.75613	2.95995	3.13475	3.45297	6.89262e-05
0.00624858	0.00497955	0.0036035	0.00188413	3	3.19476	3.5134	3.94045	4.71453	0.000161459
0.00472193	0.00326203	0.00212449	0.00103813	3	2.81291	3.31029	3.29189	3.52898	3.27193e-05
0.00386508	0.00305234	0.00236373	0.00127538	3	3.00456	3.27525	3.29753	3.87997	6.19754e-05
0.00369478	0.00317309	0.00258895	0.00145821	3	3.09482	3.12793	3.41108	4.22146	6.05466e-05
0.00526944	0.00456998	0.0030962	0.00147101	3	3.59386	3.44702	3.99324	4.23352	1.11519e-05
0.00334722	0.0024863	0.00167186	0.000834445	3	2.38306	2.746	2.91479	3.25931	8.97818e-05
0.00418545	0.00394357	0.0034239	0.00192533	3	4.00545	3.61797	3.77472	4.69202	8.94077e-05
0.00265202	0.0022384	0.00216207	0.00138387	3	2.95145	3.11317	2.97155	4.17241	8.55041e-05
0.00296376	0.00276404	0.00217101	0.00113362	3	3.07033	2.63383	3.18598	3.76008	2.80972e-05
0.00891781	0.00686613	0.00394587	0.00164654	3	3.92213	3.97908	4.38268	4.37839	4.92261e-05
0.00340743	0.00278402	0.00247425	0.00148083	3	3.03067	3.34744	3.19309	4.23556	0.000175675
0.00572272	0.00386807	0.00222819	0.000977233	3	2.67742	3.32839	3.40922	3.58002	5.28256e-05
0.00349763	0.0026557	0.00176328	0.000840272	3	2.77213	2.97467	2.95428	3.31513	4.03873e-05
0.00341498	0.00313454	0.00238114	0.00130427	3	2.8976	2.73929	3.34709	4.1818	2.43253e-05
0.00537864	0.00424647	0.00344041	0.00191276	3	3.64145	3.97413	3.98135	4.55497	4.81444e-05
0.00434999	0.00350879	0.00278997	0.0015547	3	2.90106	3.19513	3.57352	4.20159	5.5987e-05
0.00298155	0.00264914	0.00191377	0.00102529	3	2.36174	2.31704	3.05461	3.85473	2.00275e-05
0.0045017	0.00317903	0.00210016	0.00105072	3	2.72527	3.23414	3.24837	3.56437	7.34882e-05
0.00300876	0.00262139	0.00254488	0.00163364	3	3.08365	3.1442	3.34076	4.29755	7.6174e-05
0.00721368	0.00600761	0.00398161	0.00184459	3	3.80222	4.05686	4.43049	4.8644	2.10316e-05
0.0129223	0.00867694	0.0045653	0.0018149	3	3.96089	4.69384	4.8319	4.49233	5.32702e-05
0.00303648	0.00232507	0.00189051	0.00110735	3	2.47615	2.97468	2.98107	3.71635	8.87679e-05
0.00565504	0.00444739	0.00245916	0.00100101	3	2.99911	2.99704	3.56985	3.54447	2.79819e-05
0.00744699	0.00604087	0.00352348	0.00148546	3	3.69295	3.79218	4.30307	4.18522	2.73607e-05
0.00400765	0.00313435	0.00208291	0.000989019	3	2.96714	3.16742	3.07282	3.65706	9.21058e-05
0.00592308	0.00471016	0.00331433	0.00163119	3	3.47546	3.64796	4.01378	4.28925	3.23393e-05
0.0048601	0.00396869	0.00292957	0.00145446	3	3.42112	3.52657	3.65717	4.2977	4.53552e-05
0.00519022	0.0044984	0.00312817	0.00159277	3	3.10234	3.14556	3.80818	4.50529	5.84324e-05
0.0023211	0.00184358	0.00165875	0.00102935	3	2.37	2.70649	2.71116	3.63608	9.20578e-05
0.00537327	0.00419919	0.00319728	0.00171061	3	3.24926	3.64763	3.85891	4.3231	8.96735e-05
0.00345812	0.00297686	0.00289052	0.00193643	3	2.80053	3.19652	3.38983	4.93723	0.000271707
0.00594672	0.00421373	0.00322525	0.00175574	3	3.12506	3.94734	3.8564	4.52161	5.17256e-05
0.0103086	0.00709234	0.00364896	0.00142789	3	3.56796	4.23253	4.25943	4.14104	6.70935e-05
0.00573981	0.00446437	0.00299975	0.00144979	3	3.37418	3.59624	3.82554	4.07215	8.75706e-05
0.00233155	0.00223622	0.00197895	0.00116356	3	2.77827	2.5617	3.00924	3.83553	3.40162e-05
0.0040709	0.00315567	0.00239741	0.00129742	3	2.78949	3.3117	3.42525	4.04714	3.92704e-05
0.00423059	0.00329395	0.00226066	0.00112389	3	2.86265	3.0863	3.30235	3.83262	5.46035e-05
0.00519768	0.00385482	0.00225292	0.000972563	3	2.9055	3.34106	3.40402	3.56075	5.04387e-05
0.00348256	0.00292052	0.00200121	0.00100829	3	2.57328	2.58324	3.14834	3.66157	3.02012e-05
0.00514875	0.00430667	0.00258922	0.00117277	3	2.93172	3.00677	3.66593	3.91761	3.28833e-05
0.00357031	0.00331063	0.00265743	0.00142561	3	3.32165	3.08225	3.50476	4.0739	3.14474e-05
0.00329552	0.00295644	0.0023301	0.00128399	3	2.94775	2.81537	3.32128	3.97324	4.07556e-05
0.00736708	0.0053896	0.00361974	0.00177847	3	3.31983	3.97207	4.11168	4.47626	7.9988e-05
0.00671447	0.00543833	0.00397928	0.00212865	3	3.16739	3.77617	4.25969	5.07348	0.000126338
0.00456435	0.00353755	0.00272377	0.00145083	3	3.27882	3.42229	3.47179	4.15121	6.35361e-05
0.00370907	0.00324427	0.00256376	0.00135513	3	3.27259	3.04149	3.44633	4.03745	1.99615e-05
0.00663493	0.00554758	0.00365651	0.00169614	3	3.8488	3.59057	4.15253	4.49114	2.41709e-05
0.00386466	0.00308854	0.00201113	0.000935404	3	2.887	2.89356	3.24074	3.35099	2.49752e-05
0.00332705	0.00277698	0.00250743	0.00149738	3	3.35517	3.39929	3.30455	4.12264	5.32181e-05
0.00484367	0.00377106	0.00269795	0.00133324	3	3.23185	3.38976	3.45518	4.01302	0.000145314
0.00391313	0.00310506	0.00232726	0.0012416	3	2.96665	3.11992	3.16045	3.95972	0.00020801
0.0065752	0.00494231	0.00290146	0.00126392	3	3.17479	3.4266	3.9111	3.97974	1.70136e-05
0.00582584	0.00438243	0.00283458	0.00130448	3	3.3698	3.6416	3.69959	3.95437	5.06337e-05
0.0052003	0.00393808	0.00259406	0.00124657	3	2.90461	3.34425	3.58498	3.93249	5.58715e-05
0.00867756	0.0068553	0.00514661	0.00270208	3	3.95195	4.35619	4.66171	5.52854	9.66244e-05
0.00306299	0.00284416	0.00246297	0.00145849	3	3.16541	2.8448	3.22984	4.26387	6.52737e-05
0.00399887	0.00339487	0.00267868	0.00150095	3	2.80112	3.02429	3.55926	4.10967	9.73436e-05
0.00626058	0.0045834	0.00254501	0.0010748	3	2.96663	3.1958	3.65863	3.53014	6.89095e-05
0.00331304	0.00262185	0.00187964	0.000975965	3	2.84997	3.04885	2.9816	3.59283	7.86284e-05
0.00391941	0.00354639	0.00273889	0.00142184	3	3.24999	3.15429	3.51142	4.18659	6.37928e-05
0.00716018	0.00453631	0.00238088	0.000935758	3	3.4948	3.83423	3.49924	3.35597	3.03006e-05
0.00443539	0.00342811	0.00226338	0.00104147	3	3.25293	3.2905	3.29237	3.58698	4.51019e-05
0.00529953	0.00376273	0.00258344	0.00125887	3	3.33825	3.71629	3.52772	3.64676	0.00011876
0.00400689	0.00335299	0.00239601	0.00118778	3	3.27285	3.1928	3.39467	3.72619	4.5945e-05
0.00569694	0.00453302	0.00317449	0.0015584	3	3.41834	3.69682	3.85154	4.29073	8.53027e-05
0.00604785	0.00491756	0.00349581	0.00175134	3	3.22487	3.53659	4.02996	4.58122	8.79051e-05
0.00580738	0.00476097	0.00323293	0.0015834	3	3.26863	3.26485	3.9047	4.35668	4.20961e-05
0.00828471	0.00564738	0.00362111	0.00164304	3	3.96836	4.4093	4.08795	4.20605	5.89756e-05
0.00560839	0.00406222	0.00282357	0.00138402	3	3.10933	3.71389	3.67694	3.91207	0.000126189
0.00463279	0.00380651	0.0029931	0.00162786	3	3.49823	3.69349	3.67672	4.32536	7.46027e-05
0.0033748	0.00304199	0.00247164	0.00134945	3	3.16428	2.95855	3.32995	4.09504	2.95145e-05
0.00707886	0.00583139	0.0035618	0.00154211	3	3.66942	3.63576	4.21943	4.16918	3.00809e-05
0.00443946	0.00347071	0.00242961	0.0011438	3	3.55366	3.45452	3.33273	3.64796	6.45346e-05
0.00723215	0.00540991	0.00328742	0.00147642	3	3.26637	3.79143	4.09072	4.31493	4.38844e-05
0.003976	0.00326933	0.00217108	0.00103377	3	3.17856	2.97633	3.27844	3.60224	2.71909e-05
0.00607029	0.00527648	0.00309516	0.00129359	3	3.6255	3.31258	3.99216	4.11109	1.45723e-05
0.00662957	0.0049058	0.00277879	0.00118621	3	3.12087	3.46763	3.78341	3.8879	3.96967e-05
0.00367352	0.00318083	0.00243825	0.00130467	3	2.97711	3.01202	3.2745	4.18357	6.86983e-05
0.00543837	0.00399012	0.00277248	0.00143607	3	2.85045	3.28483	3.59134	4.25756	6.93499e-05
0.00447888	0.0034501	0.00279546	0.0015754	3	3.13079	3.66804	3.53624	4.2957	0.000101452
0.00429666	0.00354172	0.00259314	0.0013561	3	2.98384	3.19433	3.56442	4.06229	4.05806e-05
0.0036449	0.00267253	0.00192639	0.00101825	3	2.49336	2.97072	3.09802	3.60396	5.90316e-05
0.00682855	0.00448966	0.0029389	0.00135036	3	3.39145	4.42446	3.76422	3.951	9.18121e-05
0.0032458	0.00266112	0.00200769	0.00105765	3	2.8727	2.97346	3.11386	3.65712	3.18135e-05
0.00635288	0.00517791	0.00336593	0.00159697	3	3.66781	3.59626	3.99951	4.34965	4.39951e-05
0.00328172	0.00282128	0.00217072	0.00116846	3	2.63635	2.91397	3.2683	3.73484	7.40886e-05
0.00765287	0.00583927	0.00347275	0.00153126	3	3.26926	3.78789	4.20985	4.22968	6.82285e-05
0.00400637	0.00298397	0.00228805	0.0012217	3	3.19059	3.53746	3.31216	3.77804	3.84861e-05
0.00562751	0.00450187	0.00273307	0.00124566	3	2.79951	3.14425	3.65836	4.12335	7.14156e-05
0.00264763	0.00206918	0.00164941	0.000937865	3	2.56635	2.68671	2.80344	3.39535	3.67221e-05
0.0049933	0.00465999	0.00367578	0.00196205	3	3.70682	3.34794	4.09855	4.7359	3.11803e-05
0.00728889	0.00544313	0.00344743	0.00154718	3	3.60838	3.89323	4.07157	4.13462	4.05168e-05
0.00479685	0.003849	0.00302476	0.00165885	3	3.23243	3.55221	3.65913	4.41843	0.000120771
0.00588582	0.00397374	0.00264469	0.00125957	3	3.3995	3.85292	3.54885	3.71933	5.7376e-05
0.00444866	0.00369816	0.0027738	0.00147886	3	3.2596	3.30429	3.5386	4.26938	6.50709e-05
0.00509575	0.00425848	0.00276148	0.00132373	3	2.86199	3.07001	3.7278	4.12354	4.98525e-05
0.00256396	0.00229553	0.00192539	0.00103938	3	3.31824	2.98257	2.91563	3.70389	2.8069e-05
0.00311912	0.00312354	0.00262764	0.00140772	3	3.43413	2.90719	3.50804	4.00829	1.84e-05
0.00553058	0.00409612	0.00300971	0.00157359	3	3.3529	3.78505	3.80268	4.13174	4.59679e-05
0.00690543	0.00537546	0.00392458	0.00199936	3	3.46949	3.99568	4.27251	4.87063	5.52124e-05
0.00550953	0.00412855	0.0029228	0.00144323	3	3.33666	3.73949	3.66955	4.14062	7.54548e-05
0.00303874	0.00259973	0.00198457	0.0010644	3	2.80141	2.75255	3.02401	3.72144	7.50975e-05
0.00443554	0.00334612	0.00220856	0.00101815	3	2.91349	3.20094	3.42776	3.52043	1.76434e-05
0.00738547	0.0047922	0.00282548	0.00124372	3	3.13955	3.91631	3.82475	3.86523	3.37837e-05
0.00583966	0.00535577	0.00390779	0.00193414	3	3.72032	3.30896	4.17612	4.61966	6.10589e-05
0.00395257	0.0032615	0.00278754	0.00163902	3	3.32588	3.36181	3.3731	4.50744	0.000127041
0.00826603	0.00636466	0.0046485	0.00234618	3	4.01052	4.71857	4.54073	5.06492	0.000185636
0.00537093	0.00428336	0.00295215	0.00145676	3	3.16382	3.37485	3.62415	4.35954	8.32725e-05
0.00694549	0.00447503	0.00304681	0.00148758	3	3.43833	4.40178	3.71307	4.24409	0.000124514
0.00469134	0.00390483	0.0026471	0.00129164	3	2.92295	3.02993	3.5045	4.21809	4.6497e-05
0.00525571	0.00338401	0.00239014	0.00119053	3	3.3121	4.04965	3.31953	3.61305	9.84778e-05
0.00582887	0.00427925	0.00269076	0.00118828	3	3.59396	3.70943	3.55042	3.80421	7.30753e-05
0.00678332	0.00533268	0.00360615	0.0017094	3	3.59967	3.70702	4.09365	4.45552	4.10396e-05
0.00439168	0.0035015	0.00292941	0.00167377	3	3.26803	3.49616	3.56807	4.39071	9.91119e-05
0.00633349	0.00509565	0.00308193	0.00133037	3	3.35845	3.51322	4.00589	3.79602	6.21911e-05
0.00754284	0.0054462	0.00361175	0.00168195	3	3.91802	4.31938	4.13368	4.2397	4.45237e-05
0.00252768	0.00216227	0.00168055	0.000911853	3	2.58202	2.54226	2.77708	3.44015	6.9099e-05
0.00543294	0.00512009	0.00315369	0.00139065	3	3.20872	2.8276	3.94414	4.16555	4.64919e-05
0.00484435	0.00380632	0.00225088	0.000971888	3	3.07146	3.09305	3.41892	3.52728	2.09568e-05
0.00569192	0.00485067	0.00324845	0.00153933	3	3.42137	3.38889	3.91903	4.40138	2.88957e-05
0.00677724	0.0055239	0.0043926	0.00234699	3	4.00326	4.20763	4.40292	5.11287	4.04723e-05
0.00482975	0.003551	0.00262865	0.0014068	3	3.12808	3.51914	3.54548	3.94738	6.12416e-05
0.00344129	0.00314672	0.00262309	0.00149123	3	3.19282	2.94442	3.35288	4.31049	5.1852e-05
0.00446617	0.00366285	0.00276695	0.00138669	3	3.33279	3.41365	3.61034	4.01061	2.83519e-05
0.00582169	0.00442907	0.00310283	0.00161484	3	3.0928	3.55227	3.79068	4.43117	7.87763e-05
0.00254744	0.00246541	0.00203778	0.00116821	3	2.93924	2.55957	2.95197	3.94794	6.09187e-05
0.00426784	0.0038551	0.00264965	0.00130642	3	3.45295	3.05678	3.60399	3.94257	2.05873e-05
0.0065971	0.00470634	0.00324003	0.00163558	3	3.35997	4.16227	3.85969	4.50442	0.000100632
0.00555214	0.00427541	0.00255835	0.0011383	3	2.86032	3.1964	3.73587	3.70946	2.94614e-05
0.00332405	0.00265673	0.00203481	0.00105666	3	2.99409	3.07478	3.06631	3.64966	3.60804e-05
0.00449492	0.00383517	0.00275893	0.00136627	3	3.43608	3.1886	3.70241	4.03231	1.26213e-05
0.00542145	0.00469292	0.00346809	0.00180697	3	3.48623	3.40176	4.01943	4.61914	4.05184e-05
0.00359661	0.0029113	0.00240877	0.00136085	3	3.17065	3.29971	3.28765	4.00407	5.82263e-05
0.00664033	0.00517392	0.00349788	0.00170126	3	3.47631	3.7532	4.00187	4.54614	5.76022e-05
0.00361028	0.00310871	0.00256618	0.00143665	3	3.16069	3.11939	3.33201	4.17332	9.23468e-05
0.00460088	0.0037347	0.00285854	0.00144825	3	3.438	3.52186	3.68606	3.96234	5.37519e-05
0.00367995	0.00330965	0.00225684	0.00109892	3	2.71716	2.53654	3.34858	3.68964	4.78924e-05
0.00466024	0.00384828	0.00276995	0.00136966	3	3.34957	3.32847	3.51287	4.05822	8.04821e-05
0.00440225	0.00345751	0.00263761	0.00145338	3	2.96905	3.16299	3.47134	4.19575	6.41844e-05
0.00369022	0.00308246	0.00257288	0.00149582	3	3.0443	3.03938	3.21948	4.57808	6.17377e-05
0.00379182	0.00372402	0.00326555	0.00193383	3	3.3181	2.93358	3.74964	4.75921	4.43361e-05
0.00292547	0.00262341	0.00233022	0.00141455	3	2.98196	2.82817	3.106	4.18723	7.23772e-05
0.00255559	0.00235678	0.00196066	0.00114527	3	2.38521	2.43329	2.98928	3.94644	8.05945e-05
0.00658355	0.00572411	0.00408754	0.00207914	3	3.45903	3.61252	4.44509	5.00426	3.93514e-05
0.00547618	0.00402051	0.00299625	0.00160616	3	3.36281	3.86486	3.84699	4.08436	4.61682e-05
0.00477282	0.00363753	0.00237005	0.00112697	3	2.93804	3.10264	3.46788	3.59079	5.6335e-05
0.00615994	0.00477264	0.00322537	0.00151872	3	3.76076	3.93234	3.86549	4.20147	8.69916e-05
0.00524677	0.00463054	0.00325934	0.0015997	3	3.61451	3.18354	3.94275	4.25565	2.85375e-05
0.00341751	0.00271526	0.00202402	0.00103633	3	2.84973	3.03019	3.16005	3.69796	2.06308e-05
0.00471295	0.00403814	0.00324576	0.00172866	3	4.08808	3.70567	3.73944	4.31672	5.10896e-05
0.00289047	0.00263731	0.00216471	0.00117658	3	3.19498	2.80592	3.07935	3.71166	8.51516e-05
0.00394458	0.00358297	0.00280137	0.00151793	3	3.08396	3.01613	3.51178	4.27808	0.000116914
0.00433236	0.00334861	0.0029531	0.00174602	3	3.36154	3.7056	3.47267	4.4831	0.000135126
0.00336341	0.00292429	0.00228913	0.001202	3	3.10711	2.94868	3.18274	3.88735	5.35571e-05
0.00667372	0.00531624	0.00353196	0.00168821	3	3.41063	3.5989	4.09375	4.51463	3.03395e-05
0.00451542	0.00377052	0.0024987	0.00117299	3	3.06983	3.13561	3.58437	3.7863	4.19583e-05
0.00308554	0.0027515	0.00217536	0.00115749	3	3.0113	2.9219	3.12512	3.86802	5.85891e-05
0.00327707	0.00299398	0.00241768	0.00133356	3	2.79881	2.72157	3.36595	4.0464	4.83207e-05
0.00563323	0.00451849	0.00319761	0.0015499	3	3.76548	3.59662	3.76151	4.14662	9.31704e-05
0.00186075	0.00176631	0.00187165	0.00123404	3	2.92456	2.69098	2.73898	3.98763	4.05005e-05
0.00339655	0.00276011	0.00224862	0.0012479	3	3.19835	3.24292	3.18427	3.77727	8.79592e-05
0.00531059	0.00488383	0.00366561	0.00193193	3	3.63656	3.26755	4.21652	4.6571	2.16432e-05
0.00657693	0.00483672	0.00315185	0.00150585	3	3.31738	3.96539	4.1134	4.13358	1.85232e-05
0.00434441	0.00364124	0.00258805	0.00131154	3	3.0028	3.05549	3.57017	3.99351	3.57828e-05
0.00375639	0.00317637	0.002442	0.00129746	3	3.05927	3.14663	3.39274	4.00764	3.97222e-05
0.00381149	0.00315925	0.00272836	0.00155515	3	3.28332	3.31856	3.41172	4.2158	7.49812e-05
0.00236561	0.00219365	0.00195474	0.00118564	3	2.67703	2.48586	2.97137	3.82817	5.64104e-05
0.00429136	0.00369246	0.00279915	0.00148444	3	3.23775	3.25877	3.55983	4.21416	8.14536e-05
0.00629952	0.00489937	0.00309261	0.00142424	3	3.39865	3.47685	3.88963	4.09722	3.69244e-05
0.00446262	0.00402722	0.0028667	0.00141124	3	3.11331	3.02703	3.74111	4.16501	3.27671e-05
0.00661361	0.00454632	0.00269756	0.00118633	3	3.20003	3.71085	3.64168	3.83317	5.45245e-05
0.00381245	0.00339727	0.00266672	0.00139471	3	3.71563	3.31073	3.44491	4.14186	2.07197e-05
0.0056105	0.00440812	0.00303408	0.00141463	3	3.84337	3.81848	3.67791	4.25881	3.19904e-05
0.0037001	0.0033161	0.00284001	0.00163189	3	3.18563	3.2004	3.67026	4.34351	2.94544e-05
0.00445152	0.00344399	0.00214287	0.00100909	3	2.68869	2.95256	3.24152	3.73334	5.84191e-05
0.00773568	0.00535667	0.00327557	0.00143119	3	3.72398	4.38155	4.05223	3.95709	6.97384e-05
0.00427733	0.00360619	0.00251939	0.00123528	3	3.38344	3.16189	3.30272	3.87581	0.000101013
0.00244705	0.00195577	0.00168106	0.00104657	3	2.1653	2.62208	2.76203	3.76901	0.000114451
0.00387798	0.00320731	0.00228812	0.00111712	3	3.10073	3.18505	3.28469	3.69681	9.76506e-05
0.00459465	0.00397686	0.00289458	0.00147351	3	3.17739	3.29422	3.69366	4.31908	4.35815e-05
0.00334567	0.00279949	0.00260603	0.00163584	3	2.93888	3.29311	3.48521	4.43681	3.21925e-05
0.00668197	0.00486	0.00323119	0.00145808	3	3.83209	4.34424	3.90152	4.15773	4.86407e-05
0.00432687	0.00325752	0.00256697	0.00135085	3	3.43923	3.77667	3.43044	3.91596	5.21542e-05
0.00562269	0.00395396	0.00279117	0.00137531	3	3.497	3.96724	3.58457	3.96302	7.14817e-05
0.00591227	0.0045602	0.00334242	0.00174762	3	3.36572	3.82091	3.87993	4.62451	0.000111292
0.00800823	0.00597438	0.00379007	0.00172942	3	3.56091	4.12968	4.35545	4.47966	4.2513e-05
0.0069828	0.00537217	0.00325169	0.00142719	3	3.55703	3.62232	3.93073	4.2173	4.60401e-05
0.00450496	0.00369867	0.00269705	0.00131446	3	3.47634	3.44946	3.56523	3.87488	4.29738e-05
0.00607272	0.00441292	0.00326163	0.00168299	3	3.59281	4.07373	3.78845	4.47007	9.09423e-05
0.00489883	0.00422501	0.00332895	0.00176522	3	3.87814	3.62812	3.83582	4.51622	4.43785e-05
0.00477672	0.00413613	0.00279311	0.00134759	3	3.15701	3.06669	3.71793	4.05664	2.8869e-05
0.00517265	0.0039197	0.00246261	0.0011388	3	2.6776	3.15911	3.5275	3.85589	6.08396e-05
0.00452372	0.00331958	0.00231209	0.0011289	3	2.89225	3.37	3.32484	3.79873	5.8955e-05
0.00449382	0.0038227	0.00265582	0.00131845	3	3.0806	3.01658	3.59507	3.92892	4.81237e-05
0.00249113	0.00218588	0.00197921	0.00121899	3	2.55769	2.74328	2.99419	3.84076	0.000118849
0.00352682	0.00263921	0.00162259	0.000704337	3	2.50736	2.82276	2.89792	3.0284	7.03009e-05
0.00269348	0.00230076	0.00178971	0.000969663	3	2.51372	2.64649	2.92614	3.68948	2.56965e-05
0.00312804	0.00269852	0.00251748	0.00159334	3	2.87946	3.20677	3.24278	4.39889	0.000180258
0.00460744	0.0040577	0.00267188	0.00125722	3	3.06619	2.92879	3.55413	3.91227	6.44724e-05
0.00630317	0.00439486	0.00265446	0.00117792	3	2.89276	3.69813	3.7081	3.79423	6.75376e-05
0.00299979	0.00233959	0.00210703	0.00124878	3	3.39116	3.32353	2.98814	3.73425	5.47801e-05
0.00342491	0.00313949	0.00230671	0.00117224	3	3.29233	2.83072	3.30109	3.81454	2.43539e-05
0.00426901	0.00339298	0.0024942	0.00126734	3	3.23537	3.43246	3.44487	3.93082	6.63668e-05
0.00375752	0.00301722	0.00207896	0.00105447	3	2.73623	2.83345	3.15685	3.60092	0.000125616
0.00515318	0.00421567	0.00323063	0.00165663	3	3.61873	3.52495	3.80756	4.33865	4.08314e-05
0.00531662	0.0041493	0.00296601	0.00150889	3	3.10406	3.449	3.68682	4.3361	7.04512e-05
0.00889104	0.00677387	0.00420704	0.00189263	3	3.54281	3.97334	4.57614	4.49124	4.68453e-05
0.00623456	0.00519838	0.00375491	0.00192709	3	3.26973	3.69052	4.12287	4.82431	0.00015869
0.00407805	0.00342412	0.00242955	0.0011986	3	3.05963	2.96209	3.3732	3.83435	4.4353e-05
0.0032895	0.00303521	0.00252661	0.00145987	3	3.16144	2.83086	3.3068	4.22959	5.95953e-05
0.00580644	0.0042235	0.00358035	0.00215552	3	3.14732	3.93775	3.91222	4.9799	0.000114487
0.00206862	0.00205934	0.00217297	0.00151117	3	2.90608	2.5237	2.86421	4.38846	6.4073e-05
0.00351615	0.00300837	0.00240357	0.0013536	3	3.06327	3.10363	3.32073	4.03562	7.5807e-05
0.00357098	0.00313664	0.00256965	0.00143396	3	3.08473	2.97599	3.33195	4.2071	0.000111004
0.00543051	0.00430091	0.00333672	0.00173976	3	3.44639	3.89759	3.92735	4.43711	6.39723e-05
0.00701381	0.00499624	0.00299352	0.00133489	3	3.41583	3.7267	3.8404	3.98519	3.99385e-05
0.00430344	0.00374512	0.00243527	0.00111513	3	2.91263	2.95366	3.53881	3.76857	4.63161e-05
0.00409652	0.0036846	0.00265853	0.00136581	3	2.97475	2.86925	3.57483	4.1683	3.83606e-05
0.00793295	0.00615299	0.00365826	0.00158125	3	3.58575	3.88927	4.2628	4.47133	3.5213e-05
0.00486812	0.00431368	0.00295301	0.0014718	3	3.06931	2.85399	3.67091	4.44009	3.05657e-05
0.00374158	0.00326146	0.00253594	0.00129113	3	3.50805	3.11613	3.4081	3.77196	4.35608e-05
0.00297605	0.00235925	0.00169051	0.000872321	3	2.64667	2.64196	2.8671	3.43266	2.09062e-05
0.00435811	0.00382616	0.00297115	0.00154419	3	3.59523	3.30126	3.70574	4.22357	2.20489e-05
0.00762782	0.00593411	0.00384744	0.00174315	3	3.41149	3.83743	4.44553	4.3835	3.51627e-05
0.00413137	0.00345483	0.0027523	0.00150881	3	3.30444	3.22113	3.44989	4.36936	5.17377e-05
0.00588259	0.00400437	0.00260089	0.00115982	3	3.59957	3.91668	3.58182	3.47504	4.21246e-05
0.00669035	0.00479215	0.0027286	0.00113184	3	3.34414	3.81309	3.81652	3.69962	3.73732e-05
0.00482204	0.00404177	0.0027868	0.00137218	3	3.27782	3.22948	3.64618	4.09737	2.9318e-05
0.00386718	0.00307931	0.00199266	0.000951781	3	2.75468	2.87596	3.10068	3.66277	5.21493e-05
0.00932354	0.00639209	0.00362238	0.0015149	3	3.88927	4.3974	4.21944	4.10096	4.31731e-05
0.00596161	0.00463287	0.00277317	0.00120657	3	3.19114	3.36219	3.79847	3.79367	3.53476e-05
0.00354611	0.00277926	0.00195884	0.000989311	3	2.70111	2.89388	3.18162	3.41413	4.69841e-05
0.00267049	0.00247733	0.00190416	0.00101246	3	2.75719	2.52378	2.93951	3.59507	4.52852e-05
0.00614942	0.00466377	0.00311405	0.00141484	3	3.89796	4.04331	3.85966	4.00655	3.74635e-05
0.00737725	0.00584045	0.00408535	0.00199796	3	3.94735	4.17974	4.29455	4.70407	6.98641e-05
0.00723113	0.00522723	0.00325642	0.00149777	3	3.36261	3.78403	4.03424	4.32232	2.41758e-05
0.00522028	0.00384626	0.00289221	0.00150467	3	3.41033	3.86072	3.63136	4.07488	7.94918e-05
0.00663523	0.00549466	0.00433989	0.00224358	3	4.18142	4.19913	4.38203	4.76508	5.85677e-05
0.00392864	0.00350217	0.00272707	0.00145313	3	3.25948	3.13828	3.6186	4.15106	3.27235e-05
0.00676998	0.00571005	0.00403029	0.00195465	3	4.01873	3.90993	4.24569	4.77565	3.77585e-05
0.00667252	0.00468832	0.00261101	0.0010628	3	3.08595	3.51095	3.75171	3.54191	3.00199e-05
0.00296502	0.0026058	0.00186819	0.000949892	3	2.57656	2.51276	3.00159	3.58422	4.12863e-05
0.00459792	0.00342012	0.00267315	0.00148589	3	2.99513	3.68332	3.33022	4.38676	0.000293085
0.00288638	0.00271355	0.00207411	0.00107984	3	3.02027	2.57231	3.1321	3.67527	2.46993e-05
0.00342698	0.00299158	0.00235374	0.00123264	3	3.32194	3.02914	3.24092	3.75804	5.51884e-05
0.00580697	0.00465423	0.00269352	0.00114461	3	3.03264	3.34958	3.71858	3.88536	7.70829e-05
0.00753504	0.00568291	0.00317908	0.00132116	3	3.3943	3.68858	4.11089	3.95689	2.78193e-05
0.00629582	0.00465733	0.00321722	0.00163103	3	3.34649	3.73322	3.93415	4.31805	3.29985e-05
0.00464552	0.00390375	0.00283264	0.00141308	3	3.21915	3.35641	3.58446	4.27872	7.12926e-05
0.00325719	0.00289997	0.00244	0.00137571	3	3.00574	2.85713	3.30939	4.06919	5.77457e-05
0.00605557	0.00461589	0.00305009	0.00139949	3	3.5204	3.857	3.84089	3.94152	7.73966e-05
0.00575618	0.00507194	0.00393938	0.0021705	3	3.42088	3.32283	4.17471	4.97915	4.30127e-05
0.00774699	0.0052208	0.00271158	0.00105765	3	3.50477	3.86678	3.79313	3.44864	4.35614e-05
0.00403595	0.00301524	0.00229584	0.00118829	3	3.1293	3.46339	3.19409	3.78515	0.000100268
0.00318684	0.00257117	0.00210334	0.00116773	3	3.0187	3.18278	3.02596	3.85606	9.57754e-05
0.00419031	0.00296607	0.00246783	0.00141809	3	3.24956	3.7295	3.25482	3.88039	0.000185665
0.00203843	0.00178704	0.00175485	0.00116784	3	2.46583	2.67705	2.73448	3.86084	0.000154032
0.00587865	0.0044229	0.00296356	0.00140471	3	3.4161	3.87548	3.80799	3.9819	0.000102283
0.00775745	0.00533635	0.00346719	0.0016538	3	3.64965	4.13247	4.00651	4.26463	5.6e-05
0.00525693	0.00426938	0.00324573	0.00169471	3	3.62726	3.65207	3.77767	4.50396	5.35761e-05
0.00384409	0.00300585	0.00203815	0.00102329	3	2.65773	2.80693	3.22373	3.57775	2.84287e-05
0.00343658	0.00298755	0.00233591	0.00129802	3	2.83146	2.81284	3.29937	4.09151	2.70131e-05
0.00553078	0.00379102	0.00227582	0.000990574	3	2.99259	3.55289	3.4263	3.47538	3.79214e-05
0.00467147	0.00350941	0.00235338	0.00118773	3	2.73647	3.2002	3.44189	3.91234	4.92159e-05
0.0041002	0.00354567	0.00242619	0.00120112	3	2.94946	2.92028	3.36508	4.03194	6.17072e-05
0.00541963	0.00396684	0.00299314	0.00160261	3	3.27866	3.87934	3.84386	4.14502	4.60975e-05
0.00327028	0.00264098	0.00179734	0.000825319	3	2.82025	2.88818	3.03083	3.28284	3.11934e-05
0.00412376	0.00347713	0.00276844	0.00154267	3	3.16132	3.121	3.53596	4.24198	4.88629e-05
0.00478201	0.00295295	0.00199064	0.000988738	3	2.74363	3.60416	3.2791	3.26931	4.02885e-05
0.0026206	0.00207379	0.0015369	0.000841951	3	2.33864	2.67608	2.71184	3.52689	7.7778e-05
0.00628583	0.00451571	0.00297506	0.00142165	3	3.2774	3.82879	3.80921	4.02377	8.03014e-05
0.00718854	0.00503006	0.00303381	0.0013566	3	3.43895	3.85706	3.88839	3.889	4.85018e-05
0.00452784	0.00344679	0.00237936	0.00120286	3	2.98449	3.11936	3.42195	3.75784	3.15848e-05
0.00689428	0.00595194	0.0044047	0.00230538	3	3.6771	3.76364	4.33793	5.35266	7.86455e-05
0.00564881	0.00412537	0.0027185	0.00129746	3	3.19999	3.49554	3.66036	3.78348	7.60323e-05
0.00487513	0.00405197	0.00282727	0.00140981	3	3.06218	3.13196	3.65646	4.14253	4.49301e-05
0.00410333	0.00340589	0.00252201	0.00134667	3	2.76085	3.04595	3.48888	4.03403	9.82457e-05
0.00505409	0.00409094	0.00294126	0.001474	3	3.52576	3.36983	3.6792	4.16142	3.66593e-05
0.00699596	0.00510927	0.00334149	0.00152658	3	3.93867	4.17596	3.97472	4.14562	3.98332e-05
0.00377659	0.00333286	0.00269762	0.00152592	3	2.95601	2.98411	3.40433	4.33396	0.000201801
0.00321325	0.0028595	0.00227523	0.00128239	3	2.74777	2.66536	3.17433	4.01981	9.29987e-05
0.00296595	0.00244377	0.00207295	0.00119947	3	2.86513	3.00361	3.04738	3.88	7.67141e-05
0.00761921	0.00585572	0.00378026	0.00179745	3	3.58842	3.71504	4.37201	4.36721	1.91543e-05
0.00500692	0.00418628	0.00280764	0.00135724	3	3.04189	3.22993	3.62939	4.25499	6.29477e-05
0.00414662	0.00327435	0.00262275	0.00145715	3	2.88239	3.21543	3.38063	4.34397	8.52774e-05
0.00433199	0.00361632	0.00308412	0.00182123	3	3.13679	3.44296	3.60516	4.61021	0.000276462
0.00536827	0.00435715	0.00300982	0.00152397	3	3.12242	3.43254	3.85314	4.33098	4.027e-05
0.0065044	0.00533155	0.00364723	0.00177407	3	3.70471	3.62627	3.96303	4.54725	0.000116221
0.00678756	0.00487459	0.00282536	0.00119422	3	3.40812	3.68065	3.72848	3.72443	5.97073e-05
0.00379614	0.00331088	0.00225684	0.00108999	3	2.9043	2.80981	3.31318	3.68517	5.07609e-05
0.00965714	0.00529555	0.00327163	0.00147981	3	3.49914	5.11891	4.0426	3.96617	9.63408e-05
0.00497039	0.00397741	0.00308464	0.0016724	3	2.81478	3.28565	3.74553	4.46316	0.000126297
0.00468119	0.00333731	0.0019896	0.000880744	3	2.70113	3.06113	3.23593	3.41485	2.78498e-05

