  0.2307E-02  0.2052E-02  0.1504E-02  0.7683E-03  0.2000E+01  0.1921E+01  0.2495E+01  0.2944E+01  0.3408E+01  0.2633E-06
  0.7421E-03  0.4384E-03  0.2000E+01  0.3322E+01  0.4448E+01  0.1650E-18
  0.1188E-02  0.3223E-03  0.2000E+01  0.3369E+01  0.3356E+01  0.2137E-03
  0.7421E-03  0.4384E-03  0.2000E+01  0.3322E+01  0.4448E+01  0.6845E-18
  0.7421E-03  0.4384E-03  0.2000E+01  0.3322E+01  0.4448E+01  0.4688E-18
  0.9397E-03  0.3999E-03  0.2000E+01  0.3326E+01  0.3348E+01  0.4029E-04
  0.9397E-03  0.3999E-03  0.2000E+01  0.3326E+01  0.3348E+01  0.4029E-04
  0.1594E-02  0.3062E-02  0.2673E-02  0.6154E-03  0.2000E+01  0.3085E+01  0.3919E+01  0.6052E-04
  0.1594E-02  0.3062E-02  0.2673E-02  0.6154E-03  0.2000E+01  0.3085E+01  0.3919E+01  0.6052E-04
  0.1594E-02  0.3062E-02  0.2673E-02  0.6154E-03  0.2000E+01  0.3085E+01  0.3919E+01  0.6052E-04
  0.3437E-03  0.2000E+01  0.2618E+01  0.1488E-04
  0.3437E-03  0.2000E+01  0.2618E+01  0.1488E-04
  0.8411E-02  0.5925E-03  0.9122E-04  0.2000E+01  0.1450E+01  0.1254E+01  0.1204E+01  0.7412E-04
  0.8411E-02  0.5925E-03  0.9122E-04  0.2000E+01  0.1450E+01  0.1254E+01  0.1204E+01  0.7412E-04
  0.8411E-02  0.5925E-03  0.9122E-04  0.2000E+01  0.1450E+01  0.1254E+01  0.1204E+01  0.7412E-04
  0.8411E-02  0.5925E-03  0.9122E-04  0.2000E+01  0.1450E+01  0.1254E+01  0.1204E+01  0.7412E-04
  0.2565E-02  0.2025E-02  0.1109E-02  0.2000E+01  0.1787E+01  0.2126E+01  0.2534E+01  0.6563E-04
  0.1535E-02  0.2000E+01  0.2364E+01  0.3433E-03
  0.2406E-02  0.1748E-03  0.2000E+01  0.2049E+01  0.1781E+01  0.5752E-03
  0.6399E-02  0.5943E-03  0.8571E-04  0.2000E+01  0.1420E+01  0.1259E+01  0.1210E+01  0.2869E-02
  0.5806E-03  0.1350E-02  0.1773E-02  0.2045E-02  0.2213E-02  0.2300E-02  0.2330E-02  0.2332E-02  0.1048E-02  0.5541E-03  0.3402E-03  0.2642E-03  0.2044E-03  0.1323E-03  0.6810E-04  0.1911E-04  0.2000E+01  0.1917E+01  0.2602E+01  0.2983E+01  0.2821E+01  0.2352E+01  0.1845E+01  0.2074E+01  0.3777E+01  0.1106E-04
  0.7209E-03  0.1537E-02  0.1961E-02  0.2219E-02  0.2348E-02  0.2381E-02  0.2348E-02  0.2274E-02  0.2179E-02  0.2083E-02  0.2020E-02  0.1247E-02  0.5357E-03  0.3423E-03  0.2639E-03  0.2683E-03  0.2677E-03  0.2846E-03  0.2574E-03  0.1935E-03  0.1094E-03  0.3745E-04  0.2000E+01  0.1993E+01  0.2113E+01  0.2328E+01  0.2529E+01  0.2777E+01  0.2824E+01  0.2566E+01  0.1869E+01  0.1622E+01  0.2187E+01  0.3557E+01  0.1723E-04
  0.1764E-02  0.7336E-03  0.2000E+01  0.2416E+01  0.2900E+01  0.2948E-04
  0.2352E-02  0.9781E-03  0.2000E+01  0.2416E+01  0.2900E+01  0.3931E-04
  0.2352E-02  0.9781E-03  0.2000E+01  0.2416E+01  0.2900E+01  0.3931E-04
  0.2352E-02  0.9781E-03  0.2000E+01  0.2416E+01  0.2900E+01  0.3931E-04
  0.2352E-02  0.9781E-03  0.2000E+01  0.2416E+01  0.2900E+01  0.3931E-04
  0.2352E-02  0.9781E-03  0.2000E+01  0.2416E+01  0.2900E+01  0.3931E-04
  0.2352E-02  0.9781E-03  0.2000E+01  0.2416E+01  0.2900E+01  0.3931E-04
  0.2352E-02  0.9781E-03  0.2000E+01  0.2416E+01  0.2900E+01  0.3931E-04
  0.2352E-02  0.9781E-03  0.2000E+01  0.2416E+01  0.2900E+01  0.3931E-04
  0.2352E-02  0.9781E-03  0.2000E+01  0.2416E+01  0.2900E+01  0.3931E-04
  0.2352E-02  0.9781E-03  0.2000E+01  0.2416E+01  0.2900E+01  0.3931E-04
  0.2565E-02  0.2025E-02  0.1109E-02  0.2000E+01  0.1787E+01  0.2126E+01  0.2534E+01  0.6563E-04
  0.2565E-02  0.2025E-02  0.1109E-02  0.2000E+01  0.1787E+01  0.2126E+01  0.2534E+01  0.6563E-04
  0.6435E-03  0.2000E+01  0.4717E+01  0.1756E-04
  0.1128E-02  0.4799E-03  0.2000E+01  0.3326E+01  0.3348E+01  0.4834E-04
  0.2674E-03  0.2000E+01  0.2618E+01  0.1157E-04
  0.1203E-03  0.2000E+01  0.2618E+01  0.5208E-05
  0.8768E-03  0.1819E-02  0.2268E-02  0.2499E-02  0.2582E-02  0.1500E-02  0.5966E-03  0.3913E-03  0.2069E-03  0.5903E-04  0.2000E+01  0.2077E+01  0.1983E+01  0.2580E+01  0.2527E+01  0.4183E+01  0.3990E-04
  0.8768E-03  0.1819E-02  0.2268E-02  0.2499E-02  0.2582E-02  0.1500E-02  0.5966E-03  0.3913E-03  0.2069E-03  0.5903E-04  0.2000E+01  0.2077E+01  0.1983E+01  0.2580E+01  0.2527E+01  0.4183E+01  0.3990E-04
  0.8768E-03  0.1819E-02  0.2268E-02  0.2499E-02  0.2582E-02  0.1500E-02  0.5966E-03  0.3913E-03  0.2069E-03  0.5903E-04  0.2000E+01  0.2077E+01  0.1983E+01  0.2580E+01  0.2527E+01  0.4183E+01  0.3990E-04
  0.2205E-02  0.9170E-03  0.2000E+01  0.2416E+01  0.2900E+01  0.3685E-04
  0.5594E-03  0.1219E-02  0.1599E-02  0.1839E-02  0.1969E-02  0.2021E-02  0.2032E-02  0.9751E-03  0.4691E-03  0.3455E-03  0.2550E-03  0.1592E-03  0.8706E-04  0.2476E-04  0.2000E+01  0.1779E+01  0.1844E+01  0.2036E+01  0.1930E+01  0.1734E+01  0.2091E+01  0.3374E+01  0.3850E-05
  0.2963E-02  0.2169E-03  0.2000E+01  0.2113E+01  0.1790E+01  0.7006E-03
  0.2963E-02  0.2169E-03  0.2000E+01  0.2113E+01  0.1790E+01  0.7006E-03
  0.1150E-01  0.1299E-02  0.8222E-03  0.1306E-03  0.6109E-04  0.2000E+01  0.1336E+01  0.9641E+00  0.9484E+00  0.9158E+00  0.9423E+00  0.2580E-03
  0.2138E-02  0.1688E-02  0.9245E-03  0.2000E+01  0.1787E+01  0.2126E+01  0.2534E+01  0.5470E-04
  0.7593E-03  0.1608E-02  0.2039E-02  0.2286E-02  0.2389E-02  0.1311E-02  0.5810E-03  0.3955E-03  0.2088E-03  0.5799E-04  0.2000E+01  0.1957E+01  0.1790E+01  0.2384E+01  0.2388E+01  0.3932E+01  0.2277E-04
  0.6624E-03  0.1432E-02  0.1822E-02  0.2010E-02  0.2067E-02  0.1154E-02  0.5360E-03  0.3577E-03  0.1940E-03  0.5470E-04  0.2000E+01  0.1763E+01  0.2024E+01  0.2066E+01  0.1975E+01  0.3431E+01  0.2730E-05
  0.1442E-02  0.1282E-02  0.9399E-03  0.4802E-03  0.2000E+01  0.1921E+01  0.2495E+01  0.2944E+01  0.3408E+01  0.1646E-06
  0.4146E-03  0.2000E+01  0.3069E+01  0.3294E-18
  0.8554E-03  0.5181E-03  0.2000E+01  0.3555E+01  0.5205E+01  0.2669E-18
  0.7421E-03  0.4384E-03  0.2000E+01  0.3322E+01  0.4448E+01  0.2047E-18
  0.7421E-03  0.4384E-03  0.2000E+01  0.3322E+01  0.4448E+01  0.2727E-18
  0.8581E-03  0.5432E-03  0.2000E+01  0.3486E+01  0.5102E+01  0.1021E-17
  0.4297E-03  0.2000E+01  0.2618E+01  0.1860E-04
  0.7421E-03  0.4384E-03  0.2000E+01  0.3322E+01  0.4448E+01  0.1993E-18
  0.1001E-02  0.2004E-02  0.2455E-02  0.2647E-02  0.1692E-02  0.6865E-03  0.3693E-03  0.1100E-03  0.2000E+01  0.2120E+01  0.2956E+01  0.2838E+01  0.4450E+01  0.5714E-04
  0.1001E-02  0.2004E-02  0.2455E-02  0.2647E-02  0.1692E-02  0.6865E-03  0.3693E-03  0.1100E-03  0.2000E+01  0.2120E+01  0.2956E+01  0.2838E+01  0.4450E+01  0.5714E-04
  0.4010E-03  0.2000E+01  0.2618E+01  0.1736E-04
  0.1001E-02  0.2004E-02  0.2455E-02  0.2647E-02  0.1692E-02  0.6865E-03  0.3693E-03  0.1100E-03  0.2000E+01  0.2120E+01  0.2956E+01  0.2838E+01  0.4450E+01  0.5714E-04
  0.1001E-02  0.2004E-02  0.2455E-02  0.2647E-02  0.1692E-02  0.6865E-03  0.3693E-03  0.1100E-03  0.2000E+01  0.2120E+01  0.2956E+01  0.2838E+01  0.4450E+01  0.5714E-04
  0.7052E-02  0.1160E-02  0.2282E-03  0.6456E-04  0.2000E+01  0.1248E+01  0.1403E+01  0.1082E+01  0.1129E+01  0.2596E-02
  0.9244E-03  0.1867E-02  0.2277E-02  0.2437E-02  0.1569E-02  0.6237E-03  0.3340E-03  0.9827E-04  0.2000E+01  0.2101E+01  0.2443E+01  0.2467E+01  0.3786E+01  0.3226E-04
  0.4949E-02  0.5920E-03  0.8067E-04  0.2000E+01  0.1394E+01  0.1258E+01  0.1218E+01  0.1745E-02
  0.4949E-02  0.5920E-03  0.8067E-04  0.2000E+01  0.1394E+01  0.1258E+01  0.1218E+01  0.1745E-02
  0.4949E-02  0.5920E-03  0.8067E-04  0.2000E+01  0.1394E+01  0.1258E+01  0.1218E+01  0.1745E-02
  0.4949E-02  0.5920E-03  0.8067E-04  0.2000E+01  0.1394E+01  0.1258E+01  0.1218E+01  0.1745E-02
  0.2205E-02  0.9170E-03  0.2000E+01  0.2416E+01  0.2900E+01  0.3685E-04
  0.7052E-02  0.1160E-02  0.2282E-03  0.6456E-04  0.2000E+01  0.1248E+01  0.1403E+01  0.1082E+01  0.1129E+01  0.2596E-02
  0.7052E-02  0.1160E-02  0.2282E-03  0.6456E-04  0.2000E+01  0.1248E+01  0.1403E+01  0.1082E+01  0.1129E+01  0.2596E-02
  0.7052E-02  0.1160E-02  0.2282E-03  0.6456E-04  0.2000E+01  0.1248E+01  0.1403E+01  0.1082E+01  0.1129E+01  0.2596E-02
  0.7052E-02  0.1160E-02  0.2282E-03  0.6456E-04  0.2000E+01  0.1248E+01  0.1403E+01  0.1082E+01  0.1129E+01  0.2596E-02
  0.4949E-02  0.5920E-03  0.8067E-04  0.2000E+01  0.1394E+01  0.1258E+01  0.1218E+01  0.1745E-02
  0.4949E-02  0.5920E-03  0.8067E-04  0.2000E+01  0.1394E+01  0.1258E+01  0.1218E+01  0.1745E-02
  0.8301E-03  0.1738E-02  0.2153E-02  0.2339E-02  0.1430E-02  0.6190E-03  0.3478E-03  0.1030E-03  0.2000E+01  0.1955E+01  0.2150E+01  0.2429E+01  0.3734E+01  0.2386E-04
  0.1176E-02  0.4891E-03  0.2000E+01  0.2416E+01  0.2900E+01  0.1965E-04
  0.1596E-02  0.1371E-02  0.9373E-03  0.4804E-03  0.2000E+01  0.1821E+01  0.1747E+01  0.1873E+01  0.2173E+01  0.8569E-05
  0.1764E-02  0.7336E-03  0.2000E+01  0.2416E+01  0.2900E+01  0.2948E-04
  0.9168E-03  0.2000E+01  0.2568E+01  0.5328E-04
  0.1506E-02  0.1011E-02  0.6406E-03  0.3248E-03  0.2000E+01  0.3680E+01  0.3286E+01  0.3732E+01  0.4224E+01  0.3170E-03
  0.9168E-03  0.2000E+01  0.2568E+01  0.5328E-04
  0.2004E-02  0.1582E-02  0.8668E-03  0.2000E+01  0.1787E+01  0.2126E+01  0.2534E+01  0.5128E-04
  0.2205E-02  0.9170E-03  0.2000E+01  0.2416E+01  0.2900E+01  0.3685E-04
  0.2138E-02  0.1688E-02  0.9245E-03  0.2000E+01  0.1787E+01  0.2126E+01  0.2534E+01  0.5470E-04
  0.2406E-02  0.1748E-03  0.2000E+01  0.2049E+01  0.1781E+01  0.5752E-03
  0.4949E-02  0.5920E-03  0.8067E-04  0.2000E+01  0.1394E+01  0.1258E+01  0.1218E+01  0.1745E-02
  0.1274E-02  0.2000E+01  0.2218E+01  0.2589E-03
  0.1274E-02  0.2000E+01  0.2218E+01  0.2589E-03
  0.7052E-02  0.1160E-02  0.2282E-03  0.6456E-04  0.2000E+01  0.1248E+01  0.1403E+01  0.1082E+01  0.1129E+01  0.2596E-02
  0.9244E-03  0.1867E-02  0.2277E-02  0.2437E-02  0.1569E-02  0.6237E-03  0.3340E-03  0.9827E-04  0.2000E+01  0.2101E+01  0.2443E+01  0.2467E+01  0.3786E+01  0.3226E-04
  0.4949E-02  0.5920E-03  0.8067E-04  0.2000E+01  0.1394E+01  0.1258E+01  0.1218E+01  0.1745E-02
  0.4949E-02  0.5920E-03  0.8067E-04  0.2000E+01  0.1394E+01  0.1258E+01  0.1218E+01  0.1745E-02
  0.7052E-02  0.1160E-02  0.2282E-03  0.6456E-04  0.2000E+01  0.1248E+01  0.1403E+01  0.1082E+01  0.1129E+01  0.2596E-02
  0.4949E-02  0.5920E-03  0.8067E-04  0.2000E+01  0.1394E+01  0.1258E+01  0.1218E+01  0.1745E-02
  0.4949E-02  0.5920E-03  0.8067E-04  0.2000E+01  0.1394E+01  0.1258E+01  0.1218E+01  0.1745E-02
  0.1282E-01  0.1284E-02  0.7798E-03  0.1142E-03  0.5361E-04  0.2000E+01  0.1353E+01  0.1011E+01  0.9123E+00  0.9130E+00  0.9504E+00  0.3699E-02
  0.1870E-01  0.1295E-02  0.9781E-03  0.3927E-03  0.7974E-04  0.4455E-04  0.2000E+01  0.1509E+01  0.1179E+01  0.8307E+00  0.7957E+00  0.7141E+00  0.8601E+00  0.9064E-02
  0.9244E-03  0.1867E-02  0.2277E-02  0.2437E-02  0.1569E-02  0.6237E-03  0.3340E-03  0.9827E-04  0.2000E+01  0.2101E+01  0.2443E+01  0.2467E+01  0.3786E+01  0.3226E-04
  0.9168E-03  0.2000E+01  0.2568E+01  0.5328E-04
  0.2263E-02  0.1610E-03  0.2000E+01  0.2066E+01  0.1779E+01  0.5404E-03
  0.1434E-02  0.2000E+01  0.2337E+01  0.3066E-03
  0.7593E-03  0.1733E-02  0.2208E-02  0.2466E-02  0.2592E-02  0.2633E-02  0.2634E-02  0.1363E-02  0.6687E-03  0.4230E-03  0.3530E-03  0.2480E-03  0.1264E-03  0.3286E-04  0.2000E+01  0.2080E+01  0.2419E+01  0.2479E+01  0.2446E+01  0.2099E+01  0.1967E+01  0.3970E+01  0.4403E-05
  0.1207E-02  0.3265E-03  0.2000E+01  0.3154E+01  0.3400E+01  0.2290E-03
  0.1434E-02  0.2000E+01  0.2337E+01  0.3066E-03
  0.3760E-03  0.2000E+01  0.2618E+01  0.1627E-04
  0.9168E-03  0.2000E+01  0.2568E+01  0.5328E-04
  0.9168E-03  0.2000E+01  0.2568E+01  0.5328E-04
  0.4949E-02  0.5920E-03  0.8067E-04  0.2000E+01  0.1394E+01  0.1258E+01  0.1218E+01  0.1745E-02
  0.4949E-02  0.5920E-03  0.8067E-04  0.2000E+01  0.1394E+01  0.1258E+01  0.1218E+01  0.1745E-02
  0.1995E-02  0.1714E-02  0.1172E-02  0.6005E-03  0.2000E+01  0.1821E+01  0.1747E+01  0.1873E+01  0.2173E+01  0.1071E-04
  0.2263E-02  0.1610E-03  0.2000E+01  0.2066E+01  0.1779E+01  0.5404E-03
  0.2004E-02  0.1582E-02  0.8668E-03  0.2000E+01  0.1787E+01  0.2126E+01  0.2534E+01  0.5128E-04
  0.2004E-02  0.1582E-02  0.8668E-03  0.2000E+01  0.1787E+01  0.2126E+01  0.2534E+01  0.5128E-04
  0.2263E-02  0.1610E-03  0.2000E+01  0.2066E+01  0.1779E+01  0.5404E-03
  0.1434E-02  0.2000E+01  0.2337E+01  0.3066E-03
  0.4576E-03  0.2000E+01  0.3153E+01  0.7801E-18
  0.2241E-02  0.1570E-02  0.7271E-03  0.2000E+01  0.2330E+01  0.3057E+01  0.3624E+01  0.1024E-03
  0.2241E-02  0.1570E-02  0.7271E-03  0.2000E+01  0.2330E+01  0.3057E+01  0.3624E+01  0.1024E-03
  0.5565E-03  0.2000E+01  0.2505E+01  0.6078E-04
  0.5565E-03  0.2000E+01  0.2505E+01  0.6078E-04
  0.5565E-03  0.2000E+01  0.2505E+01  0.6078E-04
  0.5565E-03  0.2000E+01  0.2505E+01  0.6078E-04
  0.5565E-03  0.2000E+01  0.2505E+01  0.6078E-04
  0.2049E-02  0.1435E-02  0.6647E-03  0.2000E+01  0.2330E+01  0.3057E+01  0.3624E+01  0.9361E-04
  0.2263E-02  0.1610E-03  0.2000E+01  0.2066E+01  0.1779E+01  0.5404E-03
  0.2049E-02  0.1435E-02  0.6647E-03  0.2000E+01  0.2330E+01  0.3057E+01  0.3624E+01  0.9361E-04
  0.2241E-02  0.1570E-02  0.7271E-03  0.2000E+01  0.2330E+01  0.3057E+01  0.3624E+01  0.1024E-03
  0.1506E-02  0.1011E-02  0.6406E-03  0.3248E-03  0.2000E+01  0.3680E+01  0.3286E+01  0.3732E+01  0.4224E+01  0.3170E-03
  0.2016E-02  0.8384E-03  0.2000E+01  0.2416E+01  0.2900E+01  0.3369E-04
  0.4949E-02  0.5920E-03  0.8067E-04  0.2000E+01  0.1394E+01  0.1258E+01  0.1218E+01  0.1745E-02
  0.2077E-02  0.1432E-03  0.2000E+01  0.2059E+01  0.1779E+01  0.4921E-03
  0.9168E-03  0.2000E+01  0.2568E+01  0.5328E-04
  0.5867E-03  0.2000E+01  0.2568E+01  0.3410E-04
  0.2205E-02  0.9170E-03  0.2000E+01  0.2416E+01  0.2900E+01  0.3685E-04
  0.9168E-03  0.2000E+01  0.2568E+01  0.5328E-04
  0.2016E-02  0.8384E-03  0.2000E+01  0.2416E+01  0.2900E+01  0.3369E-04
  0.1494E-02  0.1028E-02  0.6574E-03  0.3329E-03  0.2000E+01  0.3468E+01  0.3237E+01  0.3602E+01  0.4273E+01  0.3048E-03
  0.5811E-02  0.1143E-02  0.2099E-03  0.5940E-04  0.2000E+01  0.1319E+01  0.1432E+01  0.1073E+01  0.1141E+01  0.1813E-02
  0.1563E-02  0.3018E-02  0.2623E-02  0.6260E-03  0.2000E+01  0.3094E+01  0.3957E+01  0.1951E-04
  0.1563E-02  0.3018E-02  0.2623E-02  0.6260E-03  0.2000E+01  0.3094E+01  0.3957E+01  0.1951E-04
  0.1563E-02  0.3018E-02  0.2623E-02  0.6260E-03  0.2000E+01  0.3094E+01  0.3957E+01  0.1951E-04
  0.1563E-02  0.3018E-02  0.2623E-02  0.6260E-03  0.2000E+01  0.3094E+01  0.3957E+01  0.1951E-04
  0.1563E-02  0.3018E-02  0.2623E-02  0.6260E-03  0.2000E+01  0.3094E+01  0.3957E+01  0.1951E-04
  0.1563E-02  0.3018E-02  0.2623E-02  0.6260E-03  0.2000E+01  0.3094E+01  0.3957E+01  0.1951E-04
  0.1563E-02  0.3018E-02  0.2623E-02  0.6260E-03  0.2000E+01  0.3094E+01  0.3957E+01  0.1951E-04
  0.1563E-02  0.3018E-02  0.2623E-02  0.6260E-03  0.2000E+01  0.3094E+01  0.3957E+01  0.1951E-04
  0.1563E-02  0.3018E-02  0.2623E-02  0.6260E-03  0.2000E+01  0.3094E+01  0.3957E+01  0.1951E-04
  0.1563E-02  0.3018E-02  0.2623E-02  0.6260E-03  0.2000E+01  0.3094E+01  0.3957E+01  0.1951E-04
  0.1563E-02  0.3018E-02  0.2623E-02  0.6260E-03  0.2000E+01  0.3094E+01  0.3957E+01  0.1951E-04
  0.1563E-02  0.3018E-02  0.2623E-02  0.6260E-03  0.2000E+01  0.3094E+01  0.3957E+01  0.1951E-04
  0.1563E-02  0.3018E-02  0.2623E-02  0.6260E-03  0.2000E+01  0.3094E+01  0.3957E+01  0.1951E-04
  0.1039E-02  0.8300E-03  0.4625E-03  0.2000E+01  0.3161E+01  0.4584E+01  0.5797E+01  0.1596E-17
  0.4340E-03  0.2000E+01  0.3087E+01  0.1523E-17
  0.4340E-03  0.2000E+01  0.3087E+01  0.8851E-18
  0.4340E-03  0.2000E+01  0.3087E+01  0.7178E-19
  0.4340E-03  0.2000E+01  0.3087E+01  0.8665E-18
  0.4340E-03  0.2000E+01  0.3087E+01  0.8385E-18
  0.4340E-03  0.2000E+01  0.3087E+01  0.1226E-17
  0.4340E-03  0.2000E+01  0.3087E+01  0.1015E-17
  0.4340E-03  0.2000E+01  0.3087E+01  0.1269E-17
  0.4340E-03  0.2000E+01  0.3087E+01  0.6258E-18
  0.4340E-03  0.2000E+01  0.3087E+01  0.1882E-18
  0.4340E-03  0.2000E+01  0.3087E+01  0.5658E-18
  0.4340E-03  0.2000E+01  0.3087E+01  0.8063E-18
  0.4340E-03  0.2000E+01  0.3087E+01  0.6902E-18
  0.4340E-03  0.2000E+01  0.3087E+01  0.5170E-18
  0.4340E-03  0.2000E+01  0.3087E+01  0.1529E-17
  0.4340E-03  0.2000E+01  0.3087E+01  0.3670E-18
  0.4340E-03  0.2000E+01  0.3087E+01  0.8688E-18
  0.4340E-03  0.2000E+01  0.3087E+01  0.5522E-18
  0.4340E-03  0.2000E+01  0.3087E+01  0.7859E-19
  0.4340E-03  0.2000E+01  0.3087E+01  0.7913E-18
  0.4340E-03  0.2000E+01  0.3087E+01  0.5255E-18
  0.4340E-03  0.2000E+01  0.3087E+01  0.4803E-18
  0.4340E-03  0.2000E+01  0.3087E+01  0.5387E-18
  0.4340E-03  0.2000E+01  0.3087E+01  0.6742E-18
  0.4340E-03  0.2000E+01  0.3087E+01  0.1809E-18
  0.4340E-03  0.2000E+01  0.3087E+01  0.1105E-18
  0.4340E-03  0.2000E+01  0.3087E+01  0.1005E-17
  0.4340E-03  0.2000E+01  0.3087E+01  0.3732E-18
  0.4340E-03  0.2000E+01  0.3087E+01  0.5603E-18
  0.4340E-03  0.2000E+01  0.3087E+01  0.2172E-18
  0.4340E-03  0.2000E+01  0.3087E+01  0.6482E-18
  0.4340E-03  0.2000E+01  0.3087E+01  0.4878E-18
  0.4340E-03  0.2000E+01  0.3087E+01  0.1265E-17
  0.4340E-03  0.2000E+01  0.3087E+01  0.4130E-18
  0.4340E-03  0.2000E+01  0.3087E+01  0.1010E-17
  0.4340E-03  0.2000E+01  0.3087E+01  0.1732E-18
  0.4340E-03  0.2000E+01  0.3087E+01  0.1611E-17
  0.4340E-03  0.2000E+01  0.3087E+01  0.1476E-17
  0.4340E-03  0.2000E+01  0.3087E+01  0.2979E-18
  0.4340E-03  0.2000E+01  0.3087E+01  0.2724E-18
  0.4340E-03  0.2000E+01  0.3087E+01  0.3951E-19
  0.4340E-03  0.2000E+01  0.3087E+01  0.1216E-17
  0.4340E-03  0.2000E+01  0.3087E+01  0.1081E-17
  0.4340E-03  0.2000E+01  0.3087E+01  0.8233E-18
  0.4340E-03  0.2000E+01  0.3087E+01  0.7637E-18
  0.4340E-03  0.2000E+01  0.3087E+01  0.1411E-18
  0.4340E-03  0.2000E+01  0.3087E+01  0.1843E-18
  0.4340E-03  0.2000E+01  0.3087E+01  0.1716E-17
  0.4340E-03  0.2000E+01  0.3087E+01  0.4747E-18
  0.4340E-03  0.2000E+01  0.3087E+01  0.2131E-19
  0.4340E-03  0.2000E+01  0.3087E+01  0.1700E-18
  0.4340E-03  0.2000E+01  0.3087E+01  0.6364E-18
  0.4340E-03  0.2000E+01  0.3087E+01  0.2897E-19
  0.4340E-03  0.2000E+01  0.3087E+01  0.1144E-17
  0.4340E-03  0.2000E+01  0.3087E+01  0.2059E-17
  0.4340E-03  0.2000E+01  0.3087E+01  0.2223E-18
  0.4340E-03  0.2000E+01  0.3087E+01  0.1034E-17
  0.4340E-03  0.2000E+01  0.3087E+01  0.8465E-18
  0.4340E-03  0.2000E+01  0.3087E+01  0.7693E-18
  0.4340E-03  0.2000E+01  0.3087E+01  0.1272E-18
  0.4340E-03  0.2000E+01  0.3087E+01  0.2096E-18
  0.4340E-03  0.2000E+01  0.3087E+01  0.3912E-18
  0.4340E-03  0.2000E+01  0.3087E+01  0.4122E-18
  0.4340E-03  0.2000E+01  0.3087E+01  0.3102E-18
  0.4340E-03  0.2000E+01  0.3087E+01  0.2908E-18
  0.4340E-03  0.2000E+01  0.3087E+01  0.2839E-18
  0.4340E-03  0.2000E+01  0.3087E+01  0.9637E-18
  0.4340E-03  0.2000E+01  0.3087E+01  0.4345E-18
  0.4340E-03  0.2000E+01  0.3087E+01  0.2955E-18
  0.4340E-03  0.2000E+01  0.3087E+01  0.3197E-18
  0.4340E-03  0.2000E+01  0.3087E+01  0.3200E-18
  0.4340E-03  0.2000E+01  0.3087E+01  0.1359E-17
  0.4340E-03  0.2000E+01  0.3087E+01  0.2685E-18
  0.4340E-03  0.2000E+01  0.3087E+01  0.9182E-18
  0.4340E-03  0.2000E+01  0.3087E+01  0.4006E-18
  0.4340E-03  0.2000E+01  0.3087E+01  0.8263E-18
  0.3342E-03  0.2000E+01  0.2618E+01  0.1447E-04
  0.3342E-03  0.2000E+01  0.2618E+01  0.1447E-04
  0.3342E-03  0.2000E+01  0.2618E+01  0.1447E-04
  0.3342E-03  0.2000E+01  0.2618E+01  0.1447E-04
  0.3342E-03  0.2000E+01  0.2618E+01  0.1447E-04
  0.3342E-03  0.2000E+01  0.2618E+01  0.1447E-04
  0.3342E-03  0.2000E+01  0.2618E+01  0.1447E-04
  0.3342E-03  0.2000E+01  0.2618E+01  0.1447E-04
  0.3342E-03  0.2000E+01  0.2618E+01  0.1447E-04
  0.3342E-03  0.2000E+01  0.2618E+01  0.1447E-04
  0.3342E-03  0.2000E+01  0.2618E+01  0.1447E-04
  0.3342E-03  0.2000E+01  0.2618E+01  0.1447E-04
  0.3342E-03  0.2000E+01  0.2618E+01  0.1447E-04
  0.3342E-03  0.2000E+01  0.2618E+01  0.1447E-04
  0.3342E-03  0.2000E+01  0.2618E+01  0.1447E-04
  0.3342E-03  0.2000E+01  0.2618E+01  0.1447E-04
  0.3342E-03  0.2000E+01  0.2618E+01  0.1447E-04
  0.3342E-03  0.2000E+01  0.2618E+01  0.1447E-04
  0.3342E-03  0.2000E+01  0.2618E+01  0.1447E-04
  0.3342E-03  0.2000E+01  0.2618E+01  0.1447E-04
  0.3342E-03  0.2000E+01  0.2618E+01  0.1447E-04
  0.3342E-03  0.2000E+01  0.2618E+01  0.1447E-04
  0.1274E-02  0.2000E+01  0.2218E+01  0.2589E-03
  0.1274E-02  0.2000E+01  0.2218E+01  0.2589E-03
  0.1274E-02  0.2000E+01  0.2218E+01  0.2589E-03
  0.1274E-02  0.2000E+01  0.2218E+01  0.2589E-03
  0.1274E-02  0.2000E+01  0.2218E+01  0.2589E-03
  0.1274E-02  0.2000E+01  0.2218E+01  0.2589E-03
  0.1274E-02  0.2000E+01  0.2218E+01  0.2589E-03
  0.1274E-02  0.2000E+01  0.2218E+01  0.2589E-03
  0.1274E-02  0.2000E+01  0.2218E+01  0.2589E-03
  0.1274E-02  0.2000E+01  0.2218E+01  0.2589E-03
  0.1274E-02  0.2000E+01  0.2218E+01  0.2589E-03
  0.1274E-02  0.2000E+01  0.2218E+01  0.2589E-03
  0.1274E-02  0.2000E+01  0.2218E+01  0.2589E-03
  0.1274E-02  0.2000E+01  0.2218E+01  0.2589E-03
  0.1274E-02  0.2000E+01  0.2218E+01  0.2589E-03
  0.1274E-02  0.2000E+01  0.2218E+01  0.2589E-03
  0.1274E-02  0.2000E+01  0.2218E+01  0.2589E-03
  0.1274E-02  0.2000E+01  0.2218E+01  0.2589E-03
  0.1274E-02  0.2000E+01  0.2218E+01  0.2589E-03
  0.1310E-02  0.2000E+01  0.2250E+01  0.2673E-03
  0.2077E-02  0.1432E-03  0.2000E+01  0.2059E+01  0.1779E+01  0.4921E-03
  0.7742E-03  0.2000E+01  0.1937E+01  0.1679E-03
  0.1274E-02  0.2000E+01  0.2218E+01  0.2589E-03
  0.2016E-02  0.8384E-03  0.2000E+01  0.2416E+01  0.2900E+01  0.3369E-04
  0.8904E-03  0.1751E-02  0.2120E-02  0.1505E-02  0.6081E-03  0.1977E-03  0.2000E+01  0.2132E+01  0.2431E+01  0.3215E+01  0.1663E-05
  0.8667E-03  0.1763E-02  0.2107E-02  0.2209E-02  0.1475E-02  0.5492E-03  0.3337E-03  0.1135E-03  0.2000E+01  0.2284E+01  0.2795E+01  0.1939E+01  0.2979E+01  0.2174E-04
  0.1238E-02  0.2334E-02  0.2061E-02  0.4447E-03  0.2000E+01  0.2420E+01  0.3451E+01  0.3095E-04
  0.1238E-02  0.2334E-02  0.2061E-02  0.4447E-03  0.2000E+01  0.2420E+01  0.3451E+01  0.3095E-04
  0.7593E-03  0.1733E-02  0.2208E-02  0.2466E-02  0.2592E-02  0.2633E-02  0.2634E-02  0.1363E-02  0.6687E-03  0.4230E-03  0.3530E-03  0.2480E-03  0.1264E-03  0.3286E-04  0.2000E+01  0.2080E+01  0.2419E+01  0.2479E+01  0.2446E+01  0.2099E+01  0.1967E+01  0.3970E+01  0.4403E-05
  0.7593E-03  0.1733E-02  0.2208E-02  0.2466E-02  0.2592E-02  0.2633E-02  0.2634E-02  0.1363E-02  0.6687E-03  0.4230E-03  0.3530E-03  0.2480E-03  0.1264E-03  0.3286E-04  0.2000E+01  0.2080E+01  0.2419E+01  0.2479E+01  0.2446E+01  0.2099E+01  0.1967E+01  0.3970E+01  0.4403E-05
  0.7593E-03  0.1733E-02  0.2208E-02  0.2466E-02  0.2592E-02  0.2633E-02  0.2634E-02  0.1363E-02  0.6687E-03  0.4230E-03  0.3530E-03  0.2480E-03  0.1264E-03  0.3286E-04  0.2000E+01  0.2080E+01  0.2419E+01  0.2479E+01  0.2446E+01  0.2099E+01  0.1967E+01  0.3970E+01  0.4403E-05
  0.7593E-03  0.1733E-02  0.2208E-02  0.2466E-02  0.2592E-02  0.2633E-02  0.2634E-02  0.1363E-02  0.6687E-03  0.4230E-03  0.3530E-03  0.2480E-03  0.1264E-03  0.3286E-04  0.2000E+01  0.2080E+01  0.2419E+01  0.2479E+01  0.2446E+01  0.2099E+01  0.1967E+01  0.3970E+01  0.4403E-05
  0.7593E-03  0.1733E-02  0.2208E-02  0.2466E-02  0.2592E-02  0.2633E-02  0.2634E-02  0.1363E-02  0.6687E-03  0.4230E-03  0.3530E-03  0.2480E-03  0.1264E-03  0.3286E-04  0.2000E+01  0.2080E+01  0.2419E+01  0.2479E+01  0.2446E+01  0.2099E+01  0.1967E+01  0.3970E+01  0.4403E-05
  0.7593E-03  0.1733E-02  0.2208E-02  0.2466E-02  0.2592E-02  0.2633E-02  0.2634E-02  0.1363E-02  0.6687E-03  0.4230E-03  0.3530E-03  0.2480E-03  0.1264E-03  0.3286E-04  0.2000E+01  0.2080E+01  0.2419E+01  0.2479E+01  0.2446E+01  0.2099E+01  0.1967E+01  0.3970E+01  0.4403E-05
  0.7593E-03  0.1733E-02  0.2208E-02  0.2466E-02  0.2592E-02  0.2633E-02  0.2634E-02  0.1363E-02  0.6687E-03  0.4230E-03  0.3530E-03  0.2480E-03  0.1264E-03  0.3286E-04  0.2000E+01  0.2080E+01  0.2419E+01  0.2479E+01  0.2446E+01  0.2099E+01  0.1967E+01  0.3970E+01  0.4403E-05
  0.7593E-03  0.1733E-02  0.2208E-02  0.2466E-02  0.2592E-02  0.2633E-02  0.2634E-02  0.1363E-02  0.6687E-03  0.4230E-03  0.3530E-03  0.2480E-03  0.1264E-03  0.3286E-04  0.2000E+01  0.2080E+01  0.2419E+01  0.2479E+01  0.2446E+01  0.2099E+01  0.1967E+01  0.3970E+01  0.4403E-05
  0.7593E-03  0.1733E-02  0.2208E-02  0.2466E-02  0.2592E-02  0.2633E-02  0.2634E-02  0.1363E-02  0.6687E-03  0.4230E-03  0.3530E-03  0.2480E-03  0.1264E-03  0.3286E-04  0.2000E+01  0.2080E+01  0.2419E+01  0.2479E+01  0.2446E+01  0.2099E+01  0.1967E+01  0.3970E+01  0.4403E-05
  0.7593E-03  0.1733E-02  0.2208E-02  0.2466E-02  0.2592E-02  0.2633E-02  0.2634E-02  0.1363E-02  0.6687E-03  0.4230E-03  0.3530E-03  0.2480E-03  0.1264E-03  0.3286E-04  0.2000E+01  0.2080E+01  0.2419E+01  0.2479E+01  0.2446E+01  0.2099E+01  0.1967E+01  0.3970E+01  0.4403E-05
  0.7593E-03  0.1733E-02  0.2208E-02  0.2466E-02  0.2592E-02  0.2633E-02  0.2634E-02  0.1363E-02  0.6687E-03  0.4230E-03  0.3530E-03  0.2480E-03  0.1264E-03  0.3286E-04  0.2000E+01  0.2080E+01  0.2419E+01  0.2479E+01  0.2446E+01  0.2099E+01  0.1967E+01  0.3970E+01  0.4403E-05
  0.7593E-03  0.1733E-02  0.2208E-02  0.2466E-02  0.2592E-02  0.2633E-02  0.2634E-02  0.1363E-02  0.6687E-03  0.4230E-03  0.3530E-03  0.2480E-03  0.1264E-03  0.3286E-04  0.2000E+01  0.2080E+01  0.2419E+01  0.2479E+01  0.2446E+01  0.2099E+01  0.1967E+01  0.3970E+01  0.4403E-05
  0.7593E-03  0.1733E-02  0.2208E-02  0.2466E-02  0.2592E-02  0.2633E-02  0.2634E-02  0.1363E-02  0.6687E-03  0.4230E-03  0.3530E-03  0.2480E-03  0.1264E-03  0.3286E-04  0.2000E+01  0.2080E+01  0.2419E+01  0.2479E+01  0.2446E+01  0.2099E+01  0.1967E+01  0.3970E+01  0.4403E-05
  0.7593E-03  0.1733E-02  0.2208E-02  0.2466E-02  0.2592E-02  0.2633E-02  0.2634E-02  0.1363E-02  0.6687E-03  0.4230E-03  0.3530E-03  0.2480E-03  0.1264E-03  0.3286E-04  0.2000E+01  0.2080E+01  0.2419E+01  0.2479E+01  0.2446E+01  0.2099E+01  0.1967E+01  0.3970E+01  0.4403E-05
  0.5082E-03  0.1210E-02  0.1610E-02  0.1879E-02  0.2072E-02  0.2236E-02  0.2351E-02  0.2414E-02  0.2430E-02  0.2406E-02  0.2353E-02  0.2280E-02  0.2201E-02  0.2131E-02  0.2088E-02  0.9171E-03  0.5342E-03  0.3436E-03  0.2730E-03  0.2093E-03  0.1881E-03  0.2239E-03  0.2388E-03  0.2319E-03  0.2053E-03  0.1731E-03  0.1406E-03  0.9921E-04  0.6869E-04  0.2518E-04  0.2000E+01  0.1961E+01  0.1883E+01  0.1831E+01  0.2035E+01  0.2285E+01  0.2425E+01  0.2554E+01  0.2515E+01  0.2212E+01  0.1752E+01  0.1435E+01  0.1138E+01  0.1312E+01  0.2031E+01  0.3147E+01  0.1835E-04
  0.5082E-03  0.1210E-02  0.1610E-02  0.1879E-02  0.2072E-02  0.2236E-02  0.2351E-02  0.2414E-02  0.2430E-02  0.2406E-02  0.2353E-02  0.2280E-02  0.2201E-02  0.2131E-02  0.2088E-02  0.9171E-03  0.5342E-03  0.3436E-03  0.2730E-03  0.2093E-03  0.1881E-03  0.2239E-03  0.2388E-03  0.2319E-03  0.2053E-03  0.1731E-03  0.1406E-03  0.9921E-04  0.6869E-04  0.2518E-04  0.2000E+01  0.1961E+01  0.1883E+01  0.1831E+01  0.2035E+01  0.2285E+01  0.2425E+01  0.2554E+01  0.2515E+01  0.2212E+01  0.1752E+01  0.1435E+01  0.1138E+01  0.1312E+01  0.2031E+01  0.3147E+01  0.1835E-04
  0.5082E-03  0.1210E-02  0.1610E-02  0.1879E-02  0.2072E-02  0.2236E-02  0.2351E-02  0.2414E-02  0.2430E-02  0.2406E-02  0.2353E-02  0.2280E-02  0.2201E-02  0.2131E-02  0.2088E-02  0.9171E-03  0.5342E-03  0.3436E-03  0.2730E-03  0.2093E-03  0.1881E-03  0.2239E-03  0.2388E-03  0.2319E-03  0.2053E-03  0.1731E-03  0.1406E-03  0.9921E-04  0.6869E-04  0.2518E-04  0.2000E+01  0.1961E+01  0.1883E+01  0.1831E+01  0.2035E+01  0.2285E+01  0.2425E+01  0.2554E+01  0.2515E+01  0.2212E+01  0.1752E+01  0.1435E+01  0.1138E+01  0.1312E+01  0.2031E+01  0.3147E+01  0.1835E-04
  0.5082E-03  0.1210E-02  0.1610E-02  0.1879E-02  0.2072E-02  0.2236E-02  0.2351E-02  0.2414E-02  0.2430E-02  0.2406E-02  0.2353E-02  0.2280E-02  0.2201E-02  0.2131E-02  0.2088E-02  0.9171E-03  0.5342E-03  0.3436E-03  0.2730E-03  0.2093E-03  0.1881E-03  0.2239E-03  0.2388E-03  0.2319E-03  0.2053E-03  0.1731E-03  0.1406E-03  0.9921E-04  0.6869E-04  0.2518E-04  0.2000E+01  0.1961E+01  0.1883E+01  0.1831E+01  0.2035E+01  0.2285E+01  0.2425E+01  0.2554E+01  0.2515E+01  0.2212E+01  0.1752E+01  0.1435E+01  0.1138E+01  0.1312E+01  0.2031E+01  0.3147E+01  0.1835E-04
  0.8555E-03  0.2057E-02  0.2603E-02  0.2893E-02  0.3040E-02  0.3080E-02  0.3032E-02  0.2974E-02  0.2953E-02  0.2899E-02  0.2829E-02  0.2777E-02  0.1583E-02  0.8239E-03  0.3762E-03  0.2815E-03  0.2689E-03  0.3071E-03  0.3219E-03  0.2868E-03  0.2227E-03  0.1509E-03  0.1063E-03  0.4061E-04  0.2000E+01  0.1788E+01  0.2035E+01  0.2652E+01  0.2993E+01  0.2936E+01  0.2800E+01  0.2311E+01  0.1861E+01  0.1416E+01  0.1427E+01  0.2048E+01  0.3459E+01  0.3886E-04
  0.8555E-03  0.2057E-02  0.2603E-02  0.2893E-02  0.3040E-02  0.3080E-02  0.3032E-02  0.2974E-02  0.2953E-02  0.2899E-02  0.2829E-02  0.2777E-02  0.1583E-02  0.8239E-03  0.3762E-03  0.2815E-03  0.2689E-03  0.3071E-03  0.3219E-03  0.2868E-03  0.2227E-03  0.1509E-03  0.1063E-03  0.4061E-04  0.2000E+01  0.1788E+01  0.2035E+01  0.2652E+01  0.2993E+01  0.2936E+01  0.2800E+01  0.2311E+01  0.1861E+01  0.1416E+01  0.1427E+01  0.2048E+01  0.3459E+01  0.3886E-04
  0.8555E-03  0.2057E-02  0.2603E-02  0.2893E-02  0.3040E-02  0.3080E-02  0.3032E-02  0.2974E-02  0.2953E-02  0.2899E-02  0.2829E-02  0.2777E-02  0.1583E-02  0.8239E-03  0.3762E-03  0.2815E-03  0.2689E-03  0.3071E-03  0.3219E-03  0.2868E-03  0.2227E-03  0.1509E-03  0.1063E-03  0.4061E-04  0.2000E+01  0.1788E+01  0.2035E+01  0.2652E+01  0.2993E+01  0.2936E+01  0.2800E+01  0.2311E+01  0.1861E+01  0.1416E+01  0.1427E+01  0.2048E+01  0.3459E+01  0.3886E-04
  0.8555E-03  0.2057E-02  0.2603E-02  0.2893E-02  0.3040E-02  0.3080E-02  0.3032E-02  0.2974E-02  0.2953E-02  0.2899E-02  0.2829E-02  0.2777E-02  0.1583E-02  0.8239E-03  0.3762E-03  0.2815E-03  0.2689E-03  0.3071E-03  0.3219E-03  0.2868E-03  0.2227E-03  0.1509E-03  0.1063E-03  0.4061E-04  0.2000E+01  0.1788E+01  0.2035E+01  0.2652E+01  0.2993E+01  0.2936E+01  0.2800E+01  0.2311E+01  0.1861E+01  0.1416E+01  0.1427E+01  0.2048E+01  0.3459E+01  0.3886E-04
  0.8555E-03  0.2057E-02  0.2603E-02  0.2893E-02  0.3040E-02  0.3080E-02  0.3032E-02  0.2974E-02  0.2953E-02  0.2899E-02  0.2829E-02  0.2777E-02  0.1583E-02  0.8239E-03  0.3762E-03  0.2815E-03  0.2689E-03  0.3071E-03  0.3219E-03  0.2868E-03  0.2227E-03  0.1509E-03  0.1063E-03  0.4061E-04  0.2000E+01  0.1788E+01  0.2035E+01  0.2652E+01  0.2993E+01  0.2936E+01  0.2800E+01  0.2311E+01  0.1861E+01  0.1416E+01  0.1427E+01  0.2048E+01  0.3459E+01  0.3886E-04
  0.8555E-03  0.2057E-02  0.2603E-02  0.2893E-02  0.3040E-02  0.3080E-02  0.3032E-02  0.2974E-02  0.2953E-02  0.2899E-02  0.2829E-02  0.2777E-02  0.1583E-02  0.8239E-03  0.3762E-03  0.2815E-03  0.2689E-03  0.3071E-03  0.3219E-03  0.2868E-03  0.2227E-03  0.1509E-03  0.1063E-03  0.4061E-04  0.2000E+01  0.1788E+01  0.2035E+01  0.2652E+01  0.2993E+01  0.2936E+01  0.2800E+01  0.2311E+01  0.1861E+01  0.1416E+01  0.1427E+01  0.2048E+01  0.3459E+01  0.3886E-04
  0.7593E-03  0.1733E-02  0.2208E-02  0.2466E-02  0.2592E-02  0.2633E-02  0.2634E-02  0.1363E-02  0.6687E-03  0.4230E-03  0.3530E-03  0.2480E-03  0.1264E-03  0.3286E-04  0.2000E+01  0.2080E+01  0.2419E+01  0.2479E+01  0.2446E+01  0.2099E+01  0.1967E+01  0.3970E+01  0.4403E-05
  0.7593E-03  0.1733E-02  0.2208E-02  0.2466E-02  0.2592E-02  0.2633E-02  0.2634E-02  0.1363E-02  0.6687E-03  0.4230E-03  0.3530E-03  0.2480E-03  0.1264E-03  0.3286E-04  0.2000E+01  0.2080E+01  0.2419E+01  0.2479E+01  0.2446E+01  0.2099E+01  0.1967E+01  0.3970E+01  0.4403E-05
  0.7593E-03  0.1733E-02  0.2208E-02  0.2466E-02  0.2592E-02  0.2633E-02  0.2634E-02  0.1363E-02  0.6687E-03  0.4230E-03  0.3530E-03  0.2480E-03  0.1264E-03  0.3286E-04  0.2000E+01  0.2080E+01  0.2419E+01  0.2479E+01  0.2446E+01  0.2099E+01  0.1967E+01  0.3970E+01  0.4403E-05
  0.8758E-03  0.1908E-02  0.2394E-02  0.2653E-02  0.2769E-02  0.2798E-02  0.1537E-02  0.6790E-03  0.3732E-03  0.2724E-03  0.1433E-03  0.3842E-04  0.2000E+01  0.1832E+01  0.2607E+01  0.2653E+01  0.2305E+01  0.2003E+01  0.3334E+01  0.3431E-04
  0.8758E-03  0.1908E-02  0.2394E-02  0.2653E-02  0.2769E-02  0.2798E-02  0.1537E-02  0.6790E-03  0.3732E-03  0.2724E-03  0.1433E-03  0.3842E-04  0.2000E+01  0.1832E+01  0.2607E+01  0.2653E+01  0.2305E+01  0.2003E+01  0.3334E+01  0.3431E-04
  0.8758E-03  0.1908E-02  0.2394E-02  0.2653E-02  0.2769E-02  0.2798E-02  0.1537E-02  0.6790E-03  0.3732E-03  0.2724E-03  0.1433E-03  0.3842E-04  0.2000E+01  0.1832E+01  0.2607E+01  0.2653E+01  0.2305E+01  0.2003E+01  0.3334E+01  0.3431E-04
  0.6525E-03  0.1402E-02  0.1769E-02  0.1940E-02  0.1989E-02  0.1135E-02  0.5293E-03  0.3445E-03  0.1824E-03  0.5851E-04  0.2000E+01  0.1785E+01  0.2054E+01  0.1927E+01  0.1829E+01  0.3121E+01  0.6200E-05
  0.6525E-03  0.1402E-02  0.1769E-02  0.1940E-02  0.1989E-02  0.1135E-02  0.5293E-03  0.3445E-03  0.1824E-03  0.5851E-04  0.2000E+01  0.1785E+01  0.2054E+01  0.1927E+01  0.1829E+01  0.3121E+01  0.6200E-05
  0.6525E-03  0.1402E-02  0.1769E-02  0.1940E-02  0.1989E-02  0.1135E-02  0.5293E-03  0.3445E-03  0.1824E-03  0.5851E-04  0.2000E+01  0.1785E+01  0.2054E+01  0.1927E+01  0.1829E+01  0.3121E+01  0.6200E-05
  0.8758E-03  0.1908E-02  0.2394E-02  0.2653E-02  0.2769E-02  0.2798E-02  0.1537E-02  0.6790E-03  0.3732E-03  0.2724E-03  0.1433E-03  0.3842E-04  0.2000E+01  0.1832E+01  0.2607E+01  0.2653E+01  0.2305E+01  0.2003E+01  0.3334E+01  0.3431E-04
  0.8758E-03  0.1908E-02  0.2394E-02  0.2653E-02  0.2769E-02  0.2798E-02  0.1537E-02  0.6790E-03  0.3732E-03  0.2724E-03  0.1433E-03  0.3842E-04  0.2000E+01  0.1832E+01  0.2607E+01  0.2653E+01  0.2305E+01  0.2003E+01  0.3334E+01  0.3431E-04
  0.6525E-03  0.1402E-02  0.1769E-02  0.1940E-02  0.1989E-02  0.1135E-02  0.5293E-03  0.3445E-03  0.1824E-03  0.5851E-04  0.2000E+01  0.1785E+01  0.2054E+01  0.1927E+01  0.1829E+01  0.3121E+01  0.6200E-05
  0.3008E-03  0.2000E+01  0.2618E+01  0.1302E-04
  0.7334E-03  0.2000E+01  0.2568E+01  0.4262E-04
  0.1611E-02  0.6855E-03  0.2000E+01  0.3326E+01  0.3348E+01  0.6906E-04
  0.8301E-03  0.1738E-02  0.2153E-02  0.2339E-02  0.1430E-02  0.6190E-03  0.3478E-03  0.1030E-03  0.2000E+01  0.1955E+01  0.2150E+01  0.2429E+01  0.3734E+01  0.2386E-04
  0.8758E-03  0.1908E-02  0.2394E-02  0.2653E-02  0.2769E-02  0.2798E-02  0.1537E-02  0.6790E-03  0.3732E-03  0.2724E-03  0.1433E-03  0.3842E-04  0.2000E+01  0.1832E+01  0.2607E+01  0.2653E+01  0.2305E+01  0.2003E+01  0.3334E+01  0.3431E-04
  0.6525E-03  0.1402E-02  0.1769E-02  0.1940E-02  0.1989E-02  0.1135E-02  0.5293E-03  0.3445E-03  0.1824E-03  0.5851E-04  0.2000E+01  0.1785E+01  0.2054E+01  0.1927E+01  0.1829E+01  0.3121E+01  0.6200E-05
  0.7005E-03  0.1490E-02  0.1875E-02  0.2130E-02  0.2236E-02  0.1214E-02  0.5620E-03  0.3858E-03  0.2010E-03  0.5529E-04  0.2000E+01  0.1982E+01  0.2084E+01  0.2083E+01  0.2156E+01  0.3653E+01  0.5923E-05
  0.7460E-03  0.1731E-02  0.2226E-02  0.2514E-02  0.2675E-02  0.2743E-02  0.2758E-02  0.1349E-02  0.6914E-03  0.3710E-03  0.2821E-03  0.1920E-03  0.9435E-04  0.2659E-04  0.2000E+01  0.1854E+01  0.2422E+01  0.2711E+01  0.2475E+01  0.2090E+01  0.2055E+01  0.3453E+01  0.2918E-04
  0.5869E-03  0.1462E-02  0.1928E-02  0.2220E-02  0.2408E-02  0.2514E-02  0.2560E-02  0.2567E-02  0.2559E-02  0.1101E-02  0.6467E-03  0.3620E-03  0.3018E-03  0.2707E-03  0.2131E-03  0.1379E-03  0.7326E-04  0.2358E-04  0.2000E+01  0.2030E+01  0.2398E+01  0.2839E+01  0.2959E+01  0.2799E+01  0.2265E+01  0.1602E+01  0.2142E+01  0.3881E+01  0.8856E-05
  0.8015E-03  0.2001E-02  0.2566E-02  0.2880E-02  0.3080E-02  0.3188E-02  0.3226E-02  0.3204E-02  0.3136E-02  0.3037E-02  0.2926E-02  0.2825E-02  0.2763E-02  0.1511E-02  0.8503E-03  0.3898E-03  0.2811E-03  0.2478E-03  0.2635E-03  0.2665E-03  0.2540E-03  0.2178E-03  0.1709E-03  0.1361E-03  0.9852E-04  0.3698E-04  0.2000E+01  0.1927E+01  0.1907E+01  0.2288E+01  0.2547E+01  0.2620E+01  0.2405E+01  0.2138E+01  0.1962E+01  0.1600E+01  0.1505E+01  0.1655E+01  0.2490E+01  0.3982E+01  0.5255E-04
  0.1085E-02  0.2170E-02  0.2514E-02  0.1839E-02  0.6278E-03  0.1846E-03  0.2000E+01  0.2028E+01  0.2964E+01  0.4057E+01  0.2530E-04
  0.8015E-03  0.2001E-02  0.2566E-02  0.2880E-02  0.3080E-02  0.3188E-02  0.3226E-02  0.3204E-02  0.3136E-02  0.3037E-02  0.2926E-02  0.2825E-02  0.2763E-02  0.1511E-02  0.8503E-03  0.3898E-03  0.2811E-03  0.2478E-03  0.2635E-03  0.2665E-03  0.2540E-03  0.2178E-03  0.1709E-03  0.1361E-03  0.9852E-04  0.3698E-04  0.2000E+01  0.1927E+01  0.1907E+01  0.2288E+01  0.2547E+01  0.2620E+01  0.2405E+01  0.2138E+01  0.1962E+01  0.1600E+01  0.1505E+01  0.1655E+01  0.2490E+01  0.3982E+01  0.5255E-04
  0.1085E-02  0.2170E-02  0.2514E-02  0.1839E-02  0.6278E-03  0.1846E-03  0.2000E+01  0.2028E+01  0.2964E+01  0.4057E+01  0.2530E-04
  0.5069E-03  0.1255E-02  0.1678E-02  0.1957E-02  0.2144E-02  0.2253E-02  0.2302E-02  0.2310E-02  0.2295E-02  0.2278E-02  0.9449E-03  0.5607E-03  0.3352E-03  0.2615E-03  0.2214E-03  0.2109E-03  0.1822E-03  0.1280E-03  0.6961E-04  0.2063E-04  0.2000E+01  0.2033E+01  0.2358E+01  0.2686E+01  0.2811E+01  0.2992E+01  0.2732E+01  0.1964E+01  0.1390E+01  0.1993E+01  0.3641E+01  0.7855E-05
  0.6029E-03  0.1300E-02  0.1665E-02  0.1869E-02  0.1964E-02  0.1988E-02  0.1048E-02  0.4924E-03  0.3454E-03  0.2270E-03  0.1204E-03  0.3657E-04  0.2000E+01  0.1758E+01  0.1861E+01  0.2006E+01  0.1672E+01  0.1905E+01  0.3199E+01  0.8463E-05
  0.8448E-03  0.2022E-02  0.2563E-02  0.2861E-02  0.3030E-02  0.3107E-02  0.3107E-02  0.3052E-02  0.2955E-02  0.2841E-02  0.2732E-02  0.2664E-02  0.1559E-02  0.8064E-03  0.3781E-03  0.2663E-03  0.2749E-03  0.2859E-03  0.2812E-03  0.2514E-03  0.1961E-03  0.1464E-03  0.1086E-03  0.4131E-04  0.2000E+01  0.1932E+01  0.1935E+01  0.2298E+01  0.2541E+01  0.2507E+01  0.2152E+01  0.2044E+01  0.1687E+01  0.1483E+01  0.1552E+01  0.2336E+01  0.3933E+01  0.2419E-04
  0.3174E-03  0.8356E-03  0.1213E-02  0.1461E-02  0.1649E-02  0.1794E-02  0.1905E-02  0.1980E-02  0.2029E-02  0.2049E-02  0.2050E-02  0.2029E-02  0.1996E-02  0.1949E-02  0.1901E-02  0.1927E-02  0.1953E-02  0.1967E-02  0.1966E-02  0.1959E-02  0.1943E-02  0.1918E-02  0.1888E-02  0.1858E-02  0.1832E-02  0.1816E-02  0.6029E-03  0.4451E-03  0.3070E-03  0.2132E-03  0.1724E-03  0.1411E-03  0.1225E-03  0.1147E-03  0.1196E-03  0.1193E-03  0.1137E-03  0.1114E-03  0.1235E-03  0.1392E-03  0.1486E-03  0.1565E-03  0.1647E-03  0.1618E-03  0.1472E-03  0.1238E-03  0.1052E-03  0.8380E-04  0.6072E-04  0.3814E-04  0.2418E-04  0.8569E-05  0.2000E+01  0.1974E+01  0.1969E+01  0.1917E+01  0.1902E+01  0.1875E+01  0.1972E+01  0.1987E+01  0.1997E+01  0.1908E+01  0.1816E+01  0.1668E+01  0.1668E+01  0.1874E+01  0.2006E+01  0.2107E+01  0.2151E+01  0.2115E+01  0.2017E+01  0.1860E+01  0.1606E+01  0.1309E+01  0.1295E+01  0.1397E+01  0.1791E+01  0.2193E+01  0.2675E+01  0.1985E-05
  0.3174E-03  0.8356E-03  0.1213E-02  0.1461E-02  0.1649E-02  0.1794E-02  0.1905E-02  0.1980E-02  0.2029E-02  0.2049E-02  0.2050E-02  0.2029E-02  0.1996E-02  0.1949E-02  0.1901E-02  0.1927E-02  0.1953E-02  0.1967E-02  0.1966E-02  0.1959E-02  0.1943E-02  0.1918E-02  0.1888E-02  0.1858E-02  0.1832E-02  0.1816E-02  0.6029E-03  0.4451E-03  0.3070E-03  0.2132E-03  0.1724E-03  0.1411E-03  0.1225E-03  0.1147E-03  0.1196E-03  0.1193E-03  0.1137E-03  0.1114E-03  0.1235E-03  0.1392E-03  0.1486E-03  0.1565E-03  0.1647E-03  0.1618E-03  0.1472E-03  0.1238E-03  0.1052E-03  0.8380E-04  0.6072E-04  0.3814E-04  0.2418E-04  0.8569E-05  0.2000E+01  0.1974E+01  0.1969E+01  0.1917E+01  0.1902E+01  0.1875E+01  0.1972E+01  0.1987E+01  0.1997E+01  0.1908E+01  0.1816E+01  0.1668E+01  0.1668E+01  0.1874E+01  0.2006E+01  0.2107E+01  0.2151E+01  0.2115E+01  0.2017E+01  0.1860E+01  0.1606E+01  0.1309E+01  0.1295E+01  0.1397E+01  0.1791E+01  0.2193E+01  0.2675E+01  0.1985E-05
  0.3174E-03  0.8356E-03  0.1213E-02  0.1461E-02  0.1649E-02  0.1794E-02  0.1905E-02  0.1980E-02  0.2029E-02  0.2049E-02  0.2050E-02  0.2029E-02  0.1996E-02  0.1949E-02  0.1901E-02  0.1927E-02  0.1953E-02  0.1967E-02  0.1966E-02  0.1959E-02  0.1943E-02  0.1918E-02  0.1888E-02  0.1858E-02  0.1832E-02  0.1816E-02  0.6029E-03  0.4451E-03  0.3070E-03  0.2132E-03  0.1724E-03  0.1411E-03  0.1225E-03  0.1147E-03  0.1196E-03  0.1193E-03  0.1137E-03  0.1114E-03  0.1235E-03  0.1392E-03  0.1486E-03  0.1565E-03  0.1647E-03  0.1618E-03  0.1472E-03  0.1238E-03  0.1052E-03  0.8380E-04  0.6072E-04  0.3814E-04  0.2418E-04  0.8569E-05  0.2000E+01  0.1974E+01  0.1969E+01  0.1917E+01  0.1902E+01  0.1875E+01  0.1972E+01  0.1987E+01  0.1997E+01  0.1908E+01  0.1816E+01  0.1668E+01  0.1668E+01  0.1874E+01  0.2006E+01  0.2107E+01  0.2151E+01  0.2115E+01  0.2017E+01  0.1860E+01  0.1606E+01  0.1309E+01  0.1295E+01  0.1397E+01  0.1791E+01  0.2193E+01  0.2675E+01  0.1985E-05
  0.3174E-03  0.8356E-03  0.1213E-02  0.1461E-02  0.1649E-02  0.1794E-02  0.1905E-02  0.1980E-02  0.2029E-02  0.2049E-02  0.2050E-02  0.2029E-02  0.1996E-02  0.1949E-02  0.1901E-02  0.1927E-02  0.1953E-02  0.1967E-02  0.1966E-02  0.1959E-02  0.1943E-02  0.1918E-02  0.1888E-02  0.1858E-02  0.1832E-02  0.1816E-02  0.6029E-03  0.4451E-03  0.3070E-03  0.2132E-03  0.1724E-03  0.1411E-03  0.1225E-03  0.1147E-03  0.1196E-03  0.1193E-03  0.1137E-03  0.1114E-03  0.1235E-03  0.1392E-03  0.1486E-03  0.1565E-03  0.1647E-03  0.1618E-03  0.1472E-03  0.1238E-03  0.1052E-03  0.8380E-04  0.6072E-04  0.3814E-04  0.2418E-04  0.8569E-05  0.2000E+01  0.1974E+01  0.1969E+01  0.1917E+01  0.1902E+01  0.1875E+01  0.1972E+01  0.1987E+01  0.1997E+01  0.1908E+01  0.1816E+01  0.1668E+01  0.1668E+01  0.1874E+01  0.2006E+01  0.2107E+01  0.2151E+01  0.2115E+01  0.2017E+01  0.1860E+01  0.1606E+01  0.1309E+01  0.1295E+01  0.1397E+01  0.1791E+01  0.2193E+01  0.2675E+01  0.1985E-05
  0.6029E-03  0.1300E-02  0.1665E-02  0.1869E-02  0.1964E-02  0.1988E-02  0.1048E-02  0.4924E-03  0.3454E-03  0.2270E-03  0.1204E-03  0.3657E-04  0.2000E+01  0.1758E+01  0.1861E+01  0.2006E+01  0.1672E+01  0.1905E+01  0.3199E+01  0.8463E-05
  0.1076E-02  0.2147E-02  0.2478E-02  0.1822E-02  0.6163E-03  0.1801E-03  0.2000E+01  0.2110E+01  0.2616E+01  0.3893E+01  0.3394E-04
  0.7460E-03  0.1731E-02  0.2226E-02  0.2514E-02  0.2675E-02  0.2743E-02  0.2758E-02  0.1349E-02  0.6914E-03  0.3710E-03  0.2821E-03  0.1920E-03  0.9435E-04  0.2659E-04  0.2000E+01  0.1854E+01  0.2422E+01  0.2711E+01  0.2475E+01  0.2090E+01  0.2055E+01  0.3453E+01  0.2918E-04
  0.6029E-03  0.1300E-02  0.1665E-02  0.1869E-02  0.1964E-02  0.1988E-02  0.1048E-02  0.4924E-03  0.3454E-03  0.2270E-03  0.1204E-03  0.3657E-04  0.2000E+01  0.1758E+01  0.1861E+01  0.2006E+01  0.1672E+01  0.1905E+01  0.3199E+01  0.8463E-05
  0.8015E-03  0.2001E-02  0.2566E-02  0.2880E-02  0.3080E-02  0.3188E-02  0.3226E-02  0.3204E-02  0.3136E-02  0.3037E-02  0.2926E-02  0.2825E-02  0.2763E-02  0.1511E-02  0.8503E-03  0.3898E-03  0.2811E-03  0.2478E-03  0.2635E-03  0.2665E-03  0.2540E-03  0.2178E-03  0.1709E-03  0.1361E-03  0.9852E-04  0.3698E-04  0.2000E+01  0.1927E+01  0.1907E+01  0.2288E+01  0.2547E+01  0.2620E+01  0.2405E+01  0.2138E+01  0.1962E+01  0.1600E+01  0.1505E+01  0.1655E+01  0.2490E+01  0.3982E+01  0.5255E-04
  0.5869E-03  0.1462E-02  0.1928E-02  0.2220E-02  0.2408E-02  0.2514E-02  0.2560E-02  0.2567E-02  0.2559E-02  0.1101E-02  0.6467E-03  0.3620E-03  0.3018E-03  0.2707E-03  0.2131E-03  0.1379E-03  0.7326E-04  0.2358E-04  0.2000E+01  0.2030E+01  0.2398E+01  0.2839E+01  0.2959E+01  0.2799E+01  0.2265E+01  0.1602E+01  0.2142E+01  0.3881E+01  0.8856E-05
  0.1076E-02  0.2147E-02  0.2478E-02  0.1822E-02  0.6163E-03  0.1801E-03  0.2000E+01  0.2110E+01  0.2616E+01  0.3893E+01  0.3394E-04
  0.5869E-03  0.1462E-02  0.1928E-02  0.2220E-02  0.2408E-02  0.2514E-02  0.2560E-02  0.2567E-02  0.2559E-02  0.1101E-02  0.6467E-03  0.3620E-03  0.3018E-03  0.2707E-03  0.2131E-03  0.1379E-03  0.7326E-04  0.2358E-04  0.2000E+01  0.2030E+01  0.2398E+01  0.2839E+01  0.2959E+01  0.2799E+01  0.2265E+01  0.1602E+01  0.2142E+01  0.3881E+01  0.8856E-05
  0.5084E-03  0.1339E-02  0.1881E-02  0.2227E-02  0.2480E-02  0.2668E-02  0.2798E-02  0.2873E-02  0.2902E-02  0.2890E-02  0.2845E-02  0.2776E-02  0.2691E-02  0.2601E-02  0.2516E-02  0.2446E-02  0.2405E-02  0.9735E-03  0.6818E-03  0.4363E-03  0.2896E-03  0.2251E-03  0.1800E-03  0.1816E-03  0.2041E-03  0.2115E-03  0.2033E-03  0.1817E-03  0.1511E-03  0.1271E-03  0.1005E-03  0.8542E-04  0.6105E-04  0.2278E-04  0.2000E+01  0.1957E+01  0.1898E+01  0.1814E+01  0.1885E+01  0.2132E+01  0.2333E+01  0.2482E+01  0.2570E+01  0.2484E+01  0.2177E+01  0.1801E+01  0.1536E+01  0.1287E+01  0.1287E+01  0.1488E+01  0.2174E+01  0.3101E+01  0.2029E-04
  0.5084E-03  0.1339E-02  0.1881E-02  0.2227E-02  0.2480E-02  0.2668E-02  0.2798E-02  0.2873E-02  0.2902E-02  0.2890E-02  0.2845E-02  0.2776E-02  0.2691E-02  0.2601E-02  0.2516E-02  0.2446E-02  0.2405E-02  0.9735E-03  0.6818E-03  0.4363E-03  0.2896E-03  0.2251E-03  0.1800E-03  0.1816E-03  0.2041E-03  0.2115E-03  0.2033E-03  0.1817E-03  0.1511E-03  0.1271E-03  0.1005E-03  0.8542E-04  0.6105E-04  0.2278E-04  0.2000E+01  0.1957E+01  0.1898E+01  0.1814E+01  0.1885E+01  0.2132E+01  0.2333E+01  0.2482E+01  0.2570E+01  0.2484E+01  0.2177E+01  0.1801E+01  0.1536E+01  0.1287E+01  0.1287E+01  0.1488E+01  0.2174E+01  0.3101E+01  0.2029E-04
  0.8448E-03  0.2022E-02  0.2563E-02  0.2861E-02  0.3030E-02  0.3107E-02  0.3107E-02  0.3052E-02  0.2955E-02  0.2841E-02  0.2732E-02  0.2664E-02  0.1559E-02  0.8064E-03  0.3781E-03  0.2663E-03  0.2749E-03  0.2859E-03  0.2812E-03  0.2514E-03  0.1961E-03  0.1464E-03  0.1086E-03  0.4131E-04  0.2000E+01  0.1932E+01  0.1935E+01  0.2298E+01  0.2541E+01  0.2507E+01  0.2152E+01  0.2044E+01  0.1687E+01  0.1483E+01  0.1552E+01  0.2336E+01  0.3933E+01  0.2419E-04
  0.1076E-02  0.2147E-02  0.2478E-02  0.1822E-02  0.6163E-03  0.1801E-03  0.2000E+01  0.2110E+01  0.2616E+01  0.3893E+01  0.3394E-04
  0.8758E-03  0.1908E-02  0.2394E-02  0.2653E-02  0.2769E-02  0.2798E-02  0.1537E-02  0.6790E-03  0.3732E-03  0.2724E-03  0.1433E-03  0.3842E-04  0.2000E+01  0.1832E+01  0.2607E+01  0.2653E+01  0.2305E+01  0.2003E+01  0.3334E+01  0.3431E-04
  0.2077E-02  0.1432E-03  0.2000E+01  0.2059E+01  0.1779E+01  0.4921E-03
  0.3693E-02  0.5810E-03  0.7386E-04  0.2000E+01  0.1364E+01  0.1258E+01  0.1216E+01  0.8928E-03
  0.1718E-02  0.1650E-02  0.1421E-02  0.1031E-02  0.4370E-03  0.2000E+01  0.2135E+01  0.1743E+01  0.1592E+01  0.2045E+01  0.2402E+01  0.4027E-04
  0.1718E-02  0.1650E-02  0.1421E-02  0.1031E-02  0.4370E-03  0.2000E+01  0.2135E+01  0.1743E+01  0.1592E+01  0.2045E+01  0.2402E+01  0.4027E-04
  0.1718E-02  0.1650E-02  0.1421E-02  0.1031E-02  0.4370E-03  0.2000E+01  0.2135E+01  0.1743E+01  0.1592E+01  0.2045E+01  0.2402E+01  0.4027E-04
  0.1718E-02  0.1650E-02  0.1421E-02  0.1031E-02  0.4370E-03  0.2000E+01  0.2135E+01  0.1743E+01  0.1592E+01  0.2045E+01  0.2402E+01  0.4027E-04
  0.1718E-02  0.1650E-02  0.1421E-02  0.1031E-02  0.4370E-03  0.2000E+01  0.2135E+01  0.1743E+01  0.1592E+01  0.2045E+01  0.2402E+01  0.4027E-04
  0.1718E-02  0.1650E-02  0.1421E-02  0.1031E-02  0.4370E-03  0.2000E+01  0.2135E+01  0.1743E+01  0.1592E+01  0.2045E+01  0.2402E+01  0.4027E-04
  0.1718E-02  0.1650E-02  0.1421E-02  0.1031E-02  0.4370E-03  0.2000E+01  0.2135E+01  0.1743E+01  0.1592E+01  0.2045E+01  0.2402E+01  0.4027E-04
  0.2077E-02  0.1432E-03  0.2000E+01  0.2059E+01  0.1779E+01  0.4921E-03
  0.2077E-02  0.1432E-03  0.2000E+01  0.2059E+01  0.1779E+01  0.4921E-03
  0.1718E-02  0.1650E-02  0.1421E-02  0.1031E-02  0.4370E-03  0.2000E+01  0.2135E+01  0.1743E+01  0.1592E+01  0.2045E+01  0.2402E+01  0.4027E-04
  0.1718E-02  0.1650E-02  0.1421E-02  0.1031E-02  0.4370E-03  0.2000E+01  0.2135E+01  0.1743E+01  0.1592E+01  0.2045E+01  0.2402E+01  0.4027E-04
  0.1718E-02  0.1650E-02  0.1421E-02  0.1031E-02  0.4370E-03  0.2000E+01  0.2135E+01  0.1743E+01  0.1592E+01  0.2045E+01  0.2402E+01  0.4027E-04
  0.1718E-02  0.1650E-02  0.1421E-02  0.1031E-02  0.4370E-03  0.2000E+01  0.2135E+01  0.1743E+01  0.1592E+01  0.2045E+01  0.2402E+01  0.4027E-04
  0.1718E-02  0.1650E-02  0.1421E-02  0.1031E-02  0.4370E-03  0.2000E+01  0.2135E+01  0.1743E+01  0.1592E+01  0.2045E+01  0.2402E+01  0.4027E-04
  0.1718E-02  0.1650E-02  0.1421E-02  0.1031E-02  0.4370E-03  0.2000E+01  0.2135E+01  0.1743E+01  0.1592E+01  0.2045E+01  0.2402E+01  0.4027E-04
  0.1718E-02  0.1650E-02  0.1421E-02  0.1031E-02  0.4370E-03  0.2000E+01  0.2135E+01  0.1743E+01  0.1592E+01  0.2045E+01  0.2402E+01  0.4027E-04
  0.1718E-02  0.1650E-02  0.1421E-02  0.1031E-02  0.4370E-03  0.2000E+01  0.2135E+01  0.1743E+01  0.1592E+01  0.2045E+01  0.2402E+01  0.4027E-04
  0.1718E-02  0.1650E-02  0.1421E-02  0.1031E-02  0.4370E-03  0.2000E+01  0.2135E+01  0.1743E+01  0.1592E+01  0.2045E+01  0.2402E+01  0.4027E-04
  0.1718E-02  0.1650E-02  0.1421E-02  0.1031E-02  0.4370E-03  0.2000E+01  0.2135E+01  0.1743E+01  0.1592E+01  0.2045E+01  0.2402E+01  0.4027E-04
  0.1718E-02  0.1650E-02  0.1421E-02  0.1031E-02  0.4370E-03  0.2000E+01  0.2135E+01  0.1743E+01  0.1592E+01  0.2045E+01  0.2402E+01  0.4027E-04
  0.1718E-02  0.1650E-02  0.1421E-02  0.1031E-02  0.4370E-03  0.2000E+01  0.2135E+01  0.1743E+01  0.1592E+01  0.2045E+01  0.2402E+01  0.4027E-04
  0.1718E-02  0.1650E-02  0.1421E-02  0.1031E-02  0.4370E-03  0.2000E+01  0.2135E+01  0.1743E+01  0.1592E+01  0.2045E+01  0.2402E+01  0.4027E-04
  0.1390E-02  0.2000E+01  0.2324E+01  0.2911E-03
  0.1390E-02  0.2000E+01  0.2324E+01  0.2911E-03
  0.1390E-02  0.2000E+01  0.2324E+01  0.2911E-03
  0.1390E-02  0.2000E+01  0.2324E+01  0.2911E-03
  0.1390E-02  0.2000E+01  0.2324E+01  0.2911E-03
  0.1390E-02  0.2000E+01  0.2324E+01  0.2911E-03
  0.1390E-02  0.2000E+01  0.2324E+01  0.2911E-03
  0.1390E-02  0.2000E+01  0.2324E+01  0.2911E-03
  0.1390E-02  0.2000E+01  0.2324E+01  0.2911E-03
  0.1390E-02  0.2000E+01  0.2324E+01  0.2911E-03
  0.1390E-02  0.2000E+01  0.2324E+01  0.2911E-03
  0.1390E-02  0.2000E+01  0.2324E+01  0.2911E-03
  0.1390E-02  0.2000E+01  0.2324E+01  0.2911E-03
  0.1390E-02  0.2000E+01  0.2324E+01  0.2911E-03
  0.1390E-02  0.2000E+01  0.2324E+01  0.2911E-03
  0.1390E-02  0.2000E+01  0.2324E+01  0.2911E-03
  0.1535E-02  0.2000E+01  0.2364E+01  0.3433E-03
  0.1535E-02  0.2000E+01  0.2364E+01  0.3433E-03
  0.1390E-02  0.2000E+01  0.2324E+01  0.2911E-03
  0.1390E-02  0.2000E+01  0.2324E+01  0.2911E-03
  0.1390E-02  0.2000E+01  0.2324E+01  0.2911E-03
  0.1390E-02  0.2000E+01  0.2324E+01  0.2911E-03
  0.1390E-02  0.2000E+01  0.2324E+01  0.2911E-03
  0.1390E-02  0.2000E+01  0.2324E+01  0.2911E-03
  0.1390E-02  0.2000E+01  0.2324E+01  0.2911E-03
  0.1390E-02  0.2000E+01  0.2324E+01  0.2911E-03
  0.1390E-02  0.2000E+01  0.2324E+01  0.2911E-03
  0.1390E-02  0.2000E+01  0.2324E+01  0.2911E-03
  0.1390E-02  0.2000E+01  0.2324E+01  0.2911E-03
  0.1390E-02  0.2000E+01  0.2324E+01  0.2911E-03
  0.1390E-02  0.2000E+01  0.2324E+01  0.2911E-03
  0.1390E-02  0.2000E+01  0.2324E+01  0.2911E-03
  0.1390E-02  0.2000E+01  0.2324E+01  0.2911E-03
  0.1929E-02  0.1591E-02  0.1382E-02  0.1248E-02  0.9123E-03  0.3809E-03  0.2000E+01  0.1891E+01  0.2070E+01  0.1649E+01  0.1564E+01  0.2059E+01  0.2393E+01  0.7697E-04
  0.1535E-02  0.2000E+01  0.2364E+01  0.3433E-03
  0.7722E-02  0.1259E-02  0.7347E-03  0.1027E-03  0.4908E-04  0.2000E+01  0.1396E+01  0.1028E+01  0.8822E+00  0.9100E+00  0.9504E+00  0.3136E-02
  0.7722E-02  0.1259E-02  0.7347E-03  0.1027E-03  0.4908E-04  0.2000E+01  0.1396E+01  0.1028E+01  0.8822E+00  0.9100E+00  0.9504E+00  0.3136E-02
  0.7722E-02  0.1259E-02  0.7347E-03  0.1027E-03  0.4908E-04  0.2000E+01  0.1396E+01  0.1028E+01  0.8822E+00  0.9100E+00  0.9504E+00  0.3136E-02
  0.7722E-02  0.1259E-02  0.7347E-03  0.1027E-03  0.4908E-04  0.2000E+01  0.1396E+01  0.1028E+01  0.8822E+00  0.9100E+00  0.9504E+00  0.3136E-02
  0.1160E-02  0.9933E-03  0.8034E-03  0.5767E-03  0.2940E-03  0.2000E+01  0.1992E+01  0.2697E+01  0.3133E+01  0.3594E+01  0.4258E+01  0.1426E-03
  0.1160E-02  0.9933E-03  0.8034E-03  0.5767E-03  0.2940E-03  0.2000E+01  0.1992E+01  0.2697E+01  0.3133E+01  0.3594E+01  0.4258E+01  0.1426E-03
  0.1022E-02  0.9370E-03  0.8108E-03  0.6540E-03  0.4619E-03  0.2352E-03  0.2000E+01  0.1788E+01  0.2246E+01  0.2697E+01  0.3051E+01  0.3358E+01  0.3795E+01  0.6011E-05
  0.4938E-03  0.1263E-02  0.1683E-02  0.1935E-02  0.2099E-02  0.2193E-02  0.2230E-02  0.2298E-02  0.2391E-02  0.2454E-02  0.2486E-02  0.2491E-02  0.2475E-02  0.2446E-02  0.2406E-02  0.2361E-02  0.2317E-02  0.2288E-02  0.9382E-03  0.5802E-03  0.3262E-03  0.2635E-03  0.2253E-03  0.1895E-03  0.1664E-03  0.1730E-03  0.1770E-03  0.1758E-03  0.1672E-03  0.1703E-03  0.1617E-03  0.1409E-03  0.1097E-03  0.7980E-04  0.5322E-04  0.1903E-04  0.2000E+01  0.1955E+01  0.1917E+01  0.2111E+01  0.2209E+01  0.2145E+01  0.1950E+01  0.2102E+01  0.2155E+01  0.2043E+01  0.1900E+01  0.2051E+01  0.2025E+01  0.1763E+01  0.1302E+01  0.1275E+01  0.1598E+01  0.2263E+01  0.2983E+01  0.3519E-05
  0.4524E-03  0.1195E-02  0.1589E-02  0.1834E-02  0.2001E-02  0.2101E-02  0.2144E-02  0.2140E-02  0.2125E-02  0.2148E-02  0.2146E-02  0.2148E-02  0.2148E-02  0.2131E-02  0.2101E-02  0.2074E-02  0.2037E-02  0.2000E-02  0.1976E-02  0.8763E-03  0.5612E-03  0.2881E-03  0.2369E-03  0.2022E-03  0.1734E-03  0.1498E-03  0.1617E-03  0.1709E-03  0.1732E-03  0.1742E-03  0.1674E-03  0.1624E-03  0.1472E-03  0.1233E-03  0.9399E-04  0.6610E-04  0.4486E-04  0.1628E-04  0.2000E+01  0.1963E+01  0.1932E+01  0.1840E+01  0.2015E+01  0.2081E+01  0.2024E+01  0.1925E+01  0.2032E+01  0.2060E+01  0.1910E+01  0.1778E+01  0.1840E+01  0.1778E+01  0.1514E+01  0.1376E+01  0.1477E+01  0.1485E+01  0.2208E+01  0.3115E+01  0.5834E-05
  0.4524E-03  0.1195E-02  0.1589E-02  0.1834E-02  0.2001E-02  0.2101E-02  0.2144E-02  0.2140E-02  0.2125E-02  0.2148E-02  0.2146E-02  0.2148E-02  0.2148E-02  0.2131E-02  0.2101E-02  0.2074E-02  0.2037E-02  0.2000E-02  0.1976E-02  0.8763E-03  0.5612E-03  0.2881E-03  0.2369E-03  0.2022E-03  0.1734E-03  0.1498E-03  0.1617E-03  0.1709E-03  0.1732E-03  0.1742E-03  0.1674E-03  0.1624E-03  0.1472E-03  0.1233E-03  0.9399E-04  0.6610E-04  0.4486E-04  0.1628E-04  0.2000E+01  0.1963E+01  0.1932E+01  0.1840E+01  0.2015E+01  0.2081E+01  0.2024E+01  0.1925E+01  0.2032E+01  0.2060E+01  0.1910E+01  0.1778E+01  0.1840E+01  0.1778E+01  0.1514E+01  0.1376E+01  0.1477E+01  0.1485E+01  0.2208E+01  0.3115E+01  0.5834E-05
  0.4524E-03  0.1195E-02  0.1589E-02  0.1834E-02  0.2001E-02  0.2101E-02  0.2144E-02  0.2140E-02  0.2125E-02  0.2148E-02  0.2146E-02  0.2148E-02  0.2148E-02  0.2131E-02  0.2101E-02  0.2074E-02  0.2037E-02  0.2000E-02  0.1976E-02  0.8763E-03  0.5612E-03  0.2881E-03  0.2369E-03  0.2022E-03  0.1734E-03  0.1498E-03  0.1617E-03  0.1709E-03  0.1732E-03  0.1742E-03  0.1674E-03  0.1624E-03  0.1472E-03  0.1233E-03  0.9399E-04  0.6610E-04  0.4486E-04  0.1628E-04  0.2000E+01  0.1963E+01  0.1932E+01  0.1840E+01  0.2015E+01  0.2081E+01  0.2024E+01  0.1925E+01  0.2032E+01  0.2060E+01  0.1910E+01  0.1778E+01  0.1840E+01  0.1778E+01  0.1514E+01  0.1376E+01  0.1477E+01  0.1485E+01  0.2208E+01  0.3115E+01  0.5834E-05
  0.4524E-03  0.1195E-02  0.1589E-02  0.1834E-02  0.2001E-02  0.2101E-02  0.2144E-02  0.2140E-02  0.2125E-02  0.2148E-02  0.2146E-02  0.2148E-02  0.2148E-02  0.2131E-02  0.2101E-02  0.2074E-02  0.2037E-02  0.2000E-02  0.1976E-02  0.8763E-03  0.5612E-03  0.2881E-03  0.2369E-03  0.2022E-03  0.1734E-03  0.1498E-03  0.1617E-03  0.1709E-03  0.1732E-03  0.1742E-03  0.1674E-03  0.1624E-03  0.1472E-03  0.1233E-03  0.9399E-04  0.6610E-04  0.4486E-04  0.1628E-04  0.2000E+01  0.1963E+01  0.1932E+01  0.1840E+01  0.2015E+01  0.2081E+01  0.2024E+01  0.1925E+01  0.2032E+01  0.2060E+01  0.1910E+01  0.1778E+01  0.1840E+01  0.1778E+01  0.1514E+01  0.1376E+01  0.1477E+01  0.1485E+01  0.2208E+01  0.3115E+01  0.5834E-05
  0.4524E-03  0.1195E-02  0.1589E-02  0.1834E-02  0.2001E-02  0.2101E-02  0.2144E-02  0.2140E-02  0.2125E-02  0.2148E-02  0.2146E-02  0.2148E-02  0.2148E-02  0.2131E-02  0.2101E-02  0.2074E-02  0.2037E-02  0.2000E-02  0.1976E-02  0.8763E-03  0.5612E-03  0.2881E-03  0.2369E-03  0.2022E-03  0.1734E-03  0.1498E-03  0.1617E-03  0.1709E-03  0.1732E-03  0.1742E-03  0.1674E-03  0.1624E-03  0.1472E-03  0.1233E-03  0.9399E-04  0.6610E-04  0.4486E-04  0.1628E-04  0.2000E+01  0.1963E+01  0.1932E+01  0.1840E+01  0.2015E+01  0.2081E+01  0.2024E+01  0.1925E+01  0.2032E+01  0.2060E+01  0.1910E+01  0.1778E+01  0.1840E+01  0.1778E+01  0.1514E+01  0.1376E+01  0.1477E+01  0.1485E+01  0.2208E+01  0.3115E+01  0.5834E-05
  0.4202E-03  0.1117E-02  0.1504E-02  0.1753E-02  0.1926E-02  0.2039E-02  0.2097E-02  0.2111E-02  0.2087E-02  0.2039E-02  0.1984E-02  0.1990E-02  0.2036E-02  0.2052E-02  0.2056E-02  0.2044E-02  0.2016E-02  0.1982E-02  0.1947E-02  0.1925E-02  0.8152E-03  0.5369E-03  0.2915E-03  0.2187E-03  0.1799E-03  0.1574E-03  0.1432E-03  0.1437E-03  0.1554E-03  0.1599E-03  0.1772E-03  0.1865E-03  0.2003E-03  0.1900E-03  0.1573E-03  0.1296E-03  0.9806E-04  0.6407E-04  0.3656E-04  0.1326E-04  0.2000E+01  0.1970E+01  0.1959E+01  0.1900E+01  0.1979E+01  0.2035E+01  0.2030E+01  0.1966E+01  0.2127E+01  0.2085E+01  0.2003E+01  0.1984E+01  0.1942E+01  0.1920E+01  0.1705E+01  0.1414E+01  0.1248E+01  0.1256E+01  0.1524E+01  0.2186E+01  0.2974E+01  0.7882E-05
  0.4524E-03  0.1195E-02  0.1589E-02  0.1834E-02  0.2001E-02  0.2101E-02  0.2144E-02  0.2140E-02  0.2125E-02  0.2148E-02  0.2146E-02  0.2148E-02  0.2148E-02  0.2131E-02  0.2101E-02  0.2074E-02  0.2037E-02  0.2000E-02  0.1976E-02  0.8763E-03  0.5612E-03  0.2881E-03  0.2369E-03  0.2022E-03  0.1734E-03  0.1498E-03  0.1617E-03  0.1709E-03  0.1732E-03  0.1742E-03  0.1674E-03  0.1624E-03  0.1472E-03  0.1233E-03  0.9399E-04  0.6610E-04  0.4486E-04  0.1628E-04  0.2000E+01  0.1963E+01  0.1932E+01  0.1840E+01  0.2015E+01  0.2081E+01  0.2024E+01  0.1925E+01  0.2032E+01  0.2060E+01  0.1910E+01  0.1778E+01  0.1840E+01  0.1778E+01  0.1514E+01  0.1376E+01  0.1477E+01  0.1485E+01  0.2208E+01  0.3115E+01  0.5834E-05
  0.4938E-03  0.1263E-02  0.1683E-02  0.1935E-02  0.2099E-02  0.2193E-02  0.2230E-02  0.2298E-02  0.2391E-02  0.2454E-02  0.2486E-02  0.2491E-02  0.2475E-02  0.2446E-02  0.2406E-02  0.2361E-02  0.2317E-02  0.2288E-02  0.9382E-03  0.5802E-03  0.3262E-03  0.2635E-03  0.2253E-03  0.1895E-03  0.1664E-03  0.1730E-03  0.1770E-03  0.1758E-03  0.1672E-03  0.1703E-03  0.1617E-03  0.1409E-03  0.1097E-03  0.7980E-04  0.5322E-04  0.1903E-04  0.2000E+01  0.1955E+01  0.1917E+01  0.2111E+01  0.2209E+01  0.2145E+01  0.1950E+01  0.2102E+01  0.2155E+01  0.2043E+01  0.1900E+01  0.2051E+01  0.2025E+01  0.1763E+01  0.1302E+01  0.1275E+01  0.1598E+01  0.2263E+01  0.2983E+01  0.3519E-05
  0.4202E-03  0.1117E-02  0.1504E-02  0.1753E-02  0.1926E-02  0.2039E-02  0.2097E-02  0.2111E-02  0.2087E-02  0.2039E-02  0.1984E-02  0.1990E-02  0.2036E-02  0.2052E-02  0.2056E-02  0.2044E-02  0.2016E-02  0.1982E-02  0.1947E-02  0.1925E-02  0.8152E-03  0.5369E-03  0.2915E-03  0.2187E-03  0.1799E-03  0.1574E-03  0.1432E-03  0.1437E-03  0.1554E-03  0.1599E-03  0.1772E-03  0.1865E-03  0.2003E-03  0.1900E-03  0.1573E-03  0.1296E-03  0.9806E-04  0.6407E-04  0.3656E-04  0.1326E-04  0.2000E+01  0.1970E+01  0.1959E+01  0.1900E+01  0.1979E+01  0.2035E+01  0.2030E+01  0.1966E+01  0.2127E+01  0.2085E+01  0.2003E+01  0.1984E+01  0.1942E+01  0.1920E+01  0.1705E+01  0.1414E+01  0.1248E+01  0.1256E+01  0.1524E+01  0.2186E+01  0.2974E+01  0.7882E-05
  0.5640E-03  0.1304E-02  0.1719E-02  0.1982E-02  0.2136E-02  0.2226E-02  0.2256E-02  0.2248E-02  0.2230E-02  0.1015E-02  0.5333E-03  0.3299E-03  0.3122E-03  0.2841E-03  0.2602E-03  0.2007E-03  0.1114E-03  0.3169E-04  0.2000E+01  0.2184E+01  0.2520E+01  0.2815E+01  0.3165E+01  0.3087E+01  0.2303E+01  0.1290E+01  0.2034E+01  0.3611E+01  0.6147E-06
  0.9201E-03  0.2082E-02  0.2612E-02  0.2878E-02  0.2992E-02  0.3018E-02  0.1648E-02  0.7687E-03  0.3933E-03  0.2809E-03  0.1452E-03  0.3931E-04  0.2000E+01  0.1816E+01  0.2226E+01  0.2303E+01  0.1979E+01  0.1987E+01  0.3288E+01  0.2669E-04
  0.4146E-03  0.2000E+01  0.3069E+01  0.1323E-17
  0.1050E-02  0.1005E-02  0.9089E-03  0.7546E-03  0.5444E-03  0.2868E-03  0.2000E+01  0.1909E+01  0.2494E+01  0.3010E+01  0.3587E+01  0.4149E+01  0.4498E+01  0.3201E-17
  0.1140E-02  0.1019E-02  0.8341E-03  0.5944E-03  0.3110E-03  0.2000E+01  0.2302E+01  0.3156E+01  0.3900E+01  0.4300E+01  0.4835E+01  0.4625E-18
  0.1050E-02  0.1005E-02  0.9089E-03  0.7546E-03  0.5444E-03  0.2868E-03  0.2000E+01  0.1909E+01  0.2494E+01  0.3010E+01  0.3587E+01  0.4149E+01  0.4498E+01  0.2329E-17
  0.1140E-02  0.1019E-02  0.8341E-03  0.5944E-03  0.3110E-03  0.2000E+01  0.2302E+01  0.3156E+01  0.3900E+01  0.4300E+01  0.4835E+01  0.3703E-17
  0.1050E-02  0.1005E-02  0.9089E-03  0.7546E-03  0.5444E-03  0.2868E-03  0.2000E+01  0.1909E+01  0.2494E+01  0.3010E+01  0.3587E+01  0.4149E+01  0.4498E+01  0.3058E-17
  0.1130E-02  0.9829E-03  0.7426E-03  0.4056E-03  0.2000E+01  0.2660E+01  0.3661E+01  0.4767E+01  0.5683E+01  0.2500E-17
  0.1140E-02  0.1019E-02  0.8341E-03  0.5944E-03  0.3110E-03  0.2000E+01  0.2302E+01  0.3156E+01  0.3900E+01  0.4300E+01  0.4835E+01  0.1798E-17
  0.1140E-02  0.1019E-02  0.8341E-03  0.5944E-03  0.3110E-03  0.2000E+01  0.2302E+01  0.3156E+01  0.3900E+01  0.4300E+01  0.4835E+01  0.7189E-18
  0.1140E-02  0.1019E-02  0.8341E-03  0.5944E-03  0.3110E-03  0.2000E+01  0.2302E+01  0.3156E+01  0.3900E+01  0.4300E+01  0.4835E+01  0.3176E-17
  0.1140E-02  0.1019E-02  0.8341E-03  0.5944E-03  0.3110E-03  0.2000E+01  0.2302E+01  0.3156E+01  0.3900E+01  0.4300E+01  0.4835E+01  0.1882E-17
  0.1050E-02  0.1005E-02  0.9089E-03  0.7546E-03  0.5444E-03  0.2868E-03  0.2000E+01  0.1909E+01  0.2494E+01  0.3010E+01  0.3587E+01  0.4149E+01  0.4498E+01  0.1556E-17
  0.1050E-02  0.1005E-02  0.9089E-03  0.7546E-03  0.5444E-03  0.2868E-03  0.2000E+01  0.1909E+01  0.2494E+01  0.3010E+01  0.3587E+01  0.4149E+01  0.4498E+01  0.3284E-17
  0.1050E-02  0.1005E-02  0.9089E-03  0.7546E-03  0.5444E-03  0.2868E-03  0.2000E+01  0.1909E+01  0.2494E+01  0.3010E+01  0.3587E+01  0.4149E+01  0.4498E+01  0.1727E-17
  0.1050E-02  0.1005E-02  0.9089E-03  0.7546E-03  0.5444E-03  0.2868E-03  0.2000E+01  0.1909E+01  0.2494E+01  0.3010E+01  0.3587E+01  0.4149E+01  0.4498E+01  0.2451E-17
  0.1140E-02  0.1019E-02  0.8341E-03  0.5944E-03  0.3110E-03  0.2000E+01  0.2302E+01  0.3156E+01  0.3900E+01  0.4300E+01  0.4835E+01  0.1878E-18
  0.1140E-02  0.1019E-02  0.8341E-03  0.5944E-03  0.3110E-03  0.2000E+01  0.2302E+01  0.3156E+01  0.3900E+01  0.4300E+01  0.4835E+01  0.4452E-17
  0.1140E-02  0.1019E-02  0.8341E-03  0.5944E-03  0.3110E-03  0.2000E+01  0.2302E+01  0.3156E+01  0.3900E+01  0.4300E+01  0.4835E+01  0.3224E-19
  0.1140E-02  0.1019E-02  0.8341E-03  0.5944E-03  0.3110E-03  0.2000E+01  0.2302E+01  0.3156E+01  0.3900E+01  0.4300E+01  0.4835E+01  0.1641E-17
  0.1140E-02  0.1019E-02  0.8341E-03  0.5944E-03  0.3110E-03  0.2000E+01  0.2302E+01  0.3156E+01  0.3900E+01  0.4300E+01  0.4835E+01  0.1446E-17
  0.5118E-03  0.1237E-02  0.1649E-02  0.1917E-02  0.2109E-02  0.2238E-02  0.2317E-02  0.2357E-02  0.2365E-02  0.2345E-02  0.2302E-02  0.2257E-02  0.2240E-02  0.2208E-02  0.2167E-02  0.2125E-02  0.2096E-02  0.9450E-03  0.5759E-03  0.3162E-03  0.2455E-03  0.1870E-03  0.1494E-03  0.1732E-03  0.1894E-03  0.1915E-03  0.1892E-03  0.1821E-03  0.1668E-03  0.1481E-03  0.1179E-03  0.8562E-04  0.5878E-04  0.2139E-04  0.2000E+01  0.1951E+01  0.1878E+01  0.1842E+01  0.1703E+01  0.2023E+01  0.2252E+01  0.2327E+01  0.2210E+01  0.2072E+01  0.2032E+01  0.2074E+01  0.1866E+01  0.1428E+01  0.1167E+01  0.1323E+01  0.2042E+01  0.3239E+01  0.1064E-04
  0.5118E-03  0.1237E-02  0.1649E-02  0.1917E-02  0.2109E-02  0.2238E-02  0.2317E-02  0.2357E-02  0.2365E-02  0.2345E-02  0.2302E-02  0.2257E-02  0.2240E-02  0.2208E-02  0.2167E-02  0.2125E-02  0.2096E-02  0.9450E-03  0.5759E-03  0.3162E-03  0.2455E-03  0.1870E-03  0.1494E-03  0.1732E-03  0.1894E-03  0.1915E-03  0.1892E-03  0.1821E-03  0.1668E-03  0.1481E-03  0.1179E-03  0.8562E-04  0.5878E-04  0.2139E-04  0.2000E+01  0.1951E+01  0.1878E+01  0.1842E+01  0.1703E+01  0.2023E+01  0.2252E+01  0.2327E+01  0.2210E+01  0.2072E+01  0.2032E+01  0.2074E+01  0.1866E+01  0.1428E+01  0.1167E+01  0.1323E+01  0.2042E+01  0.3239E+01  0.1064E-04
  0.1140E-02  0.1019E-02  0.8341E-03  0.5944E-03  0.3110E-03  0.2000E+01  0.2302E+01  0.3156E+01  0.3900E+01  0.4300E+01  0.4835E+01  0.4485E-18
  0.1140E-02  0.1019E-02  0.8341E-03  0.5944E-03  0.3110E-03  0.2000E+01  0.2302E+01  0.3156E+01  0.3900E+01  0.4300E+01  0.4835E+01  0.1363E-17
  0.1140E-02  0.1019E-02  0.8341E-03  0.5944E-03  0.3110E-03  0.2000E+01  0.2302E+01  0.3156E+01  0.3900E+01  0.4300E+01  0.4835E+01  0.2317E-17
  0.1140E-02  0.1019E-02  0.8341E-03  0.5944E-03  0.3110E-03  0.2000E+01  0.2302E+01  0.3156E+01  0.3900E+01  0.4300E+01  0.4835E+01  0.3340E-17
  0.1140E-02  0.1019E-02  0.8341E-03  0.5944E-03  0.3110E-03  0.2000E+01  0.2302E+01  0.3156E+01  0.3900E+01  0.4300E+01  0.4835E+01  0.1182E-17
  0.1140E-02  0.1019E-02  0.8341E-03  0.5944E-03  0.3110E-03  0.2000E+01  0.2302E+01  0.3156E+01  0.3900E+01  0.4300E+01  0.4835E+01  0.2650E-17
  0.1140E-02  0.1019E-02  0.8341E-03  0.5944E-03  0.3110E-03  0.2000E+01  0.2302E+01  0.3156E+01  0.3900E+01  0.4300E+01  0.4835E+01  0.2016E-17
  0.1140E-02  0.1019E-02  0.8341E-03  0.5944E-03  0.3110E-03  0.2000E+01  0.2302E+01  0.3156E+01  0.3900E+01  0.4300E+01  0.4835E+01  0.5441E-18
  0.1140E-02  0.1019E-02  0.8341E-03  0.5944E-03  0.3110E-03  0.2000E+01  0.2302E+01  0.3156E+01  0.3900E+01  0.4300E+01  0.4835E+01  0.1173E-17
  0.1140E-02  0.1019E-02  0.8341E-03  0.5944E-03  0.3110E-03  0.2000E+01  0.2302E+01  0.3156E+01  0.3900E+01  0.4300E+01  0.4835E+01  0.2804E-17
  0.1140E-02  0.1019E-02  0.8341E-03  0.5944E-03  0.3110E-03  0.2000E+01  0.2302E+01  0.3156E+01  0.3900E+01  0.4300E+01  0.4835E+01  0.1888E-17
  0.1140E-02  0.1019E-02  0.8341E-03  0.5944E-03  0.3110E-03  0.2000E+01  0.2302E+01  0.3156E+01  0.3900E+01  0.4300E+01  0.4835E+01  0.1802E-17
  0.1140E-02  0.1019E-02  0.8341E-03  0.5944E-03  0.3110E-03  0.2000E+01  0.2302E+01  0.3156E+01  0.3900E+01  0.4300E+01  0.4835E+01  0.6555E-18
  0.1140E-02  0.1019E-02  0.8341E-03  0.5944E-03  0.3110E-03  0.2000E+01  0.2302E+01  0.3156E+01  0.3900E+01  0.4300E+01  0.4835E+01  0.1173E-17
  0.1140E-02  0.1019E-02  0.8341E-03  0.5944E-03  0.3110E-03  0.2000E+01  0.2302E+01  0.3156E+01  0.3900E+01  0.4300E+01  0.4835E+01  0.9899E-18
  0.1140E-02  0.1019E-02  0.8341E-03  0.5944E-03  0.3110E-03  0.2000E+01  0.2302E+01  0.3156E+01  0.3900E+01  0.4300E+01  0.4835E+01  0.2975E-17
  0.1140E-02  0.1019E-02  0.8341E-03  0.5944E-03  0.3110E-03  0.2000E+01  0.2302E+01  0.3156E+01  0.3900E+01  0.4300E+01  0.4835E+01  0.8635E-18
  0.1140E-02  0.1019E-02  0.8341E-03  0.5944E-03  0.3110E-03  0.2000E+01  0.2302E+01  0.3156E+01  0.3900E+01  0.4300E+01  0.4835E+01  0.3496E-17
  0.1140E-02  0.1019E-02  0.8341E-03  0.5944E-03  0.3110E-03  0.2000E+01  0.2302E+01  0.3156E+01  0.3900E+01  0.4300E+01  0.4835E+01  0.1767E-17
  0.1140E-02  0.1019E-02  0.8341E-03  0.5944E-03  0.3110E-03  0.2000E+01  0.2302E+01  0.3156E+01  0.3900E+01  0.4300E+01  0.4835E+01  0.3635E-18
  0.1140E-02  0.1019E-02  0.8341E-03  0.5944E-03  0.3110E-03  0.2000E+01  0.2302E+01  0.3156E+01  0.3900E+01  0.4300E+01  0.4835E+01  0.8013E-18
  0.1140E-02  0.1019E-02  0.8341E-03  0.5944E-03  0.3110E-03  0.2000E+01  0.2302E+01  0.3156E+01  0.3900E+01  0.4300E+01  0.4835E+01  0.1465E-17
  0.1140E-02  0.1019E-02  0.8341E-03  0.5944E-03  0.3110E-03  0.2000E+01  0.2302E+01  0.3156E+01  0.3900E+01  0.4300E+01  0.4835E+01  0.2285E-17
  0.1140E-02  0.1019E-02  0.8341E-03  0.5944E-03  0.3110E-03  0.2000E+01  0.2302E+01  0.3156E+01  0.3900E+01  0.4300E+01  0.4835E+01  0.1626E-17
  0.1140E-02  0.1019E-02  0.8341E-03  0.5944E-03  0.3110E-03  0.2000E+01  0.2302E+01  0.3156E+01  0.3900E+01  0.4300E+01  0.4835E+01  0.1579E-17
  0.1140E-02  0.1019E-02  0.8341E-03  0.5944E-03  0.3110E-03  0.2000E+01  0.2302E+01  0.3156E+01  0.3900E+01  0.4300E+01  0.4835E+01  0.1480E-17
  0.1140E-02  0.1019E-02  0.8341E-03  0.5944E-03  0.3110E-03  0.2000E+01  0.2302E+01  0.3156E+01  0.3900E+01  0.4300E+01  0.4835E+01  0.1776E-17
  0.1140E-02  0.1019E-02  0.8341E-03  0.5944E-03  0.3110E-03  0.2000E+01  0.2302E+01  0.3156E+01  0.3900E+01  0.4300E+01  0.4835E+01  0.1846E-17
  0.1140E-02  0.1019E-02  0.8341E-03  0.5944E-03  0.3110E-03  0.2000E+01  0.2302E+01  0.3156E+01  0.3900E+01  0.4300E+01  0.4835E+01  0.2580E-18
  0.1140E-02  0.1019E-02  0.8341E-03  0.5944E-03  0.3110E-03  0.2000E+01  0.2302E+01  0.3156E+01  0.3900E+01  0.4300E+01  0.4835E+01  0.1684E-17
  0.1140E-02  0.1019E-02  0.8341E-03  0.5944E-03  0.3110E-03  0.2000E+01  0.2302E+01  0.3156E+01  0.3900E+01  0.4300E+01  0.4835E+01  0.1873E-17
  0.1140E-02  0.1019E-02  0.8341E-03  0.5944E-03  0.3110E-03  0.2000E+01  0.2302E+01  0.3156E+01  0.3900E+01  0.4300E+01  0.4835E+01  0.6159E-18
  0.1140E-02  0.1019E-02  0.8341E-03  0.5944E-03  0.3110E-03  0.2000E+01  0.2302E+01  0.3156E+01  0.3900E+01  0.4300E+01  0.4835E+01  0.1766E-17
  0.1140E-02  0.1019E-02  0.8341E-03  0.5944E-03  0.3110E-03  0.2000E+01  0.2302E+01  0.3156E+01  0.3900E+01  0.4300E+01  0.4835E+01  0.1650E-18
  0.1140E-02  0.1019E-02  0.8341E-03  0.5944E-03  0.3110E-03  0.2000E+01  0.2302E+01  0.3156E+01  0.3900E+01  0.4300E+01  0.4835E+01  0.3641E-17
  0.1140E-02  0.1019E-02  0.8341E-03  0.5944E-03  0.3110E-03  0.2000E+01  0.2302E+01  0.3156E+01  0.3900E+01  0.4300E+01  0.4835E+01  0.2124E-17
  0.1140E-02  0.1019E-02  0.8341E-03  0.5944E-03  0.3110E-03  0.2000E+01  0.2302E+01  0.3156E+01  0.3900E+01  0.4300E+01  0.4835E+01  0.3412E-18
  0.1902E-02  0.2852E-02  0.2000E+01  0.4602E+01  0.4760E-04
  0.2674E-03  0.2000E+01  0.2618E+01  0.1157E-04
  0.1410E-02  0.5999E-03  0.2000E+01  0.3326E+01  0.3348E+01  0.6043E-04
  0.6525E-03  0.1402E-02  0.1769E-02  0.1940E-02  0.1989E-02  0.1135E-02  0.5293E-03  0.3445E-03  0.1824E-03  0.5851E-04  0.2000E+01  0.1785E+01  0.2054E+01  0.1927E+01  0.1829E+01  0.3121E+01  0.6200E-05
  0.8758E-03  0.1908E-02  0.2394E-02  0.2653E-02  0.2769E-02  0.2798E-02  0.1537E-02  0.6790E-03  0.3732E-03  0.2724E-03  0.1433E-03  0.3842E-04  0.2000E+01  0.1832E+01  0.2607E+01  0.2653E+01  0.2305E+01  0.2003E+01  0.3334E+01  0.3431E-04
  0.8758E-03  0.1908E-02  0.2394E-02  0.2653E-02  0.2769E-02  0.2798E-02  0.1537E-02  0.6790E-03  0.3732E-03  0.2724E-03  0.1433E-03  0.3842E-04  0.2000E+01  0.1832E+01  0.2607E+01  0.2653E+01  0.2305E+01  0.2003E+01  0.3334E+01  0.3431E-04
  0.8758E-03  0.1908E-02  0.2394E-02  0.2653E-02  0.2769E-02  0.2798E-02  0.1537E-02  0.6790E-03  0.3732E-03  0.2724E-03  0.1433E-03  0.3842E-04  0.2000E+01  0.1832E+01  0.2607E+01  0.2653E+01  0.2305E+01  0.2003E+01  0.3334E+01  0.3431E-04
  0.8758E-03  0.1908E-02  0.2394E-02  0.2653E-02  0.2769E-02  0.2798E-02  0.1537E-02  0.6790E-03  0.3732E-03  0.2724E-03  0.1433E-03  0.3842E-04  0.2000E+01  0.1832E+01  0.2607E+01  0.2653E+01  0.2305E+01  0.2003E+01  0.3334E+01  0.3431E-04
  0.8758E-03  0.1908E-02  0.2394E-02  0.2653E-02  0.2769E-02  0.2798E-02  0.1537E-02  0.6790E-03  0.3732E-03  0.2724E-03  0.1433E-03  0.3842E-04  0.2000E+01  0.1832E+01  0.2607E+01  0.2653E+01  0.2305E+01  0.2003E+01  0.3334E+01  0.3431E-04
  0.8301E-03  0.1738E-02  0.2153E-02  0.2339E-02  0.1430E-02  0.6190E-03  0.3478E-03  0.1030E-03  0.2000E+01  0.1955E+01  0.2150E+01  0.2429E+01  0.3734E+01  0.2386E-04
  0.8301E-03  0.1738E-02  0.2153E-02  0.2339E-02  0.1430E-02  0.6190E-03  0.3478E-03  0.1030E-03  0.2000E+01  0.1955E+01  0.2150E+01  0.2429E+01  0.3734E+01  0.2386E-04
  0.1021E-02  0.2041E-02  0.2426E-02  0.2554E-02  0.1724E-02  0.6243E-03  0.3360E-03  0.1031E-03  0.2000E+01  0.2044E+01  0.2903E+01  0.2692E+01  0.3885E+01  0.4985E-04
  0.1594E-02  0.3062E-02  0.2673E-02  0.6154E-03  0.2000E+01  0.3085E+01  0.3919E+01  0.6052E-04
  0.1594E-02  0.3062E-02  0.2673E-02  0.6154E-03  0.2000E+01  0.3085E+01  0.3919E+01  0.6052E-04
  0.1076E-02  0.2147E-02  0.2478E-02  0.1822E-02  0.6163E-03  0.1801E-03  0.2000E+01  0.2110E+01  0.2616E+01  0.3893E+01  0.3394E-04
  0.6029E-03  0.1300E-02  0.1665E-02  0.1869E-02  0.1964E-02  0.1988E-02  0.1048E-02  0.4924E-03  0.3454E-03  0.2270E-03  0.1204E-03  0.3657E-04  0.2000E+01  0.1758E+01  0.1861E+01  0.2006E+01  0.1672E+01  0.1905E+01  0.3199E+01  0.8463E-05
  0.6029E-03  0.1300E-02  0.1665E-02  0.1869E-02  0.1964E-02  0.1988E-02  0.1048E-02  0.4924E-03  0.3454E-03  0.2270E-03  0.1204E-03  0.3657E-04  0.2000E+01  0.1758E+01  0.1861E+01  0.2006E+01  0.1672E+01  0.1905E+01  0.3199E+01  0.8463E-05
  0.6029E-03  0.1300E-02  0.1665E-02  0.1869E-02  0.1964E-02  0.1988E-02  0.1048E-02  0.4924E-03  0.3454E-03  0.2270E-03  0.1204E-03  0.3657E-04  0.2000E+01  0.1758E+01  0.1861E+01  0.2006E+01  0.1672E+01  0.1905E+01  0.3199E+01  0.8463E-05
  0.6029E-03  0.1300E-02  0.1665E-02  0.1869E-02  0.1964E-02  0.1988E-02  0.1048E-02  0.4924E-03  0.3454E-03  0.2270E-03  0.1204E-03  0.3657E-04  0.2000E+01  0.1758E+01  0.1861E+01  0.2006E+01  0.1672E+01  0.1905E+01  0.3199E+01  0.8463E-05
  0.6029E-03  0.1300E-02  0.1665E-02  0.1869E-02  0.1964E-02  0.1988E-02  0.1048E-02  0.4924E-03  0.3454E-03  0.2270E-03  0.1204E-03  0.3657E-04  0.2000E+01  0.1758E+01  0.1861E+01  0.2006E+01  0.1672E+01  0.1905E+01  0.3199E+01  0.8463E-05
  0.9109E-02  0.1487E-02  0.9369E-03  0.3542E-03  0.7281E-04  0.4070E-04  0.2000E+01  0.1562E+01  0.1188E+01  0.8280E+00  0.7950E+00  0.7163E+00  0.8618E+00  0.2053E-03
  0.1310E-02  0.2000E+01  0.2250E+01  0.2673E-03
  0.1535E-02  0.2000E+01  0.2364E+01  0.3433E-03
  0.1535E-02  0.2000E+01  0.2364E+01  0.3433E-03
  0.1310E-02  0.2000E+01  0.2250E+01  0.2673E-03
  0.1143E-02  0.1063E-02  0.9282E-03  0.7452E-03  0.5230E-03  0.2698E-03  0.2000E+01  0.2121E+01  0.2820E+01  0.3557E+01  0.4033E+01  0.4384E+01  0.4675E+01  0.2114E-17
  0.1143E-02  0.1063E-02  0.9282E-03  0.7452E-03  0.5230E-03  0.2698E-03  0.2000E+01  0.2121E+01  0.2820E+01  0.3557E+01  0.4033E+01  0.4384E+01  0.4675E+01  0.3016E-17
  0.1143E-02  0.1063E-02  0.9282E-03  0.7452E-03  0.5230E-03  0.2698E-03  0.2000E+01  0.2121E+01  0.2820E+01  0.3557E+01  0.4033E+01  0.4384E+01  0.4675E+01  0.2576E-17
  0.1143E-02  0.1063E-02  0.9282E-03  0.7452E-03  0.5230E-03  0.2698E-03  0.2000E+01  0.2121E+01  0.2820E+01  0.3557E+01  0.4033E+01  0.4384E+01  0.4675E+01  0.9416E-18
  0.1143E-02  0.1063E-02  0.9282E-03  0.7452E-03  0.5230E-03  0.2698E-03  0.2000E+01  0.2121E+01  0.2820E+01  0.3557E+01  0.4033E+01  0.4384E+01  0.4675E+01  0.3738E-17
  0.1143E-02  0.1063E-02  0.9282E-03  0.7452E-03  0.5230E-03  0.2698E-03  0.2000E+01  0.2121E+01  0.2820E+01  0.3557E+01  0.4033E+01  0.4384E+01  0.4675E+01  0.1788E-17
  0.1143E-02  0.1063E-02  0.9282E-03  0.7452E-03  0.5230E-03  0.2698E-03  0.2000E+01  0.2121E+01  0.2820E+01  0.3557E+01  0.4033E+01  0.4384E+01  0.4675E+01  0.1338E-17
  0.1143E-02  0.1063E-02  0.9282E-03  0.7452E-03  0.5230E-03  0.2698E-03  0.2000E+01  0.2121E+01  0.2820E+01  0.3557E+01  0.4033E+01  0.4384E+01  0.4675E+01  0.2657E-17
  0.1143E-02  0.1063E-02  0.9282E-03  0.7452E-03  0.5230E-03  0.2698E-03  0.2000E+01  0.2121E+01  0.2820E+01  0.3557E+01  0.4033E+01  0.4384E+01  0.4675E+01  0.1045E-17
  0.1143E-02  0.1063E-02  0.9282E-03  0.7452E-03  0.5230E-03  0.2698E-03  0.2000E+01  0.2121E+01  0.2820E+01  0.3557E+01  0.4033E+01  0.4384E+01  0.4675E+01  0.1580E-17
  0.1143E-02  0.1063E-02  0.9282E-03  0.7452E-03  0.5230E-03  0.2698E-03  0.2000E+01  0.2121E+01  0.2820E+01  0.3557E+01  0.4033E+01  0.4384E+01  0.4675E+01  0.2373E-17
  0.1180E-02  0.1110E-02  0.9836E-03  0.8011E-03  0.5688E-03  0.2964E-03  0.2000E+01  0.2241E+01  0.3007E+01  0.3628E+01  0.4275E+01  0.5044E+01  0.5533E+01  0.3180E-17
  0.1143E-02  0.1063E-02  0.9282E-03  0.7452E-03  0.5230E-03  0.2698E-03  0.2000E+01  0.2121E+01  0.2820E+01  0.3557E+01  0.4033E+01  0.4384E+01  0.4675E+01  0.4311E-18
  0.1143E-02  0.1063E-02  0.9282E-03  0.7452E-03  0.5230E-03  0.2698E-03  0.2000E+01  0.2121E+01  0.2820E+01  0.3557E+01  0.4033E+01  0.4384E+01  0.4675E+01  0.2127E-17
  0.1143E-02  0.1063E-02  0.9282E-03  0.7452E-03  0.5230E-03  0.2698E-03  0.2000E+01  0.2121E+01  0.2820E+01  0.3557E+01  0.4033E+01  0.4384E+01  0.4675E+01  0.2118E-17
  0.1143E-02  0.1063E-02  0.9282E-03  0.7452E-03  0.5230E-03  0.2698E-03  0.2000E+01  0.2121E+01  0.2820E+01  0.3557E+01  0.4033E+01  0.4384E+01  0.4675E+01  0.1882E-17
  0.3008E-03  0.2000E+01  0.2618E+01  0.1302E-04
  0.8758E-03  0.1908E-02  0.2394E-02  0.2653E-02  0.2769E-02  0.2798E-02  0.1537E-02  0.6790E-03  0.3732E-03  0.2724E-03  0.1433E-03  0.3842E-04  0.2000E+01  0.1832E+01  0.2607E+01  0.2653E+01  0.2305E+01  0.2003E+01  0.3334E+01  0.3431E-04
  0.7593E-03  0.1733E-02  0.2208E-02  0.2466E-02  0.2592E-02  0.2633E-02  0.2634E-02  0.1363E-02  0.6687E-03  0.4230E-03  0.3530E-03  0.2480E-03  0.1264E-03  0.3286E-04  0.2000E+01  0.2080E+01  0.2419E+01  0.2479E+01  0.2446E+01  0.2099E+01  0.1967E+01  0.3970E+01  0.4403E-05
  0.7593E-03  0.1733E-02  0.2208E-02  0.2466E-02  0.2592E-02  0.2633E-02  0.2634E-02  0.1363E-02  0.6687E-03  0.4230E-03  0.3530E-03  0.2480E-03  0.1264E-03  0.3286E-04  0.2000E+01  0.2080E+01  0.2419E+01  0.2479E+01  0.2446E+01  0.2099E+01  0.1967E+01  0.3970E+01  0.4403E-05
  0.7593E-03  0.1733E-02  0.2208E-02  0.2466E-02  0.2592E-02  0.2633E-02  0.2634E-02  0.1363E-02  0.6687E-03  0.4230E-03  0.3530E-03  0.2480E-03  0.1264E-03  0.3286E-04  0.2000E+01  0.2080E+01  0.2419E+01  0.2479E+01  0.2446E+01  0.2099E+01  0.1967E+01  0.3970E+01  0.4403E-05
  0.7593E-03  0.1733E-02  0.2208E-02  0.2466E-02  0.2592E-02  0.2633E-02  0.2634E-02  0.1363E-02  0.6687E-03  0.4230E-03  0.3530E-03  0.2480E-03  0.1264E-03  0.3286E-04  0.2000E+01  0.2080E+01  0.2419E+01  0.2479E+01  0.2446E+01  0.2099E+01  0.1967E+01  0.3970E+01  0.4403E-05
  0.7593E-03  0.1733E-02  0.2208E-02  0.2466E-02  0.2592E-02  0.2633E-02  0.2634E-02  0.1363E-02  0.6687E-03  0.4230E-03  0.3530E-03  0.2480E-03  0.1264E-03  0.3286E-04  0.2000E+01  0.2080E+01  0.2419E+01  0.2479E+01  0.2446E+01  0.2099E+01  0.1967E+01  0.3970E+01  0.4403E-05
  0.7593E-03  0.1733E-02  0.2208E-02  0.2466E-02  0.2592E-02  0.2633E-02  0.2634E-02  0.1363E-02  0.6687E-03  0.4230E-03  0.3530E-03  0.2480E-03  0.1264E-03  0.3286E-04  0.2000E+01  0.2080E+01  0.2419E+01  0.2479E+01  0.2446E+01  0.2099E+01  0.1967E+01  0.3970E+01  0.4403E-05
  0.7593E-03  0.1733E-02  0.2208E-02  0.2466E-02  0.2592E-02  0.2633E-02  0.2634E-02  0.1363E-02  0.6687E-03  0.4230E-03  0.3530E-03  0.2480E-03  0.1264E-03  0.3286E-04  0.2000E+01  0.2080E+01  0.2419E+01  0.2479E+01  0.2446E+01  0.2099E+01  0.1967E+01  0.3970E+01  0.4403E-05
  0.7593E-03  0.1733E-02  0.2208E-02  0.2466E-02  0.2592E-02  0.2633E-02  0.2634E-02  0.1363E-02  0.6687E-03  0.4230E-03  0.3530E-03  0.2480E-03  0.1264E-03  0.3286E-04  0.2000E+01  0.2080E+01  0.2419E+01  0.2479E+01  0.2446E+01  0.2099E+01  0.1967E+01  0.3970E+01  0.4403E-05
  0.5583E-03  0.1305E-02  0.1724E-02  0.1991E-02  0.2153E-02  0.2229E-02  0.2246E-02  0.2231E-02  0.2211E-02  0.1010E-02  0.5419E-03  0.3340E-03  0.2914E-03  0.2532E-03  0.2301E-03  0.1793E-03  0.1006E-03  0.2897E-04  0.2000E+01  0.2126E+01  0.2427E+01  0.2725E+01  0.2983E+01  0.2929E+01  0.2215E+01  0.1327E+01  0.1926E+01  0.3490E+01  0.7800E-05
  0.5647E-03  0.1342E-02  0.1771E-02  0.2043E-02  0.2210E-02  0.2293E-02  0.2317E-02  0.2306E-02  0.2289E-02  0.1031E-02  0.5664E-03  0.3412E-03  0.2757E-03  0.2436E-03  0.2194E-03  0.1636E-03  0.8749E-04  0.2678E-04  0.2000E+01  0.2027E+01  0.2414E+01  0.2726E+01  0.3044E+01  0.3005E+01  0.2334E+01  0.1503E+01  0.1856E+01  0.3551E+01  0.8182E-05
  0.7593E-03  0.1733E-02  0.2208E-02  0.2466E-02  0.2592E-02  0.2633E-02  0.2634E-02  0.1363E-02  0.6687E-03  0.4230E-03  0.3530E-03  0.2480E-03  0.1264E-03  0.3286E-04  0.2000E+01  0.2080E+01  0.2419E+01  0.2479E+01  0.2446E+01  0.2099E+01  0.1967E+01  0.3970E+01  0.4403E-05
  0.7593E-03  0.1733E-02  0.2208E-02  0.2466E-02  0.2592E-02  0.2633E-02  0.2634E-02  0.1363E-02  0.6687E-03  0.4230E-03  0.3530E-03  0.2480E-03  0.1264E-03  0.3286E-04  0.2000E+01  0.2080E+01  0.2419E+01  0.2479E+01  0.2446E+01  0.2099E+01  0.1967E+01  0.3970E+01  0.4403E-05
  0.7593E-03  0.1733E-02  0.2208E-02  0.2466E-02  0.2592E-02  0.2633E-02  0.2634E-02  0.1363E-02  0.6687E-03  0.4230E-03  0.3530E-03  0.2480E-03  0.1264E-03  0.3286E-04  0.2000E+01  0.2080E+01  0.2419E+01  0.2479E+01  0.2446E+01  0.2099E+01  0.1967E+01  0.3970E+01  0.4403E-05
  0.1626E-02  0.3136E-02  0.2725E-02  0.6655E-03  0.2000E+01  0.3107E+01  0.3977E+01  0.2972E-04
  0.7593E-03  0.1733E-02  0.2208E-02  0.2466E-02  0.2592E-02  0.2633E-02  0.2634E-02  0.1363E-02  0.6687E-03  0.4230E-03  0.3530E-03  0.2480E-03  0.1264E-03  0.3286E-04  0.2000E+01  0.2080E+01  0.2419E+01  0.2479E+01  0.2446E+01  0.2099E+01  0.1967E+01  0.3970E+01  0.4403E-05
  0.8301E-03  0.1738E-02  0.2153E-02  0.2339E-02  0.1430E-02  0.6190E-03  0.3478E-03  0.1030E-03  0.2000E+01  0.1955E+01  0.2150E+01  0.2429E+01  0.3734E+01  0.2386E-04
  0.6525E-03  0.1402E-02  0.1769E-02  0.1940E-02  0.1989E-02  0.1135E-02  0.5293E-03  0.3445E-03  0.1824E-03  0.5851E-04  0.2000E+01  0.1785E+01  0.2054E+01  0.1927E+01  0.1829E+01  0.3121E+01  0.6200E-05
  0.8301E-03  0.1738E-02  0.2153E-02  0.2339E-02  0.1430E-02  0.6190E-03  0.3478E-03  0.1030E-03  0.2000E+01  0.1955E+01  0.2150E+01  0.2429E+01  0.3734E+01  0.2386E-04
  0.8301E-03  0.1738E-02  0.2153E-02  0.2339E-02  0.1430E-02  0.6190E-03  0.3478E-03  0.1030E-03  0.2000E+01  0.1955E+01  0.2150E+01  0.2429E+01  0.3734E+01  0.2386E-04
  0.1211E-02  0.2367E-02  0.2731E-02  0.2021E-02  0.6446E-03  0.2086E-03  0.2000E+01  0.2210E+01  0.2837E+01  0.4059E+01  0.6263E-04
  0.6525E-03  0.1402E-02  0.1769E-02  0.1940E-02  0.1989E-02  0.1135E-02  0.5293E-03  0.3445E-03  0.1824E-03  0.5851E-04  0.2000E+01  0.1785E+01  0.2054E+01  0.1927E+01  0.1829E+01  0.3121E+01  0.6200E-05
  0.8996E-03  0.1837E-02  0.2224E-02  0.2381E-02  0.1534E-02  0.6170E-03  0.3382E-03  0.1000E-03  0.2000E+01  0.2038E+01  0.2319E+01  0.2464E+01  0.3674E+01  0.2837E-04
  0.1626E-02  0.3136E-02  0.2725E-02  0.6655E-03  0.2000E+01  0.3107E+01  0.3977E+01  0.2972E-04
  0.7005E-03  0.1490E-02  0.1875E-02  0.2130E-02  0.2236E-02  0.1214E-02  0.5620E-03  0.3858E-03  0.2010E-03  0.5529E-04  0.2000E+01  0.1982E+01  0.2084E+01  0.2083E+01  0.2156E+01  0.3653E+01  0.5923E-05
  0.8301E-03  0.1738E-02  0.2153E-02  0.2339E-02  0.1430E-02  0.6190E-03  0.3478E-03  0.1030E-03  0.2000E+01  0.1955E+01  0.2150E+01  0.2429E+01  0.3734E+01  0.2386E-04
  0.1423E-02  0.6308E-03  0.3088E-03  0.2000E+01  0.3504E+01  0.3324E+01  0.3813E+01  0.3191E-03
  0.1242E-02  0.3382E-03  0.2000E+01  0.3197E+01  0.3376E+01  0.2550E-03
  0.1310E-02  0.2000E+01  0.2250E+01  0.2673E-03
  0.1535E-02  0.2000E+01  0.2364E+01  0.3433E-03
  0.3693E-02  0.5810E-03  0.7386E-04  0.2000E+01  0.1364E+01  0.1258E+01  0.1216E+01  0.8928E-03
  0.7360E-03  0.1824E-02  0.2354E-02  0.2652E-02  0.2826E-02  0.2902E-02  0.2909E-02  0.2880E-02  0.2848E-02  0.1381E-02  0.7779E-03  0.3723E-03  0.3068E-03  0.3020E-03  0.2907E-03  0.2271E-03  0.1281E-03  0.3688E-04  0.2000E+01  0.2067E+01  0.2357E+01  0.2674E+01  0.3074E+01  0.3163E+01  0.2436E+01  0.1345E+01  0.1898E+01  0.3906E+01  0.2246E-04
  0.8872E-03  0.1895E-02  0.2349E-02  0.2567E-02  0.2640E-02  0.2647E-02  0.1543E-02  0.6465E-03  0.4514E-03  0.3338E-03  0.1783E-03  0.4824E-04  0.2000E+01  0.2053E+01  0.2389E+01  0.2412E+01  0.2425E+01  0.1790E+01  0.3680E+01  0.2475E-05
  0.8240E-03  0.7327E-03  0.5371E-03  0.2744E-03  0.2000E+01  0.1921E+01  0.2495E+01  0.2944E+01  0.3408E+01  0.9403E-07
  0.7912E-03  0.1982E-02  0.2536E-02  0.2832E-02  0.2999E-02  0.3062E-02  0.3051E-02  0.3053E-02  0.3027E-02  0.2996E-02  0.1496E-02  0.8447E-03  0.4240E-03  0.2988E-03  0.3108E-03  0.3043E-03  0.2520E-03  0.1728E-03  0.9538E-04  0.2865E-04  0.2000E+01  0.1927E+01  0.2121E+01  0.2608E+01  0.2759E+01  0.2462E+01  0.2446E+01  0.1868E+01  0.1352E+01  0.1979E+01  0.3915E+01  0.1578E-04
  0.8262E-03  0.1659E-02  0.1889E-02  0.1407E-02  0.5545E-03  0.1772E-03  0.2000E+01  0.2006E+01  0.1915E+01  0.2527E+01  0.1833E-04
  0.8262E-03  0.1659E-02  0.1889E-02  0.1407E-02  0.5545E-03  0.1772E-03  0.2000E+01  0.2006E+01  0.1915E+01  0.2527E+01  0.1833E-04
  0.1095E-02  0.2117E-02  0.2435E-02  0.2523E-02  0.1826E-02  0.7143E-03  0.4229E-03  0.1387E-03  0.2000E+01  0.2306E+01  0.2568E+01  0.2125E+01  0.3227E+01  0.1734E-04
  0.6525E-03  0.1402E-02  0.1769E-02  0.1940E-02  0.1989E-02  0.1135E-02  0.5293E-03  0.3445E-03  0.1824E-03  0.5851E-04  0.2000E+01  0.1785E+01  0.2054E+01  0.1927E+01  0.1829E+01  0.3121E+01  0.6200E-05
  0.6525E-03  0.1402E-02  0.1769E-02  0.1940E-02  0.1989E-02  0.1135E-02  0.5293E-03  0.3445E-03  0.1824E-03  0.5851E-04  0.2000E+01  0.1785E+01  0.2054E+01  0.1927E+01  0.1829E+01  0.3121E+01  0.6200E-05
  0.1596E-02  0.1371E-02  0.9373E-03  0.4804E-03  0.2000E+01  0.1821E+01  0.1747E+01  0.1873E+01  0.2173E+01  0.8569E-05
  0.1442E-02  0.1282E-02  0.9399E-03  0.4802E-03  0.2000E+01  0.1921E+01  0.2495E+01  0.2944E+01  0.3408E+01  0.1646E-06
  0.7938E-03  0.1638E-02  0.2024E-02  0.2196E-02  0.2242E-02  0.1356E-02  0.5279E-03  0.3634E-03  0.2098E-03  0.6679E-04  0.2000E+01  0.2110E+01  0.2857E+01  0.2466E+01  0.1764E+01  0.3271E+01  0.1910E-04
  0.1648E-02  0.1465E-02  0.1074E-02  0.5488E-03  0.2000E+01  0.1921E+01  0.2495E+01  0.2944E+01  0.3408E+01  0.1881E-06
  0.6073E-03  0.1511E-02  0.1980E-02  0.2266E-02  0.2447E-02  0.2542E-02  0.2574E-02  0.2563E-02  0.2533E-02  0.2506E-02  0.1139E-02  0.6590E-03  0.3483E-03  0.2856E-03  0.2904E-03  0.2680E-03  0.2392E-03  0.1757E-03  0.9378E-04  0.2593E-04  0.2000E+01  0.2104E+01  0.2436E+01  0.2645E+01  0.2879E+01  0.3168E+01  0.2882E+01  0.1941E+01  0.1319E+01  0.2209E+01  0.4082E+01  0.1096E-04
  0.9179E-03  0.2129E-02  0.2674E-02  0.2948E-02  0.3074E-02  0.3079E-02  0.3002E-02  0.2888E-02  0.2846E-02  0.2778E-02  0.2723E-02  0.1666E-02  0.8106E-03  0.3868E-03  0.2858E-03  0.3068E-03  0.3346E-03  0.3119E-03  0.2433E-03  0.1865E-03  0.1194E-03  0.4672E-04  0.2000E+01  0.1748E+01  0.1956E+01  0.2551E+01  0.2810E+01  0.2836E+01  0.2570E+01  0.2062E+01  0.1790E+01  0.1372E+01  0.1810E+01  0.3040E+01  0.1741E-04
  0.9179E-03  0.2129E-02  0.2674E-02  0.2948E-02  0.3074E-02  0.3079E-02  0.3002E-02  0.2888E-02  0.2846E-02  0.2778E-02  0.2723E-02  0.1666E-02  0.8106E-03  0.3868E-03  0.2858E-03  0.3068E-03  0.3346E-03  0.3119E-03  0.2433E-03  0.1865E-03  0.1194E-03  0.4672E-04  0.2000E+01  0.1748E+01  0.1956E+01  0.2551E+01  0.2810E+01  0.2836E+01  0.2570E+01  0.2062E+01  0.1790E+01  0.1372E+01  0.1810E+01  0.3040E+01  0.1741E-04
  0.9179E-03  0.2129E-02  0.2674E-02  0.2948E-02  0.3074E-02  0.3079E-02  0.3002E-02  0.2888E-02  0.2846E-02  0.2778E-02  0.2723E-02  0.1666E-02  0.8106E-03  0.3868E-03  0.2858E-03  0.3068E-03  0.3346E-03  0.3119E-03  0.2433E-03  0.1865E-03  0.1194E-03  0.4672E-04  0.2000E+01  0.1748E+01  0.1956E+01  0.2551E+01  0.2810E+01  0.2836E+01  0.2570E+01  0.2062E+01  0.1790E+01  0.1372E+01  0.1810E+01  0.3040E+01  0.1741E-04
  0.7938E-03  0.1638E-02  0.2024E-02  0.2196E-02  0.2242E-02  0.1356E-02  0.5279E-03  0.3634E-03  0.2098E-03  0.6679E-04  0.2000E+01  0.2110E+01  0.2857E+01  0.2466E+01  0.1764E+01  0.3271E+01  0.1910E-04
  0.1603E-02  0.1266E-02  0.6934E-03  0.2000E+01  0.1787E+01  0.2126E+01  0.2534E+01  0.4102E-04
  0.1603E-02  0.1266E-02  0.6934E-03  0.2000E+01  0.1787E+01  0.2126E+01  0.2534E+01  0.4102E-04
  0.7938E-03  0.1638E-02  0.2024E-02  0.2196E-02  0.2242E-02  0.1356E-02  0.5279E-03  0.3634E-03  0.2098E-03  0.6679E-04  0.2000E+01  0.2110E+01  0.2857E+01  0.2466E+01  0.1764E+01  0.3271E+01  0.1910E-04
  0.4426E-02  0.1103E-02  0.1789E-03  0.5200E-04  0.2000E+01  0.1403E+01  0.1422E+01  0.1057E+01  0.1147E+01  0.1192E-02
  0.1520E-02  0.1306E-02  0.8926E-03  0.4575E-03  0.2000E+01  0.1821E+01  0.1747E+01  0.1873E+01  0.2173E+01  0.8161E-05
  0.2825E-02  0.5467E-03  0.6445E-04  0.2000E+01  0.1334E+01  0.1233E+01  0.1204E+01  0.4004E-03
  0.1520E-02  0.1306E-02  0.8926E-03  0.4575E-03  0.2000E+01  0.1821E+01  0.1747E+01  0.1873E+01  0.2173E+01  0.8161E-05
  0.2016E-02  0.8384E-03  0.2000E+01  0.2416E+01  0.2900E+01  0.3369E-04
  0.1594E-02  0.3062E-02  0.2673E-02  0.6154E-03  0.2000E+01  0.3085E+01  0.3919E+01  0.6052E-04
  0.2138E-02  0.1688E-02  0.9245E-03  0.2000E+01  0.1787E+01  0.2126E+01  0.2534E+01  0.5470E-04
  0.7938E-03  0.1638E-02  0.2024E-02  0.2196E-02  0.2242E-02  0.1356E-02  0.5279E-03  0.3634E-03  0.2098E-03  0.6679E-04  0.2000E+01  0.2110E+01  0.2857E+01  0.2466E+01  0.1764E+01  0.3271E+01  0.1910E-04
  0.1824E-02  0.1567E-02  0.1071E-02  0.5490E-03  0.2000E+01  0.1821E+01  0.1747E+01  0.1873E+01  0.2173E+01  0.9793E-05
  0.7938E-03  0.1638E-02  0.2024E-02  0.2196E-02  0.2242E-02  0.1356E-02  0.5279E-03  0.3634E-03  0.2098E-03  0.6679E-04  0.2000E+01  0.2110E+01  0.2857E+01  0.2466E+01  0.1764E+01  0.3271E+01  0.1910E-04
  0.6525E-03  0.1402E-02  0.1769E-02  0.1940E-02  0.1989E-02  0.1135E-02  0.5293E-03  0.3445E-03  0.1824E-03  0.5851E-04  0.2000E+01  0.1785E+01  0.2054E+01  0.1927E+01  0.1829E+01  0.3121E+01  0.6200E-05
  0.7378E-03  0.1624E-02  0.2068E-02  0.2316E-02  0.2431E-02  0.2458E-02  0.2450E-02  0.1299E-02  0.5978E-03  0.3765E-03  0.3415E-03  0.2556E-03  0.1441E-03  0.4547E-04  0.2000E+01  0.2121E+01  0.2633E+01  0.3082E+01  0.2991E+01  0.2074E+01  0.1667E+01  0.3751E+01  0.1744E-04
  0.7938E-03  0.1638E-02  0.2024E-02  0.2196E-02  0.2242E-02  0.1356E-02  0.5279E-03  0.3634E-03  0.2098E-03  0.6679E-04  0.2000E+01  0.2110E+01  0.2857E+01  0.2466E+01  0.1764E+01  0.3271E+01  0.1910E-04
  0.8555E-03  0.2057E-02  0.2603E-02  0.2893E-02  0.3040E-02  0.3080E-02  0.3032E-02  0.2974E-02  0.2953E-02  0.2899E-02  0.2829E-02  0.2777E-02  0.1583E-02  0.8239E-03  0.3762E-03  0.2815E-03  0.2689E-03  0.3071E-03  0.3219E-03  0.2868E-03  0.2227E-03  0.1509E-03  0.1063E-03  0.4061E-04  0.2000E+01  0.1788E+01  0.2035E+01  0.2652E+01  0.2993E+01  0.2936E+01  0.2800E+01  0.2311E+01  0.1861E+01  0.1416E+01  0.1427E+01  0.2048E+01  0.3459E+01  0.3886E-04
  0.1611E-02  0.6855E-03  0.2000E+01  0.3326E+01  0.3348E+01  0.6906E-04
  0.8262E-03  0.1659E-02  0.1889E-02  0.1407E-02  0.5545E-03  0.1772E-03  0.2000E+01  0.2006E+01  0.1915E+01  0.2527E+01  0.1833E-04
  0.1608E-02  0.5549E-03  0.2653E-03  0.2000E+01  0.3290E+01  0.3760E+01  0.3434E+01  0.3558E-03
  0.1608E-02  0.5549E-03  0.2653E-03  0.2000E+01  0.3290E+01  0.3760E+01  0.3434E+01  0.3558E-03
  0.1188E-02  0.3223E-03  0.2000E+01  0.3369E+01  0.3356E+01  0.2137E-03
  0.1188E-02  0.3223E-03  0.2000E+01  0.3369E+01  0.3356E+01  0.2137E-03
  0.1188E-02  0.3223E-03  0.2000E+01  0.3369E+01  0.3356E+01  0.2137E-03
  0.1188E-02  0.3223E-03  0.2000E+01  0.3369E+01  0.3356E+01  0.2137E-03
  0.1188E-02  0.3223E-03  0.2000E+01  0.3369E+01  0.3356E+01  0.2137E-03
  0.1608E-02  0.5549E-03  0.2653E-03  0.2000E+01  0.3290E+01  0.3760E+01  0.3434E+01  0.3558E-03
  0.1188E-02  0.3223E-03  0.2000E+01  0.3369E+01  0.3356E+01  0.2137E-03
  0.1188E-02  0.3223E-03  0.2000E+01  0.3369E+01  0.3356E+01  0.2137E-03
  0.1188E-02  0.3223E-03  0.2000E+01  0.3369E+01  0.3356E+01  0.2137E-03
  0.1188E-02  0.3223E-03  0.2000E+01  0.3369E+01  0.3356E+01  0.2137E-03
  0.1188E-02  0.3223E-03  0.2000E+01  0.3369E+01  0.3356E+01  0.2137E-03
  0.1188E-02  0.3223E-03  0.2000E+01  0.3369E+01  0.3356E+01  0.2137E-03
  0.1188E-02  0.3223E-03  0.2000E+01  0.3369E+01  0.3356E+01  0.2137E-03
  0.1188E-02  0.3223E-03  0.2000E+01  0.3369E+01  0.3356E+01  0.2137E-03
  0.1188E-02  0.3223E-03  0.2000E+01  0.3369E+01  0.3356E+01  0.2137E-03
  0.1188E-02  0.3223E-03  0.2000E+01  0.3369E+01  0.3356E+01  0.2137E-03
  0.1188E-02  0.3223E-03  0.2000E+01  0.3369E+01  0.3356E+01  0.2137E-03
  0.1188E-02  0.3223E-03  0.2000E+01  0.3369E+01  0.3356E+01  0.2137E-03
  0.1188E-02  0.3223E-03  0.2000E+01  0.3369E+01  0.3356E+01  0.2137E-03
  0.1188E-02  0.3223E-03  0.2000E+01  0.3369E+01  0.3356E+01  0.2137E-03
  0.1188E-02  0.3223E-03  0.2000E+01  0.3369E+01  0.3356E+01  0.2137E-03
