0	bld-00	IDR	PFA	PFV	residual
0.001646	0.001321	0.001017	0.0005913	1.7	1.585	2.023	2.286	3.043	2.439e-18
0.002504	0.002307	0.001708	0.0008399	1.7	1.723	2.259	2.883	3.546	1.999e-05
0.002745	0.002241	0.001543	0.0008447	1.7	2.128	2.595	2.919	3.526	1.313e-05
0.001809	0.001539	0.001135	0.000603	1.7	1.616	1.974	2.622	3.138	6.33e-06
0.00218	0.002158	0.001742	0.0009127	1.7	1.616	2.29	2.887	3.557	0.0001268
0.003124	0.002188	0.001479	0.0006838	1.7	2.237	2.691	2.873	3.365	0.0001066
0.003735	0.00269	0.001456	0.0006101	1.7	2.271	2.843	3.051	3.25	5.37e-07
0.002931	0.002134	0.001273	0.0006218	1.7	2.246	2.691	2.876	3.31	5.418e-05
0.00249	0.002105	0.001546	0.0007941	1.7	1.92	2.393	2.874	3.486	3.463e-06
0.002057	0.001896	0.001486	0.0007844	1.7	1.492	2.177	2.847	3.436	3.556e-05
0.002109	0.001823	0.001347	0.0007144	1.7	1.812	2.453	2.881	3.319	1.151e-05
0.00215841	0.00191554	0.0014388	0.000807108	1.7	1.84258	2.37437	2.66518	3.42729	8.65633e-12
0.00211751	0.00150308	0.00104106	0.000584805	1.7	2.00254	2.22862	2.49001	3.17592	2.64807e-09
0.00341959	0.00269724	0.00183346	0.000848501	1.7	2.17814	2.69056	2.92591	3.58646	5.33589e-06
0.00387175	0.0027073	0.0015977	0.000662197	1.7	2.36659	2.94445	3.1156	3.42349	0.00191414
0.00195041	0.00189474	0.0016474	0.000927036	1.7	1.60262	2.18659	2.72253	3.51882	7.53171e-09
0.00246825	0.00192523	0.00134119	0.000679665	1.7	1.86642	2.44514	2.73224	3.27497	3.36105e-09
0.00263851	0.00224861	0.0015583	0.000781306	1.7	1.84699	2.48789	2.90739	3.43504	1.13068e-06
0.00278286	0.001988	0.00125005	0.000562445	1.7	2.13166	2.48623	2.68095	3.14421	2.52311e-09
0.00196721	0.00179394	0.00149967	0.000824689	1.7	1.73548	2.23385	2.66072	3.43248	6.0543e-10
0.00188575	0.00174342	0.00132361	0.00065634	1.7	1.50642	1.95279	2.76652	3.24897	0.000281695
0.00246531	0.00243134	0.00188381	0.000959378	1.7	1.59733	2.33169	2.94354	3.64772	3.7565e-08
0.00185187	0.00166811	0.00143252	0.000850756	1.7	1.65634	2.23613	2.67009	3.48621	7.95671e-08
0.00192408	0.00149193	0.00112786	0.00059662	1.7	1.59866	2.16203	2.53274	3.09477	2.78821e-10
0.00227044	0.00171797	0.00113281	0.00056011	1.7	1.86907	2.42736	2.67956	3.10662	5.60594e-09
0.00278932	0.00201983	0.00135856	0.000726446	1.7	2.32462	2.8477	2.90378	3.41883	1.91891e-06
0.00283764	0.00231106	0.00150714	0.000757221	1.7	2.0585	2.59561	2.88731	3.45556	1.61454e-06
0.00226604	0.00179994	0.00127266	0.000645355	1.7	1.79914	2.15471	2.61282	3.20704	1.22583e-09
0.00218069	0.0020187	0.00152315	0.000780812	1.7	1.60426	2.15864	2.79724	3.40251	2.9182e-07
0.00269765	0.00222439	0.0014253	0.000668667	1.7	1.98163	2.63387	3.08802	3.34471	0.672847
0.00180559	0.0016491	0.0013514	0.00081063	1.7	1.64013	2.13461	2.61684	3.4239	1.69653e-07
0.00164327	0.00184505	0.00160392	0.000920467	1.7	1.3023	1.88575	2.74229	3.46751	1.0279e-07
0.0034954	0.00263466	0.00176749	0.000856494	1.7	2.41449	2.86077	2.92757	3.59294	2.95113e-07
0.0019496	0.00169772	0.00133666	0.000707777	1.7	1.59026	2.12692	2.40829	3.25329	1.10803e-16
0.00226727	0.00195746	0.00130692	0.000655799	1.7	1.79072	2.25982	2.85705	3.28174	0.000202257
0.00263763	0.00222251	0.00152926	0.00075601	1.7	1.92883	2.52583	2.91493	3.43456	7.66123e-07
0.00213017	0.00168134	0.00114112	0.000635888	1.7	1.96461	2.53654	2.83131	3.20127	1.42497e-07
0.00259698	0.00218251	0.00141976	0.000652646	1.7	1.81285	2.51829	3.03428	3.27891	0.000692295
0.00175652	0.00183984	0.00169998	0.00095493	1.7	1.4084	2.10046	2.97397	3.62994	1.7087
0.00193956	0.00167184	0.00121076	0.000701516	1.7	1.75305	2.17161	2.6773	3.31259	3.17111e-08
0.00289831	0.00228516	0.00147265	0.000709631	1.7	2.17633	2.5789	3.04069	3.46527	0.047194
0.00260799	0.0022002	0.00139208	0.000684975	1.7	1.93159	2.43898	3.04977	3.42351	11.9463
0.00210841	0.00182235	0.00141251	0.000728395	1.7	1.65922	2.26024	2.67819	3.34582	1.45254e-09
0.00285483	0.00210549	0.00143596	0.000704095	1.7	2.13123	2.52287	2.7476	3.37053	3.5681e-09
0.00262045	0.00226134	0.00163978	0.000799169	1.7	1.95771	2.56334	3.1277	3.48467	145.455
0.00178671	0.00141307	0.00107682	0.000572341	1.7	1.66633	2.03606	2.45668	3.05445	3.18886e-10
0.00245802	0.00223563	0.00175369	0.000845075	1.7	1.73442	2.37698	3.04794	3.60984	7.00243
0.00278329	0.00270324	0.00187779	0.000918153	1.7	1.83249	2.46839	3.18179	3.65335	0.282881
0.00206772	0.00178753	0.00139609	0.000798812	1.7	1.74566	2.30943	2.72321	3.42127	3.63894e-08
0.00200563	0.00176923	0.00148783	0.000882967	1.7	1.69508	2.2803	2.6659	3.51714	6.89964e-08
0.00256256	0.00211991	0.00150337	0.00077935	1.7	2.03381	2.54768	2.9431	3.49772	0.0900773
0.00313944	0.00247671	0.00137887	0.000578128	1.7	1.9496	2.5951	2.96969	3.19302	8.90674e-08
0.0028191	0.00229232	0.00140868	0.000674945	1.7	2.06463	2.67954	2.94981	3.29757	6.99781e-07
0.00249111	0.0024058	0.0017777	0.000893163	1.7	1.68098	2.30359	2.94431	3.59533	0.00145177
0.00253648	0.00191278	0.00125257	0.000604934	1.7	1.92876	2.46368	2.83049	3.23895	0.000144068
0.00213566	0.00180442	0.0013583	0.000778742	1.7	1.89379	2.2941	2.71182	3.46127	2.36405e-06
0.00285013	0.00230777	0.0017289	0.000872788	1.7	2.11454	2.7468	3.04297	3.6088	0.222184
0.00235121	0.00198984	0.00139357	0.000703193	1.7	1.72857	2.20363	2.74719	3.31934	1.22519e-06
0.00350814	0.00297778	0.00177009	0.000811409	1.7	2.13943	2.80886	3.20412	3.53435	0.000921881
0.00147492	0.00143861	0.00118117	0.000680722	1.7	1.4014	1.7555	2.37088	3.20966	7.28925e-13
0.00218477	0.00183595	0.00138463	0.000760492	1.7	1.84028	2.3222	2.72226	3.35505	1.26631e-07
0.00219019	0.00197034	0.00159875	0.000924412	1.7	1.93067	2.35553	2.77923	3.58276	2.24672e-05
0.00348919	0.00250867	0.00158266	0.000759328	1.7	2.49768	2.88625	2.95718	3.46833	5.06615e-07
0.0030945	0.00247511	0.00159997	0.000728314	1.7	2.02688	2.50228	2.8141	3.34552	7.85794e-09
0.00180998	0.00161921	0.0012151	0.000604309	1.7	1.41191	1.88719	2.4784	3.09941	4.18679e-12
0.0035546	0.00281949	0.00169467	0.00072643	1.7	2.18023	2.91038	3.34265	3.44649	5.76759
0.0034134	0.00251315	0.00163774	0.000767679	1.7	2.27191	2.83549	2.97946	3.51264	4.5784e-05
0.00295373	0.00234544	0.00151061	0.000705742	1.7	2.05599	2.46701	3.00533	3.43057	1.0423
0.00242293	0.00213145	0.00153502	0.000740338	1.7	1.69083	2.1771	2.82494	3.42392	0.000534144
0.00238633	0.00188834	0.0013346	0.000679656	1.7	1.79489	2.30251	2.67728	3.25564	5.27629e-09
0.00325194	0.00270154	0.00184106	0.000874679	1.7	1.9563	2.7684	3.18878	3.64431	0.154424
0.00268082	0.00187725	0.00111025	0.000498192	1.7	2.05298	2.46733	2.7018	3.00717	5.83719e-10
0.00307784	0.00237374	0.00164712	0.000797785	1.7	1.97381	2.68809	2.97712	3.53881	0.00115386
0.00218278	0.00171505	0.00115578	0.000621652	1.7	1.93369	2.4582	2.74797	3.14519	7.6569e-10
0.00192166	0.0017854	0.0014583	0.000804754	1.7	1.59144	2.08114	2.70952	3.40885	5.02863e-07
0.0028324	0.00234072	0.00171045	0.000845983	1.7	1.97881	2.55371	3.07982	3.58222	0.796575
0.0025912	0.00211326	0.00144223	0.000689596	1.7	1.76068	2.26493	2.81767	3.34437	3.92412e-05
0.00346566	0.00292284	0.00183544	0.000849911	1.7	2.42188	2.84783	3.43703	3.65259	1.35507e+07
0.00355367	0.00269949	0.00159271	0.000699879	1.7	2.37742	2.90336	3.22295	3.43306	12.4459
0.00331386	0.00265335	0.00173327	0.000741834	1.7	2.07706	2.72788	3.18504	3.47887	8.3037
0.00184383	0.00185298	0.00154481	0.000849833	1.7	1.46379	1.98575	2.7908	3.50965	0.000456214
0.00272616	0.00183334	0.00113934	0.000545843	1.7	2.1119	2.82699	2.77391	3.06219	8.14181e-11
0.00292627	0.00246703	0.00162608	0.000788068	1.7	2.0815	2.90419	3.07855	3.47879	2.06408e-05
0.00271876	0.00207122	0.00132818	0.00059939	1.7	1.95376	2.35986	2.86121	3.23329	6.62699e-05
0.00128302	0.00133974	0.00122796	0.000816971	1.7	1.27018	1.68997	2.31474	3.29954	6.75012e-16
0.00227412	0.00165827	0.00113932	0.000590361	1.7	2.07318	2.37614	2.63354	3.14848	4.26783e-09
0.00277842	0.0017668	0.000955758	0.000479588	1.7	2.45255	2.62941	2.53417	2.9802	3.52127e-15
0.00170992	0.00143392	0.00114016	0.000594258	1.7	1.47994	2.0866	2.53944	3.08368	1.30657e-10
0.00272499	0.00203	0.00125132	0.000581373	1.7	2.0137	2.42396	2.74831	3.17012	1.65012e-08
0.00245347	0.00196831	0.00138514	0.000682148	1.7	1.7925	2.31994	2.71181	3.29754	6.60801e-10
0.00275737	0.00234017	0.00155155	0.000697799	1.7	1.79564	2.35795	2.92232	3.35128	5.62675e-06
0.0038391	0.00291185	0.0018904	0.000915455	1.7	2.37338	3.0394	2.99027	3.6571	2.85313e-08
0.00183895	0.00160937	0.00128713	0.000725663	1.7	1.57384	2.06013	2.51623	3.32046	3.03049e-13
0.00221938	0.0019537	0.0013563	0.000691698	1.7	1.68991	2.22903	2.68831	3.28418	2.09376e-10
0.00278034	0.0023461	0.00160448	0.000758719	1.7	1.89246	2.34452	2.84712	3.4386	1.0908e-06
0.00259643	0.00224472	0.00156367	0.000769489	1.7	1.85734	2.35227	2.99858	3.45004	0.0370305
0.00408732	0.00301818	0.00169495	0.000735408	1.7	2.47917	3.09004	3.36411	3.51447	24.492
0.00207157	0.00187695	0.00145287	0.000717839	1.7	1.53373	2.02921	2.73017	3.32973	3.00254e-06
0.00303134	0.00191767	0.00119921	0.00055484	1.7	2.50289	2.83589	2.79814	3.17552	5.57677e-06
0.0036945	0.00314518	0.00211844	0.000971835	1.7	2.33442	2.9343	3.27622	3.73047	0.106683
0.00356982	0.00281776	0.0017563	0.000828568	1.7	2.18455	2.91147	3.10455	3.5553	0.000180574
0.00236266	0.00164676	0.00117335	0.000587391	1.7	1.94996	2.42486	2.60737	3.19291	1.55349e-08
0.00261171	0.00209893	0.00137103	0.000702247	1.7	2.11537	2.64788	2.95499	3.35351	7.10037e-05
0.00287284	0.00273541	0.00189734	0.000955498	1.7	1.85327	2.63363	3.32826	3.70205	87.646
0.00409869	0.00346117	0.00223763	0.00100654	1.7	2.39983	3.14808	3.56051	3.83218	280.24
0.00242451	0.00209321	0.00144116	0.000737624	1.7	1.79639	2.38316	2.83624	3.3575	3.73349e-08
0.0024441	0.00186092	0.00108126	0.00053935	1.7	1.97668	2.42475	2.73373	3.0977	1.30659e-09
0.0030298	0.00227604	0.00144029	0.000615727	1.7	1.97569	2.47146	2.71387	3.21814	9.84725e-12
0.0024442	0.00192737	0.00128938	0.000692285	1.7	1.94131	2.37741	2.64472	3.29384	3.77429e-12
0.0019197	0.00174182	0.00136462	0.000772558	1.7	1.66538	2.13993	2.67918	3.34023	3.43591e-08
0.00400995	0.00279261	0.00157949	0.000720436	1.7	2.77684	3.28373	3.27976	3.53957	0.684017
0.00303625	0.00241582	0.00146531	0.000662735	1.7	1.88359	2.47747	2.83955	3.25973	6.17564e-12
0.00289225	0.00201587	0.0012605	0.000615653	1.7	2.29163	2.76281	2.76591	3.21922	8.16295e-11
0.00310339	0.00220807	0.00128664	0.000613267	1.7	2.31618	2.7667	2.94643	3.24577	2.90729e-07
0.00246577	0.00201403	0.00150173	0.000771489	1.7	1.87297	2.42392	2.81958	3.4351	5.50271e-06
0.00244541	0.00218083	0.00156598	0.000743015	1.7	1.73041	2.45002	3.09072	3.42922	1604.15
0.00252241	0.00230039	0.00184687	0.0010336	1.7	1.91913	2.53358	2.96876	3.7167	2.52089e-05
0.0023388	0.00213186	0.00161541	0.000827351	1.7	1.65133	2.2614	2.9085	3.48845	3.07276e-05
0.00240544	0.00191659	0.00134732	0.000714037	1.7	1.93778	2.38628	2.7385	3.31501	1.58409e-09
0.00382546	0.00317585	0.00216193	0.00102367	1.7	2.336	2.96539	3.28058	3.87494	6.1514
0.00251408	0.00211193	0.00151878	0.000754059	1.7	1.83322	2.43575	2.77525	3.42114	3.98294e-08
0.00342552	0.00288801	0.00206289	0.000994788	1.7	2.12518	2.79851	3.28436	3.85176	30.4491
0.00262167	0.00181463	0.00118007	0.000585755	1.7	2.15949	2.49331	2.83721	3.17353	4.36493e-05
0.00178789	0.00160847	0.00122102	0.000636051	1.7	1.54878	2.11827	2.64556	3.11282	1.28962e-10
0.00244345	0.0022102	0.0016232	0.000800349	1.7	1.76119	2.20116	2.83767	3.52133	1.4143e-05
0.00270089	0.00225446	0.00155689	0.000760356	1.7	1.90378	2.39936	2.81791	3.439	5.06792e-08
0.00215458	0.00199113	0.00158164	0.000830172	1.7	1.62573	2.28901	2.93486	3.51263	0.00395146
0.0035243	0.00275762	0.00167462	0.000808411	1.7	2.51324	3.12818	3.24033	3.56393	0.152981
0.00279989	0.002343	0.00150366	0.000707259	1.7	1.93208	2.58867	3.0816	3.37656	0.00140292
0.00239527	0.00201256	0.00141778	0.000675838	1.7	1.7888	2.25849	2.76318	3.26174	3.00576e-08
0.00297005	0.00224136	0.001337	0.000659654	1.7	2.26474	2.69438	2.97845	3.28242	0.000190005
0.00193334	0.00168537	0.00134588	0.000709157	1.7	1.59613	2.07874	2.58127	3.24787	3.5297e-09
0.00308134	0.0021998	0.00137474	0.000671861	1.7	2.33191	2.76581	2.80639	3.32371	8.3597e-09
0.00244088	0.00215791	0.0014746	0.000771722	1.7	1.87345	2.2957	2.95969	3.41631	0.00107748
0.00215422	0.00164874	0.00114821	0.000593015	1.7	1.93163	2.30935	2.67344	3.14362	6.35214e-06
0.00219178	0.00175494	0.00123585	0.000630956	1.7	1.81195	2.35674	2.75184	3.20893	1.78524e-08
0.0027226	0.002115	0.00140729	0.000706715	1.7	2.05395	2.66472	2.97258	3.38914	8.93159e-05
0.00292824	0.00224062	0.00149074	0.000684846	1.7	2.08861	2.47173	2.83775	3.29341	1.54406e-08
0.00227757	0.00186155	0.00125139	0.000655981	1.7	1.85403	2.26127	2.7444	3.27249	1.58198e-06
0.00190857	0.00148761	0.000986743	0.000518516	1.7	1.83808	2.21352	2.6823	2.99608	0.000108892
0.00323659	0.00254595	0.00181576	0.000815406	1.7	2.28561	2.83148	3.27554	3.62427	133059
0.00204762	0.00154974	0.00116106	0.000620696	1.7	1.78944	2.32345	2.62607	3.15106	2.78614e-09
0.00191195	0.0015641	0.00112473	0.000576824	1.7	1.65594	2.12736	2.53785	3.14166	3.26138e-09
0.00253225	0.00216914	0.00158081	0.000770239	1.7	1.74307	2.17532	2.91113	3.50918	9.27272
0.00276494	0.00220896	0.00163858	0.000841861	1.7	2.00607	2.41433	2.91417	3.61648	0.938865
0.00314167	0.00216588	0.00131221	0.000610734	1.7	2.24138	2.7067	2.86907	3.26657	2.35822e-05
0.00205656	0.00176446	0.00132694	0.000734729	1.7	1.69513	2.26311	2.73644	3.33804	5.39021e-07
0.00268204	0.00185691	0.00128866	0.000613334	1.7	2.02812	2.41591	2.64785	3.25657	2.2026e-07
0.00244223	0.00183241	0.00119051	0.000617708	1.7	1.94358	2.38299	2.51937	3.15966	3.49875e-16
0.00241811	0.00192405	0.00133343	0.000745708	1.7	2.01074	2.54243	2.77707	3.31374	1.80055e-10
0.00236445	0.00203834	0.0014599	0.000711743	1.7	1.70068	2.29473	2.80553	3.33939	9.06619e-07
0.00270199	0.00219506	0.00150901	0.000727325	1.7	1.87747	2.52221	2.88032	3.40687	7.30492e-07
0.00294551	0.00216692	0.00135818	0.000654088	1.7	2.08411	2.61102	2.82401	3.31937	3.17614e-07
0.00215885	0.00188709	0.00150419	0.000827005	1.7	1.83352	2.27348	2.77023	3.44115	3.1073e-06
0.00262479	0.00258671	0.0018697	0.000917669	1.7	1.66201	2.35982	3.03931	3.6458	0.000559166
0.00292497	0.00206146	0.00127653	0.000670316	1.7	2.38645	2.6493	2.7444	3.31088	2.41147e-09
0.00300851	0.00254431	0.00152413	0.000663298	1.7	1.87033	2.54539	3.02669	3.29297	6.24793e-07
0.00203088	0.00184467	0.00146549	0.000797388	1.7	1.60391	2.20311	2.74949	3.37462	2.5942e-07
0.00329471	0.00240262	0.00135021	0.000623587	1.7	2.32822	2.7965	2.95529	3.31808	1.18898e-06
0.00306591	0.00247262	0.00175271	0.00081324	1.7	2.19652	2.6488	3.01967	3.5156	0.237638
0.00160199	0.00137466	0.000967852	0.000542974	1.7	1.49513	1.9726	2.4656	3.03202	5.13829e-12
0.00264952	0.00198094	0.00130889	0.000629198	1.7	2.03907	2.56808	2.99639	3.27457	0.00695213
0.00299164	0.00224398	0.00148608	0.000727892	1.7	2.13643	2.61607	2.77049	3.39789	6.91179e-11
0.00335067	0.00240068	0.00151801	0.000706089	1.7	2.45519	2.80625	2.98891	3.41496	0.000263162
0.00365891	0.00264414	0.00156344	0.000696521	1.7	2.32519	2.8549	2.98117	3.42637	1.90875e-05
0.00295757	0.00226811	0.00143317	0.000601282	1.7	1.876	2.39406	2.87546	3.23756	1.3872e-05
0.00244218	0.00196156	0.00138327	0.000723267	1.7	1.93296	2.39342	2.86145	3.37883	0.00069203
0.00298168	0.00206012	0.00125874	0.000656405	1.7	2.44274	2.60577	2.71827	3.31653	1.38615e-07
0.00255199	0.00207505	0.00142113	0.000700149	1.7	2.00619	2.45929	2.89672	3.35638	5.77436e-06
0.00231652	0.00190212	0.00139068	0.000724642	1.7	1.88842	2.29788	2.84018	3.42224	0.00857404
0.00203436	0.00171857	0.00120929	0.000663745	1.7	1.68527	2.18104	2.67837	3.20652	2.04364e-08
0.0019319	0.00165061	0.00140491	0.000769661	1.7	1.60773	2.03181	2.54167	3.37298	2.03874e-09
0.0021132	0.00190093	0.00150923	0.000861259	1.7	1.70956	2.34917	2.66272	3.50395	6.91077e-12
0.00230461	0.00190644	0.00129373	0.000664316	1.7	1.78906	2.39373	2.85228	3.28405	0.00580176
0.00202878	0.00164357	0.00116916	0.00063355	1.7	1.74751	2.18566	2.64593	3.20235	5.08155e-08
0.00328142	0.00240906	0.00140483	0.000668534	1.7	2.27736	2.85586	2.87275	3.31723	1.82724e-10
0.00213289	0.00214387	0.00181582	0.000924724	1.7	1.53541	2.14251	2.93398	3.65873	0.0949469
0.00217109	0.00165743	0.00108925	0.000578493	1.7	1.80011	2.33618	2.58523	3.12085	2.93652e-13
0.00288833	0.00253323	0.00159658	0.000744983	1.7	1.88758	2.57427	3.17152	3.43225	0.0393659
0.00277813	0.00228853	0.00147329	0.000713706	1.7	1.84929	2.6395	2.99048	3.35812	1.67007e-06
0.00317629	0.00236396	0.00144685	0.000681308	1.7	2.21894	2.94431	3.07544	3.34851	3.88835e-05
0.00327504	0.00273227	0.00182489	0.000844026	1.7	2.23414	2.79168	3.3349	3.62451	567.293
0.00273453	0.00242116	0.00170027	0.000865086	1.7	1.97862	2.45907	3.0988	3.59281	0.433339
0.00266711	0.00247216	0.00181403	0.000903396	1.7	1.66979	2.28849	2.83104	3.59022	1.41036e-07
0.00345183	0.00227615	0.00138898	0.000663895	1.7	2.55371	2.7879	2.76783	3.35182	9.6662e-09
0.00178908	0.00148012	0.0011032	0.000621559	1.7	1.5558	2.13263	2.53253	3.13663	3.01653e-12
0.00221967	0.00170692	0.00119063	0.000627653	1.7	1.90416	2.42097	2.68432	3.23458	9.12225e-10
0.00228633	0.00202415	0.001436	0.000727453	1.7	1.70716	2.19284	2.78229	3.31941	5.21012e-07
0.00268161	0.00192642	0.00111974	0.000512232	1.7	1.97986	2.4312	2.70245	3.0875	5.38095e-10
0.00256733	0.00223804	0.00155019	0.000790845	1.7	1.82978	2.49349	3.06869	3.44505	0.0839579
0.00221864	0.00184288	0.00133889	0.000615261	1.7	1.56117	2.17661	2.74908	3.18876	1.60741e-07
0.00235995	0.00197998	0.00143521	0.000762426	1.7	1.9075	2.41416	2.72031	3.4141	1.05555e-08
0.00193644	0.00164089	0.0012855	0.000763523	1.7	1.81354	2.24041	2.62974	3.38052	9.71312e-10
0.00194514	0.00215512	0.00191334	0.00106271	1.7	1.34138	2.14798	2.9575	3.69972	0.000117608
0.00328074	0.00240949	0.00143083	0.000631061	1.7	2.19227	2.58469	3.07423	3.36795	122.941
0.00247457	0.00218768	0.00163504	0.000828428	1.7	1.76897	2.49672	3.01967	3.51966	0.00308218
0.00265381	0.00213564	0.00142757	0.000715283	1.7	1.9872	2.51871	2.86844	3.37	5.96005e-08
0.00346768	0.00258817	0.00164425	0.000769689	1.7	2.36088	2.92361	3.06808	3.49639	2.17549e-05
0.00195519	0.00178291	0.00134889	0.000751306	1.7	1.58985	2.16203	2.76118	3.37029	2.00531e-07
0.00356344	0.00255144	0.00162462	0.000671897	1.7	2.17498	2.74304	2.88463	3.36801	3.75584e-08
0.00397377	0.00281093	0.00168601	0.000737856	1.7	2.45661	2.92037	3.03678	3.43262	1.87058e-06
0.00198275	0.0018105	0.00150098	0.000851798	1.7	1.77772	2.29488	2.78537	3.45489	0.000151338
0.00273124	0.00204743	0.00138943	0.000700057	1.7	2.0704	2.55704	2.81713	3.31095	2.12195e-06
0.00279977	0.00225866	0.00153237	0.000725752	1.7	1.81845	2.43108	2.83436	3.40412	3.0638e-07
0.00175697	0.00154606	0.00128505	0.000716862	1.7	1.50885	1.88216	2.52906	3.32286	1.86264e-08
0.00242966	0.00163232	0.00104893	0.000534374	1.7	2.19785	2.51915	2.5656	3.04379	1.83394e-12
0.00280077	0.0024197	0.00160918	0.000753108	1.7	1.81647	2.41104	3.03696	3.4338	0.000389689
0.00296588	0.00272764	0.00187297	0.000823184	1.7	1.79271	2.61747	3.17704	3.54083	0.000518601
0.00192939	0.00182066	0.00135949	0.000733956	1.7	1.54471	2.04602	2.54313	3.29938	2.4063e-13
0.00158829	0.0014179	0.00116865	0.000669605	1.7	1.46205	2.01773	2.52468	3.22135	1.91294e-09
0.00204018	0.00143319	0.000981944	0.000518327	1.7	1.95055	2.29637	2.49927	3.01357	1.4546e-09
0.0025212	0.0020217	0.00136984	0.000669392	1.7	1.89713	2.32207	2.87515	3.29811	0.000978768
0.00394141	0.00316095	0.00200473	0.000899612	1.7	2.40542	2.99562	3.27781	3.7143	0.130466
0.00245445	0.00194101	0.00138296	0.000658048	1.7	1.82708	2.3225	2.86028	3.27918	0.00116176
0.00366896	0.00266935	0.00171166	0.000801604	1.7	2.44353	2.94371	3.07387	3.58099	0.0120671
0.00293976	0.00227677	0.00158457	0.000723716	1.7	1.81812	2.52355	2.8373	3.38369	2.62395e-09
0.00263241	0.00226653	0.00174895	0.000866701	1.7	1.90733	2.67361	3.02043	3.52951	0.000362182
0.00328384	0.00233344	0.00143974	0.000725145	1.7	2.41808	2.906	3.03207	3.439	0.00206865
0.00315667	0.00225857	0.00134509	0.000618603	1.7	2.28664	2.74335	2.98316	3.2754	0.00117852
0.00267021	0.00193205	0.00128246	0.000635117	1.7	2.13708	2.58586	2.76856	3.2634	7.7516e-08
0.00281364	0.00231928	0.00143985	0.000689393	1.7	2.01348	2.52325	2.91524	3.32341	1.57928e-05
0.00226974	0.00209824	0.00148621	0.000705672	1.7	1.68445	2.314	2.99084	3.36625	0.00857962
0.00177906	0.00144715	0.00110523	0.000633606	1.7	1.69832	2.03639	2.44337	3.13976	1.56349e-12
0.00363841	0.00253234	0.00153598	0.000661521	1.7	2.37386	2.84725	3.1482	3.4369	3.86312
0.00198895	0.00160166	0.00111926	0.000607177	1.7	1.74219	2.1404	2.49621	3.12573	2.01952e-12
0.0019091	0.00179787	0.00141642	0.000751158	1.7	1.45252	1.99974	2.60764	3.32273	1.21178e-11
0.00229958	0.00168636	0.0010117	0.000472803	1.7	1.89428	2.22745	2.63251	2.98092	1.56583e-07
0.00189267	0.00154538	0.00114609	0.000648809	1.7	1.58328	2.09009	2.44907	3.18895	3.42941e-14
0.00286432	0.00197449	0.00125508	0.000582641	1.7	2.17559	2.60772	2.79563	3.19086	3.56254e-07
0.00207886	0.00158129	0.00114431	0.000619422	1.7	1.8677	2.31075	2.40939	3.11687	1.56282e-16
0.00225009	0.00201602	0.00152904	0.000747077	1.7	1.68506	2.23391	2.914	3.40489	2.11849e-05
0.00230038	0.00200954	0.00145649	0.000720904	1.7	1.72178	2.29138	2.78642	3.36129	1.30894e-07
0.00268033	0.00200046	0.00141382	0.000756198	1.7	2.12934	2.4629	2.83341	3.43365	2.02192e-05
0.00247827	0.00211136	0.0016099	0.000793831	1.7	1.83901	2.30232	2.75753	3.47569	4.02191e-07
0.00201896	0.00186901	0.00138803	0.00075991	1.7	1.60545	2.29519	2.88408	3.38175	4.20218e-06
0.00199214	0.00173935	0.00133698	0.000689892	1.7	1.62165	2.21528	2.67906	3.227	3.12725e-09
0.00219218	0.00200884	0.0015367	0.000798439	1.7	1.64779	2.32285	2.86741	3.40854	3.29628e-07
0.00178698	0.00163787	0.00136841	0.000761942	1.7	1.52528	2.06987	2.72992	3.39249	0.000264625
0.00274101	0.00199297	0.001214	0.000623317	1.7	2.22903	2.60497	2.85859	3.25283	3.89043e-06
0.00216827	0.00204361	0.00152587	0.000778649	1.7	1.57884	2.22798	2.89747	3.44495	6.75972e-05
0.00180076	0.00164978	0.00128651	0.000702297	1.7	1.56542	2.0073	2.60162	3.253	2.73342e-09
0.0023802	0.00213996	0.00164563	0.00084288	1.7	1.68034	2.22632	2.81798	3.53113	8.9886e-07
0.00317698	0.00220939	0.0014782	0.000712876	1.7	2.40281	2.71611	2.91707	3.4567	0.064872
0.00216085	0.00154185	0.00103964	0.000569724	1.7	1.88085	2.39204	2.46506	3.03024	3.08483e-17
0.00216517	0.00166315	0.00109732	0.000573977	1.7	1.88287	2.27723	2.56233	3.14585	1.54139e-11
0.00293512	0.00187266	0.001109	0.000540046	1.7	2.40808	2.64161	2.61288	3.07723	4.20619e-13
0.00255702	0.00245301	0.00194922	0.000956509	1.7	1.67343	2.27544	3.01599	3.67133	0.0165456
0.00215088	0.00151855	0.000965878	0.000541417	1.7	2.06322	2.42898	2.59359	3.04899	4.02837e-09
0.00246552	0.00204646	0.00156595	0.0007653	1.7	1.92951	2.49415	2.82344	3.38201	4.21328e-08
0.00260207	0.00223602	0.00167297	0.000820805	1.7	1.76771	2.41955	2.82418	3.49884	2.64706e-09
0.0028906	0.00280242	0.00218794	0.00108421	1.7	1.94207	2.51871	3.35557	3.88639	34167.1
0.00215573	0.00179891	0.00125199	0.000636916	1.7	1.58699	2.25537	2.57861	3.17992	2.83963e-14
0.00234346	0.00190085	0.001313	0.00063881	1.7	1.83378	2.31788	2.81656	3.28994	3.64039e-05
0.00232069	0.00208633	0.00155111	0.000844225	1.7	1.71618	2.42409	2.80472	3.53204	2.56325e-08
0.00292565	0.00241217	0.00162903	0.000771139	1.7	2.04029	2.67984	3.05379	3.45912	0.00680435
0.00306727	0.00251111	0.00150179	0.000694819	1.7	2.17181	2.87069	3.24252	3.40192	4.88333
0.00263512	0.00208145	0.00133769	0.000652255	1.7	1.79321	2.21291	2.63849	3.26558	1.48488e-11
0.00211195	0.00187817	0.00137196	0.000755342	1.7	1.72147	2.22827	2.69398	3.39142	4.61379e-10
0.00306486	0.00256076	0.00170592	0.00079906	1.7	2.0761	2.70214	3.14703	3.51414	0.0398667
0.00181966	0.00177077	0.00139897	0.000798357	1.7	1.55432	2.11955	2.80277	3.38844	3.38819e-07
0.00136177	0.00145358	0.00132213	0.000806704	1.7	1.26306	1.83016	2.49326	3.34009	2.09502e-11
0.00363667	0.00264711	0.00161067	0.000733682	1.7	2.25067	2.62018	3.06325	3.46202	0.0225678
0.00206844	0.00157541	0.00108643	0.000604245	1.7	1.83363	2.1304	2.57929	3.1831	3.39313e-08
0.0025344	0.00200408	0.00133746	0.000671039	1.7	1.85247	2.46906	2.82613	3.30425	3.61096e-08
0.00338642	0.00199771	0.00111978	0.000540241	1.7	2.78951	2.96781	2.78405	3.14239	6.17719e-08
0.00215006	0.00204063	0.00168378	0.00087095	1.7	1.63695	2.26894	2.82583	3.48245	1.6136e-07
0.00408828	0.00295975	0.00163257	0.000705181	1.7	2.38695	2.99791	3.14093	3.45255	1.90726e-05
0.00274882	0.00216541	0.00143794	0.000720137	1.7	2.0757	2.39965	2.83802	3.34855	5.13712e-06
0.00156832	0.00132391	0.0010592	0.000608229	1.7	1.56536	2.01196	2.51222	3.09038	8.06905e-09
0.00235631	0.00183428	0.00131222	0.000705199	1.7	2.04888	2.54683	2.69994	3.32736	6.99601e-09
0.00300786	0.00219958	0.00137752	0.000665499	1.7	2.23458	2.54331	2.96096	3.40437	0.284947
0.00393888	0.0025037	0.0013517	0.000631101	1.7	2.65875	3.18419	2.92662	3.25434	3.57301e-11
0.00239377	0.00213762	0.0015146	0.000702067	1.7	1.6917	2.33395	2.90658	3.32548	4.0315e-05
0.00264054	0.00192118	0.00134819	0.000672872	1.7	2.03082	2.52018	2.76384	3.30137	8.82868e-07
0.00237399	0.00222372	0.00172887	0.0009283	1.7	1.79155	2.39213	3.01993	3.63204	0.0619514
0.00174727	0.00178693	0.00149369	0.000804033	1.7	1.35302	1.95346	2.68896	3.36801	1.03898e-07
0.0015825	0.00142326	0.00110356	0.000650586	1.7	1.56579	1.94789	2.5383	3.20537	3.86424e-07
0.0023723	0.00186112	0.00124798	0.00064871	1.7	1.89598	2.45429	2.71241	3.21965	6.78147e-10
0.00323635	0.00222398	0.00125021	0.000538834	1.7	2.33126	2.60896	2.91964	3.09864	0.000180359
0.00187211	0.00169148	0.00134901	0.00083175	1.7	1.71772	2.21778	2.64805	3.42967	2.67193e-09
0.00333484	0.002387	0.00149301	0.000710879	1.7	2.2514	2.88681	2.98288	3.42031	0.000137121
0.00276765	0.00209414	0.00139227	0.000666849	1.7	2.19923	2.70379	2.92781	3.33072	0.000155425
0.00293948	0.00227118	0.0014112	0.000710384	1.7	2.10385	2.58753	2.76256	3.3381	2.50581e-10
0.00219217	0.00224828	0.00174568	0.000811713	1.7	1.46275	2.06487	3.05144	3.50797	49.3799
0.00271024	0.00213992	0.00151838	0.000765888	1.7	1.98104	2.53193	2.87896	3.4711	2.0829e-05
0.00358484	0.00279273	0.00173118	0.000814717	1.7	2.37503	2.86248	3.1685	3.57875	0.0138019
0.00358295	0.00254431	0.00151367	0.000690286	1.7	2.30117	2.84933	3.0027	3.42111	0.000158855
0.00195119	0.00185513	0.00140788	0.00074402	1.7	1.64598	2.18792	2.78096	3.35197	2.1245e-06
0.00359092	0.00253368	0.00148396	0.00067684	1.7	2.54754	2.9397	3.12976	3.40636	0.0397955
0.00313221	0.00230561	0.00137026	0.000635905	1.7	2.26788	2.63292	3.04724	3.34093	3.15439
0.00232586	0.00211159	0.00145876	0.000702089	1.7	1.66465	2.42044	2.96817	3.32376	3.30213e-05
0.00297388	0.00246002	0.00148465	0.000694924	1.7	1.94923	2.60899	3.02258	3.36181	3.48707e-07
0.00282252	0.00235421	0.00170769	0.000859231	1.7	2.04216	2.42961	2.85867	3.58759	2.5642e-06
0.00204473	0.00193384	0.0016096	0.000871286	1.7	1.55952	2.06641	2.67401	3.51196	4.60212e-09
0.00274896	0.00224708	0.00144139	0.000683088	1.7	1.98608	2.46114	2.97821	3.34411	0.00173559
0.00284714	0.00236598	0.00161445	0.000810174	1.7	2.01213	2.4659	2.86653	3.5054	1.58214e-08
0.00223293	0.00184749	0.00138421	0.000769974	1.7	1.9366	2.43806	2.86258	3.43587	0.00243426
0.0017913	0.00184972	0.00159643	0.000899923	1.7	1.44701	2.05348	2.67978	3.53036	3.53752e-09
0.00341105	0.00231648	0.00130633	0.000561943	1.7	2.26805	2.68147	2.75671	3.12911	1.01459e-10
0.00222861	0.00194973	0.00136542	0.000784488	1.7	1.84104	2.29349	2.67975	3.41078	2.19505e-10
0.00179388	0.00164529	0.00140008	0.000784869	1.7	1.56463	2.09183	2.66908	3.37041	1.70895e-06
0.00217017	0.00188835	0.0014591	0.000767512	1.7	1.71016	2.24648	2.84232	3.44006	0.0020728
0.00291732	0.00221344	0.00135251	0.000626423	1.7	2.08088	2.49364	2.85025	3.29399	3.22038e-07
0.00242591	0.00200569	0.00128998	0.000648685	1.7	1.77177	2.43404	2.74695	3.22502	1.2758e-12
0.00192195	0.00202706	0.001707	0.000903507	1.7	1.38805	1.99501	2.84808	3.58234	0.000486495
0.00258103	0.00217096	0.00142315	0.000672468	1.7	1.86213	2.41657	2.91259	3.34196	9.91192e-07
0.00275681	0.00223445	0.00161089	0.000768737	1.7	1.85132	2.54011	2.92558	3.45117	9.83226e-06
0.0026853	0.00219404	0.00151401	0.000726423	1.7	1.99286	2.61953	3.0606	3.36113	0.0331985
0.00301521	0.00236963	0.00152489	0.000673229	1.7	2.23005	2.62188	3.07975	3.34394	0.317154
0.00175379	0.00167121	0.00129112	0.000664913	1.7	1.39868	1.97002	2.65283	3.21168	7.49954e-09
0.00195247	0.00148837	0.00110121	0.000649151	1.7	1.84387	2.30834	2.50182	3.17313	2.93425e-12
0.00284841	0.00178584	0.00110488	0.000581847	1.7	2.52531	2.69113	2.65406	3.20075	5.47485e-09
0.00278015	0.00221829	0.00151909	0.00073169	1.7	1.98241	2.54621	3.0152	3.46964	0.0143561
0.00223876	0.002047	0.00158741	0.000861597	1.7	1.84249	2.24804	2.7813	3.49756	3.00953e-06
0.00248413	0.0020034	0.00139426	0.000719304	1.7	1.98326	2.38982	2.75179	3.40281	7.59786e-06
0.0017702	0.00164506	0.00141578	0.000842977	1.7	1.55934	2.12104	2.66425	3.4491	6.32854e-10
0.00311893	0.00241109	0.00160592	0.000699913	1.7	1.99709	2.3995	2.95424	3.43428	0.0367018
0.00326904	0.0030357	0.00222739	0.000984786	1.7	1.93643	2.68041	3.39505	3.82362	144737
0.00269575	0.00203448	0.00136625	0.000672372	1.7	2.02131	2.38856	2.82268	3.2967	5.48e-06
0.00270083	0.00259596	0.0019375	0.000957458	1.7	1.7272	2.42914	3.0674	3.68923	0.000544247
0.00269545	0.00210163	0.0013357	0.000687643	1.7	2.02195	2.44875	2.79432	3.3522	6.87149e-08
0.0020546	0.0014409	0.000928678	0.000494157	1.7	1.99566	2.20705	2.34743	2.92519	4.26792e-17
0.00295666	0.00271576	0.00186954	0.000857739	1.7	1.8543	2.53985	3.11047	3.58149	0.0092405
0.00181405	0.00172567	0.0013177	0.000726353	1.7	1.53857	2.13846	2.7095	3.24166	3.02951e-10
0.00227934	0.00175765	0.00120394	0.000582678	1.7	1.68811	2.29831	2.64124	3.1417	1.22212e-10
0.00232652	0.00166984	0.00121487	0.000684074	1.7	2.1301	2.44334	2.53739	3.31466	7.42089e-12
0.0025329	0.00229812	0.00184714	0.000964047	1.7	1.81775	2.42206	2.99317	3.6596	0.00014429
0.00236386	0.00195291	0.00131217	0.000678654	1.7	1.81422	2.44331	2.79146	3.28836	2.18074e-10
0.00363874	0.00281339	0.00169331	0.000799488	1.7	2.31525	2.89471	3.14008	3.55059	0.000165632
0.00374326	0.00238063	0.00126124	0.000539966	1.7	2.59146	2.97262	2.93575	3.20838	1.52368e-06
0.00160749	0.00133645	0.00109099	0.000583716	1.7	1.47084	1.89928	2.41239	3.01859	2.20677e-12
0.00226215	0.00181559	0.00129761	0.000681447	1.7	1.74351	2.24427	2.60992	3.26456	3.93887e-09
0.00220968	0.0019928	0.0015381	0.000773609	1.7	1.63198	2.22529	2.78472	3.37579	1.08398e-07
0.00227382	0.00182832	0.00133975	0.000720831	1.7	1.83638	2.11348	2.69942	3.36166	2.57863e-05
0.00254905	0.00205965	0.001391	0.000671071	1.7	1.9213	2.33365	2.78808	3.31282	3.59807e-05
0.00223226	0.00201528	0.00157315	0.000827906	1.7	1.68256	2.38862	2.7896	3.44536	5.15386e-10
0.00326814	0.0024902	0.0015105	0.000694993	1.7	2.32666	2.84722	3.04383	3.33519	6.28058e-05
0.00287009	0.0022368	0.0014959	0.000628727	1.7	1.90742	2.43854	2.84655	3.22858	3.65089e-07
0.00311718	0.00232067	0.00149633	0.000718768	1.7	2.30257	2.79684	2.93266	3.39555	2.8136e-06
0.0024011	0.00199982	0.00139428	0.000680386	1.7	1.80494	2.3314	2.8395	3.30711	3.37727e-06
0.00320594	0.00254823	0.00180163	0.000927678	1.7	2.40603	2.93445	3.16867	3.69899	0.607564
0.00182959	0.0015583	0.00115662	0.000650444	1.7	1.58548	2.10164	2.50606	3.17981	8.83793e-13
0.00220385	0.00186109	0.0012565	0.000630335	1.7	1.65799	2.2585	2.78402	3.20624	1.47065e-06
0.00226115	0.00200194	0.00159407	0.000834741	1.7	1.79437	2.32612	2.79123	3.50003	6.44489e-07
0.00198168	0.00152197	0.00108227	0.00059441	1.7	1.88223	2.30677	2.46	3.09207	1.4471e-15
0.00321904	0.00235434	0.00138559	0.000659436	1.7	2.16869	2.72537	2.86367	3.28636	1.16587e-10
0.00362642	0.00300665	0.00184911	0.000835513	1.7	2.00096	2.68035	3.12732	3.59129	6.89896e-06
0.00210291	0.00162676	0.00109889	0.000573922	1.7	1.84959	2.16327	2.50887	3.14661	6.71574e-11
0.00267896	0.00209629	0.00137365	0.000660817	1.7	1.90565	2.37257	2.75669	3.30775	2.0921e-06
0.00306968	0.00219449	0.00147028	0.000710811	1.7	2.36795	2.77773	2.91539	3.40605	5.94544e-06
0.00264513	0.00205196	0.00143206	0.000675063	1.7	1.8631	2.57976	2.8107	3.28781	5.60667e-09
0.00425264	0.00332406	0.00177017	0.00073683	1.7	2.30344	3.15339	3.49838	3.52328	989.114
0.0026159	0.0022548	0.0015477	0.000735771	1.7	1.92493	2.36872	2.92615	3.42181	0.000491698
0.00171706	0.00150041	0.00120103	0.0006653	1.7	1.50185	2.08071	2.55124	3.19409	6.52326e-10
0.00183428	0.00154227	0.00122681	0.000627547	1.7	1.51745	2.05923	2.50517	3.17674	3.96638e-11
0.00234587	0.00187136	0.00143051	0.000766319	1.7	1.86048	2.32579	2.63415	3.39667	1.19653e-11
0.00290062	0.00229857	0.00171732	0.000842403	1.7	2.13649	2.71538	2.97666	3.58634	0.0150074
0.00235483	0.00231311	0.00186879	0.000914268	1.7	1.63307	2.24185	3.11959	3.69335	721.746
0.00250486	0.00211895	0.00154131	0.000811291	1.7	2.03578	2.46791	2.81832	3.46237	3.32395e-07
0.00223066	0.0023265	0.00161359	0.000881808	1.7	1.65585	2.25758	3.05316	3.57875	0.020179
0.00208276	0.00203672	0.00174564	0.00101493	1.7	1.63906	2.31421	2.90902	3.74714	0.000161623
0.00197505	0.00160092	0.00120212	0.000645027	1.7	1.7948	2.27116	2.81762	3.28194	0.281001
0.0027155	0.00218809	0.00147149	0.000774786	1.7	2.21606	2.67407	3.00672	3.49519	0.359467
0.00393549	0.00240624	0.00130976	0.000605938	1.7	2.94011	3.17389	2.93998	3.27272	1.29691e-07
0.00248981	0.00217994	0.00157903	0.000791454	1.7	1.80786	2.40625	2.96483	3.48407	0.000513095
0.00227664	0.00193591	0.001429	0.000726086	1.7	1.69983	2.28176	2.7973	3.3744	1.28859e-06
0.00304025	0.00236141	0.00151935	0.000729484	1.7	2.1362	2.73172	2.90762	3.4031	8.83197e-08
0.0029801	0.00270175	0.00178331	0.000818017	1.7	1.89897	2.49844	3.08655	3.55531	0.185882
0.00165029	0.00150104	0.00117874	0.000634567	1.7	1.46684	1.92788	2.55184	3.18255	1.00137e-06
0.00262983	0.00180221	0.00114577	0.000532504	1.7	2.1711	2.53655	2.74418	3.11093	1.73955e-05
0.00250335	0.00193625	0.00128458	0.000661806	1.7	1.97753	2.56676	2.78497	3.26501	5.99404e-09
0.00296867	0.00238364	0.00159363	0.000775724	1.7	2.19908	2.71421	3.04732	3.52402	0.094469
0.00268758	0.00227767	0.00160433	0.000789262	1.7	1.88637	2.42197	2.80875	3.50252	2.70009e-07
0.00248488	0.00196351	0.00126712	0.000611292	1.7	1.89786	2.25466	2.74395	3.19202	9.72126e-06
0.00203456	0.00181754	0.00145287	0.000719486	1.7	1.66103	2.22818	2.74421	3.37411	0.00036434
0.00156325	0.00139946	0.00122135	0.000711167	1.7	1.43276	2.01563	2.45182	3.24271	2.16072e-12
0.00187192	0.00185937	0.00163428	0.00088151	1.7	1.5367	2.1644	2.94174	3.49845	0.0187329
0.00223683	0.00158361	0.00111777	0.000591991	1.7	1.98552	2.30187	2.52942	3.16182	1.06636e-09
0.00237001	0.00211648	0.00160435	0.000796423	1.7	1.71524	2.21472	2.79632	3.48299	5.33072e-07
0.00393788	0.00286931	0.00162632	0.000740531	1.7	2.38613	2.73002	3.07535	3.53899	0.00261831
0.00295653	0.00225338	0.00135147	0.000597738	1.7	1.91212	2.45199	2.79583	3.17588	4.95821e-10
0.00263738	0.00220872	0.00156907	0.000829578	1.7	2.03842	2.62498	2.8458	3.52834	2.29536e-08
0.00283663	0.00229278	0.00149661	0.000690115	1.7	1.82067	2.36669	2.77923	3.31463	3.13684e-10
0.0024556	0.00242472	0.00181361	0.00103405	1.7	1.7606	2.50915	2.98989	3.71961	2.00494e-06
0.00205451	0.00204444	0.00171442	0.000954025	1.7	1.59338	2.20972	2.84681	3.58112	9.90404e-06
0.00300194	0.00227392	0.00154844	0.000759783	1.7	2.19025	2.76831	2.95025	3.4551	7.37035e-06
0.00483186	0.00328208	0.00171831	0.000735775	1.7	3.00071	3.25479	3.3001	3.55827	2.93225
0.00412886	0.00263906	0.00145671	0.000598209	1.7	2.66497	3.26418	3.11579	3.22955	1.14556e-05
0.00230089	0.0020569	0.00163335	0.000933884	1.7	1.88367	2.37896	2.85489	3.54215	9.17544e-07
0.00244658	0.00223299	0.00163721	0.000777545	1.7	1.71183	2.44011	3.03201	3.41202	0.000863151
0.00224372	0.00198227	0.00146061	0.000708398	1.7	1.67957	2.21381	2.89243	3.31446	0.000193142
0.00291585	0.00225517	0.00140964	0.000736482	1.7	2.45832	2.83788	3.07366	3.45055	8.01095
0.00147476	0.00134033	0.00108411	0.000676501	1.7	1.46481	1.91112	2.38447	3.15826	1.23121e-15
0.00293939	0.00252941	0.00191688	0.000966152	1.7	2.03482	2.6038	3.09375	3.71613	0.0299552
0.00328096	0.00251088	0.00144469	0.000678482	1.7	2.05229	2.69989	2.94262	3.32338	8.44407e-08
0.00275302	0.00245974	0.00175568	0.00085628	1.7	1.89983	2.38671	3.11085	3.59028	516.746
0.00222069	0.00158495	0.00105408	0.000545494	1.7	2.01016	2.2844	2.60669	3.09946	9.84522e-09
0.0029703	0.00250589	0.00153884	0.000684354	1.7	1.84963	2.63151	3.09139	3.36435	0.00183338
0.0020793	0.00161809	0.00112279	0.000602466	1.7	1.73995	2.13914	2.45358	3.13516	2.98964e-15
0.00127096	0.00120827	0.00111539	0.00072281	1.7	1.31734	1.84093	2.29124	3.20312	7.21193e-16
0.00238709	0.00202416	0.00145022	0.000740979	1.7	1.85682	2.32893	2.83581	3.41616	2.26334e-05
0.00161726	0.00161301	0.00135307	0.000812404	1.7	1.52374	1.9993	2.64455	3.37599	5.19848e-10
0.00262654	0.00217657	0.00148609	0.000754128	1.7	2.04637	2.65863	2.99606	3.42872	0.00143908
0.00321851	0.00244327	0.00141178	0.000707451	1.7	2.40437	2.80632	2.98207	3.41296	4.7164e-06
0.00192048	0.00173611	0.00144548	0.000852825	1.7	1.59522	2.24633	2.72501	3.50932	7.01404e-07
0.0023339	0.00167257	0.00102129	0.000493828	1.7	1.89063	2.29831	2.56526	2.94474	3.10831e-13
0.00233707	0.00207947	0.00151909	0.000755192	1.7	1.73323	2.3163	2.64776	3.31885	1.80163e-13
0.00259429	0.0019351	0.00121274	0.000602882	1.7	2.08996	2.45624	2.76748	3.23211	1.81702e-07
0.00212363	0.00163534	0.00116177	0.000656089	1.7	2.00394	2.50342	2.70064	3.235	1.05518e-07
0.00253109	0.00184016	0.00118064	0.000563737	1.7	1.99048	2.40974	2.80556	3.1619	2.96575e-05
0.00177659	0.00159185	0.00124262	0.000670799	1.7	1.43029	1.96499	2.67298	3.26576	3.82771e-06
0.0019008	0.00168281	0.00135966	0.000733457	1.7	1.54845	2.12746	2.6672	3.31438	5.79114e-08
0.00332375	0.00239711	0.00145	0.000680351	1.7	2.37712	2.77952	2.91528	3.35182	3.2082e-06
0.00217002	0.00219616	0.00179713	0.000987699	1.7	1.70291	2.26333	2.9409	3.69339	0.0324597
0.00287581	0.00265489	0.00180151	0.000907038	1.7	1.99129	2.8026	3.22805	3.61569	0.00224567
0.00438612	0.00333325	0.00196171	0.000834896	1.7	2.6238	3.14232	3.30444	3.62624	0.426234
0.00238763	0.00203969	0.00149494	0.000758152	1.7	1.74988	2.40499	2.79614	3.38373	1.70103e-09
0.00255503	0.0023641	0.0018714	0.000959124	1.7	1.91792	2.67011	3.13332	3.69958	1.04538
0.00238375	0.00200795	0.00135561	0.000659108	1.7	1.77462	2.27474	2.78535	3.2826	4.5494e-07
0.00266241	0.00203575	0.00131253	0.000634278	1.7	2.07868	2.5171	2.80788	3.26201	4.52379e-07
0.00267225	0.00202064	0.00136979	0.000689723	1.7	2.07808	2.62095	2.72764	3.30575	1.35223e-10
0.00419732	0.00285809	0.00154222	0.00065242	1.7	2.44601	2.90369	3.0617	3.35653	6.3557e-07
0.00226318	0.00181665	0.00125797	0.000638663	1.7	1.91739	2.29618	2.77101	3.26987	0.00177158
0.00254691	0.00197997	0.00137271	0.000715597	1.7	2.02301	2.40563	2.75059	3.38645	2.29514e-07
0.00198087	0.00201458	0.00174941	0.000945353	1.7	1.53473	2.28577	2.8318	3.5921	6.83995e-08
0.00313591	0.00238256	0.0015044	0.000735404	1.7	2.21743	2.71246	2.99565	3.46928	3.48708e-05
0.00238645	0.00201564	0.00143209	0.000714086	1.7	1.77367	2.29956	2.73311	3.2971	1.48692e-08
0.00336573	0.00270512	0.00183844	0.000875661	1.7	2.17695	2.84082	3.03991	3.65545	4.70346e-05
0.00306837	0.00237618	0.00153057	0.000679127	1.7	2.034	2.59166	2.8981	3.34408	9.40171e-07
0.00236802	0.0023443	0.00177443	0.000901713	1.7	1.57341	2.41883	3.0487	3.52924	0.000469066
0.00240133	0.00214252	0.00156018	0.000766704	1.7	1.75908	2.19283	2.86003	3.43631	0.000131186
0.00293345	0.00232849	0.00140887	0.000573373	1.7	1.8157	2.54395	3.13047	3.19912	0.0201743
0.0023163	0.00225836	0.00185469	0.000934877	1.7	1.61597	2.16476	2.87269	3.63081	6.43658e-05
0.00271503	0.0022637	0.00157722	0.00074763	1.7	1.83699	2.42844	2.88859	3.41741	3.98883e-06
0.0027124	0.00191073	0.00115753	0.000555206	1.7	2.11287	2.60269	2.79089	3.13256	2.84525e-07
0.00261487	0.0023302	0.00166212	0.000883668	1.7	1.85094	2.45338	3.07201	3.60611	0.0396078
0.00264286	0.00186012	0.00118287	0.000582578	1.7	2.13299	2.58774	2.81393	3.20747	1.19584e-05
0.00214383	0.00183449	0.00131658	0.00068157	1.7	1.79684	2.28874	2.70251	3.2378	1.16153e-10
0.00289868	0.0025557	0.00169972	0.000871294	1.7	1.97549	2.69482	2.99371	3.56169	2.37326e-07
0.00289043	0.00209289	0.00126967	0.000574424	1.7	2.11548	2.5134	2.81791	3.19972	8.86826e-08
0.0023112	0.0017748	0.00118883	0.000617429	1.7	1.8476	2.36173	2.66628	3.19704	4.05216e-09
0.00176065	0.00170839	0.00140581	0.000834411	1.7	1.50915	1.98113	2.56644	3.4233	2.66566e-10
0.00312564	0.00237566	0.00146064	0.000645173	1.7	2.04172	2.78586	2.98462	3.27398	1.0444e-07
0.00210127	0.00168304	0.0010529	0.000517529	1.7	1.8127	2.31412	2.75265	3.03192	2.56424e-06
0.00238617	0.00216562	0.00159688	0.000837664	1.7	1.90856	2.39643	2.97016	3.50119	0.00175129
0.00201312	0.00164531	0.00119916	0.000659412	1.7	1.82184	2.18301	2.77605	3.21887	0.0139565
0.00182745	0.00158505	0.00123725	0.000744698	1.7	1.68972	2.07337	2.47663	3.2824	7.16587e-14
0.00278214	0.00222833	0.00144783	0.000730481	1.7	1.99459	2.4864	2.80701	3.38017	7.767e-09
0.00274819	0.00186815	0.0011088	0.000536106	1.7	2.11578	2.62205	2.75999	3.04611	7.18585e-09
0.00274164	0.00200173	0.00134719	0.000641276	1.7	2.06031	2.43338	2.78034	3.27891	1.01664e-05
0.00363283	0.0027969	0.0016169	0.000730908	1.7	2.37574	3.03077	3.20214	3.4501	0.00300723
0.00214504	0.00166216	0.00114703	0.000625577	1.7	1.98847	2.36057	2.64424	3.2024	2.11168e-09
0.00250407	0.0023054	0.00175122	0.000829254	1.7	1.67634	2.24715	3.01795	3.54805	33.521
0.00257447	0.00219302	0.00157377	0.000761687	1.7	1.89922	2.53308	3.03614	3.46802	0.0531028
0.0034209	0.00249441	0.00149359	0.000629854	1.7	2.17413	2.83995	3.19202	3.35611	6.64822
0.00276441	0.00192936	0.00114719	0.000559582	1.7	2.30622	2.79336	2.71692	3.11328	2.287e-10
0.00213029	0.00199936	0.0017854	0.000947417	1.7	1.5543	2.20617	2.75914	3.64604	3.25801e-05
0.00260626	0.00205493	0.00145721	0.000727451	1.7	2.04023	2.52783	2.81502	3.36633	3.00919e-07
0.00270207	0.00193647	0.00124096	0.000632954	1.7	2.02449	2.43572	2.6515	3.24865	3.65486e-10
0.00187574	0.00214662	0.0019822	0.00108169	1.7	1.36512	2.10425	2.98974	3.75158	1.54752
0.00191489	0.00175543	0.00151453	0.000841054	1.7	1.5046	2.05842	2.57301	3.46669	7.03072e-10
0.00334902	0.00290133	0.00205463	0.000905235	1.7	1.99946	2.66142	3.34749	3.71763	5910.31
0.00165071	0.00139136	0.00103686	0.000575326	1.7	1.58746	1.86585	2.44131	3.04009	2.25119e-11
0.00297989	0.00244337	0.00158937	0.000705581	1.7	1.9108	2.57895	3.06201	3.37543	0.000610915
0.00263245	0.00200374	0.00126216	0.000612036	1.7	1.96427	2.53091	2.74332	3.21027	1.21824e-10
0.00252793	0.00208633	0.00143846	0.000736717	1.7	1.81639	2.38797	2.66909	3.33193	6.57936e-14
0.00253243	0.0020394	0.00134146	0.000717269	1.7	1.98893	2.45179	2.80277	3.37237	1.57068e-09
0.00235742	0.00189057	0.00127747	0.000624785	1.7	1.82787	2.38012	2.7627	3.22035	7.66111e-09
0.00209253	0.00190074	0.00157432	0.000864953	1.7	1.66012	2.28233	2.65516	3.45307	2.69892e-11
0.00354581	0.00307276	0.00225627	0.000987588	1.7	2.11835	2.71625	3.323	3.78531	3800.7
0.00283286	0.00215372	0.0013684	0.000645107	1.7	2.08212	2.44425	2.73094	3.24199	8.45939e-10
0.00206282	0.00191019	0.00144689	0.000810968	1.7	1.77251	2.38301	3.01196	3.48165	0.0150514
0.00244677	0.00222082	0.00155279	0.000804153	1.7	1.87278	2.41926	2.98808	3.451	2.68704e-05
0.00336467	0.0028326	0.00196746	0.00096737	1.7	2.23874	2.78911	3.15047	3.79431	0.0315395
0.00243781	0.00217871	0.00147969	0.00072341	1.7	1.65226	2.16132	2.93059	3.39316	0.000810359
0.00164091	0.00138351	0.00107308	0.000615211	1.7	1.57575	2.06967	2.57943	3.16614	7.76533e-09
0.00168882	0.00158555	0.0013724	0.000753681	1.7	1.40004	1.98595	2.51931	3.26578	4.21388e-13
0.0017654	0.00156575	0.00110747	0.00057692	1.7	1.46661	2.02125	2.60248	3.10667	9.76674e-11
0.00282271	0.00242377	0.00167468	0.000764529	1.7	1.8146	2.5215	3.09146	3.43884	0.0012333
0.00194422	0.00154477	0.0011501	0.00066235	1.7	1.77121	2.26507	2.55081	3.2455	1.98054e-11
0.00246011	0.00229552	0.00172373	0.000906409	1.7	1.81282	2.50458	3.00935	3.61857	0.000286304
0.00261753	0.00202602	0.00137101	0.000703887	1.7	1.94164	2.30494	2.7274	3.32643	7.70043e-08
0.00168817	0.00136587	0.00104651	0.000577971	1.7	1.65388	2.10822	2.61593	3.13037	3.03752e-06
0.00288792	0.00210286	0.00139495	0.000706695	1.7	2.37349	2.88819	3.0281	3.3854	0.00605392
0.00298043	0.00229362	0.00154918	0.000760209	1.7	2.06089	2.61074	2.8816	3.44691	6.957e-07
0.0021596	0.00177792	0.00135811	0.000692249	1.7	1.75045	2.25799	2.64514	3.30148	6.44755e-09
0.00154038	0.00160252	0.00146115	0.000834034	1.7	1.26032	1.87423	2.59634	3.4089	1.54924e-08
0.0028195	0.00227508	0.0015355	0.000734481	1.7	1.92273	2.41802	2.86228	3.40226	5.01629e-06
0.00237859	0.00178399	0.00124563	0.000632094	1.7	1.94022	2.36403	2.66907	3.21344	1.46561e-08
0.00207545	0.00179973	0.00128641	0.000683558	1.7	1.63348	2.12857	2.63656	3.27364	9.55758e-10
0.00149513	0.00126063	0.00103375	0.000621184	1.7	1.55048	1.97697	2.46425	3.1102	1.26543e-09
0.00180813	0.00157579	0.00119913	0.000653956	1.7	1.50774	2.02582	2.59352	3.18923	1.58843e-10
0.00498183	0.003216	0.00177793	0.000759703	1.7	3.0341	3.36145	3.2606	3.58588	0.0389226
0.00198657	0.00167364	0.00139356	0.000784473	1.7	1.6637	2.14257	2.56687	3.42609	3.88052e-11
0.00202446	0.00194932	0.00159722	0.000907991	1.7	1.60483	2.02831	2.76536	3.5796	0.000173116
0.0042367	0.00284446	0.00162782	0.000720103	1.7	2.60317	3.02964	3.05462	3.48551	1.93727e-05
0.00355071	0.00288671	0.00171737	0.000763995	1.7	2.24519	3.03838	3.26032	3.53862	0.112653
0.00180423	0.00150608	0.00107618	0.000625867	1.7	1.82497	2.21368	2.67995	3.17196	3.58625e-06
0.00292846	0.00250289	0.00164982	0.000811374	1.7	2.05331	2.48625	2.95936	3.51865	0.0047221
0.00185154	0.00189554	0.00150011	0.000909564	1.7	1.52422	2.1863	2.8568	3.53267	3.23504e-05
0.00322267	0.00248272	0.0014768	0.00062466	1.7	2.10533	2.64399	3.00835	3.25815	8.92348e-07
0.00211501	0.0018194	0.00134411	0.000723557	1.7	1.76998	2.35316	2.79837	3.35018	3.38908e-06
0.00209976	0.00185135	0.00144104	0.000780423	1.7	1.6463	2.24513	2.72235	3.41521	3.27495e-08
0.00269144	0.00185573	0.0010835	0.000508394	1.7	2.15025	2.41256	2.78954	3.11545	0.00119877
0.00213701	0.00180155	0.00131849	0.000740916	1.7	1.75546	2.25677	2.5888	3.36838	9.1885e-12
0.00301069	0.00230381	0.0016265	0.000783545	1.7	2.17095	2.67921	2.89519	3.47411	1.45944e-06
0.00401227	0.00309761	0.00186436	0.000770567	1.7	2.23293	2.94026	3.43579	3.61528	15807.1
0.00317176	0.0025064	0.00157551	0.000764649	1.7	2.21078	2.84196	3.0323	3.45227	7.04566e-06
0.00241265	0.00204053	0.00148379	0.00083628	1.7	2.01579	2.70216	2.85385	3.41983	1.27135e-10
0.00250631	0.00215484	0.00150427	0.000751012	1.7	1.78204	2.286	2.91174	3.42733	0.00118661
0.00241317	0.00203467	0.00152743	0.000826522	1.7	1.92113	2.44608	2.77107	3.46084	3.68887e-08
0.00225386	0.00216864	0.00168779	0.000950411	1.7	1.66561	2.46257	2.93021	3.61216	3.40036e-07
0.00254689	0.00235672	0.00171096	0.000824743	1.7	1.71877	2.38333	3.03342	3.50948	2.53604e-05
0.00258021	0.00254961	0.00190386	0.00109863	1.7	1.86853	2.46217	3.05549	3.88375	0.000421246
0.00200131	0.00183225	0.0013386	0.000725403	1.7	1.66069	2.23656	2.68767	3.29806	2.69148e-10
0.00230451	0.00218314	0.00166196	0.000810742	1.7	1.58706	2.27254	2.91877	3.47305	2.52281e-05
0.00229607	0.00167566	0.00110515	0.000578347	1.7	1.99588	2.46364	2.64139	3.10322	3.54207e-10
0.00173408	0.00168876	0.00153909	0.000823061	1.7	1.41973	1.98142	2.66683	3.42331	4.67556e-07
0.00254851	0.0020881	0.00130129	0.000678092	1.7	2.08344	2.56563	2.85945	3.29473	2.56889e-08
0.00237326	0.00184318	0.00134436	0.000750889	1.7	2.18448	2.53502	2.6568	3.3752	1.96242e-11
0.00187832	0.00194534	0.00164413	0.000889538	1.7	1.48463	2.14517	2.72088	3.47306	1.2089e-09
0.00295409	0.00244078	0.00170967	0.000819687	1.7	1.96099	2.48844	2.96192	3.58403	0.000509368
0.0033639	0.00273939	0.00178949	0.000798604	1.7	2.05716	2.66209	3.09627	3.52648	0.000972143
0.00249162	0.00185854	0.00120841	0.000627182	1.7	2.02616	2.37875	2.65833	3.22809	3.38023e-10
0.00251695	0.00191988	0.00129869	0.000671698	1.7	2.23285	2.53139	2.68959	3.25894	1.44104e-10
0.00329468	0.00225299	0.0012483	0.000561257	1.7	2.37934	2.6926	2.87407	3.1786	3.42368e-07
0.00206704	0.00201182	0.00153996	0.000845029	1.7	1.51089	2.14013	2.74867	3.43764	5.67037e-09
0.00223051	0.00184094	0.00129225	0.000683422	1.7	1.87085	2.31954	2.81115	3.35374	0.000911842
0.00272178	0.00251339	0.00191224	0.00096041	1.7	1.9854	2.52912	3.05618	3.67783	0.00825394
0.00331085	0.00245065	0.00147021	0.000659088	1.7	2.21831	2.71794	2.98887	3.32299	1.7163e-05
0.00246834	0.00183335	0.00125257	0.000679141	1.7	2.03099	2.63041	2.6611	3.26301	1.47673e-11
0.00276147	0.00224818	0.00158837	0.000797385	1.7	2.03557	2.50465	3.00302	3.54671	48.5827
0.00234756	0.0021017	0.00158814	0.000791403	1.7	1.65454	2.29784	2.90173	3.48757	0.00013145
0.00214256	0.00199555	0.00154032	0.000761416	1.7	1.55762	2.13226	2.88521	3.39094	0.0286448
0.00191438	0.00185334	0.00146772	0.000809443	1.7	1.45936	2.1625	2.70573	3.41854	1.15308e-11
0.00219793	0.00180173	0.00124904	0.000645972	1.7	1.72414	2.11122	2.59178	3.20843	1.32872e-10
0.002847	0.0022964	0.00139838	0.000630115	1.7	1.96474	2.66997	3.05568	3.22574	8.38167e-05
0.00336594	0.00242257	0.00140544	0.000679879	1.7	2.40141	3.03417	3.05076	3.34362	3.02295e-06
0.00269435	0.002115	0.00136696	0.000647198	1.7	1.99197	2.63271	3.0402	3.28234	0.0126054
0.00264957	0.00226275	0.00181026	0.00092564	1.7	1.93255	2.52716	2.9977	3.66421	16.1809
0.00174671	0.00169113	0.00147429	0.000908383	1.7	1.69049	2.22921	2.57058	3.47779	9.19502e-11
0.00285973	0.00245227	0.00177602	0.000962631	1.7	2.14332	2.66248	3.04709	3.78377	0.416749
0.0047559	0.00278535	0.00128642	0.000523869	1.7	3.1211	3.37633	3.11865	3.20196	3.76195e-05
0.00217725	0.00183442	0.00149509	0.00079975	1.7	1.79641	2.26787	2.74957	3.43703	3.9465e-06
0.00152661	0.0016518	0.00150598	0.000843509	1.7	1.22006	1.95098	2.65104	3.41591	2.88395e-10
0.00286112	0.00238522	0.00165627	0.000856279	1.7	2.01355	2.55836	3.09115	3.58509	2.56149
0.00257565	0.00234338	0.00187625	0.000936938	1.7	1.91139	2.43034	3.05127	3.70967	30.8489
0.0026194	0.0022404	0.00160471	0.000812701	1.7	1.88613	2.52591	3.10206	3.54831	19.3346
0.00238773	0.00185942	0.00136283	0.000720333	1.7	1.85529	2.33222	2.72415	3.33503	4.85903e-07
0.00252359	0.00208899	0.00167739	0.000878421	1.7	1.87526	2.47969	2.81591	3.56072	3.76186e-05
0.00180111	0.00173498	0.00137381	0.000771297	1.7	1.38317	1.97647	2.60337	3.38745	9.23284e-11
0.00231971	0.00178592	0.0011276	0.000583204	1.7	2.03266	2.44063	2.70749	3.1618	1.66123e-09
0.00264847	0.00205179	0.00135702	0.000674014	1.7	2.09038	2.64096	2.82118	3.3305	1.97353e-07
0.00307089	0.00262727	0.00177293	0.000819323	1.7	2.0443	2.50239	3.15088	3.61281	468.338
0.00171941	0.00156807	0.00119697	0.000699653	1.7	1.62313	2.19625	2.66067	3.2569	8.31196e-09
0.0028605	0.0019766	0.0012034	0.000644866	1.7	2.29851	2.66072	2.66242	3.25916	1.67159e-10
0.0014086	0.00138335	0.00114714	0.000659612	1.7	1.32327	1.98868	2.5961	3.14846	7.99977e-08
0.00237902	0.00194891	0.00133758	0.000681718	1.7	1.83316	2.36709	2.73482	3.28655	5.84553e-09
0.00239087	0.00209061	0.00153862	0.000770454	1.7	1.71179	2.407	2.78924	3.37308	5.14144e-09
0.0026022	0.00230291	0.00154499	0.000784648	1.7	1.78276	2.3752	2.94426	3.44877	4.82596e-06
0.00245352	0.00215621	0.00163927	0.000866656	1.7	1.88269	2.55416	2.99271	3.52569	0.000381525
0.00186739	0.00212006	0.00181175	0.00102383	1.7	1.42391	2.04261	3.02569	3.69436	1.23306
0.00167845	0.00155406	0.00137784	0.000800109	1.7	1.47135	2.00562	2.51941	3.34231	3.39258e-11
0.00314658	0.00230256	0.00139383	0.000671233	1.7	2.32285	2.73938	3.02201	3.40277	0.00652752
0.00292103	0.00245563	0.00169781	0.000810813	1.7	1.93424	2.48309	2.9802	3.51673	5.50575e-06
0.00381936	0.00229153	0.00124146	0.000542182	1.7	2.74552	2.9798	2.96383	3.22902	0.0326734
0.00248091	0.00181999	0.00115146	0.000542474	1.7	1.76364	2.36421	2.6645	3.10202	2.18692e-10
0.00200031	0.00168391	0.00130251	0.000710556	1.7	1.67936	2.29648	2.73206	3.33319	4.36054e-06
0.00253565	0.00207911	0.00145249	0.000743829	1.7	1.93385	2.37872	2.80541	3.37221	2.14363e-06
0.00196261	0.00174611	0.00129615	0.000745402	1.7	1.75395	2.19728	2.63242	3.30188	6.00629e-11
0.00267004	0.00208913	0.0015022	0.000802543	1.7	2.05214	2.63811	2.84355	3.49638	4.7741e-07
0.00135597	0.00160576	0.00143088	0.00086356	1.7	1.10926	1.87398	2.79044	3.41645	0.000133133
0.00258957	0.00198473	0.00135392	0.000678891	1.7	1.94321	2.37049	2.71897	3.33052	1.9887e-08
0.00208303	0.00223772	0.00183183	0.000932719	1.7	1.45091	2.18601	3.01398	3.58151	0.00118241
0.00170343	0.00167469	0.00137202	0.000785536	1.7	1.49571	2.00872	2.72851	3.39772	3.31408e-05
0.00259681	0.0021536	0.00142988	0.000728232	1.7	1.92386	2.50201	2.88053	3.38688	9.28736e-07
0.00197012	0.00196961	0.00158207	0.000938538	1.7	1.65965	2.24127	2.78021	3.55877	5.83149e-08
0.00240231	0.00192411	0.0013844	0.000727756	1.7	1.85068	2.28398	2.71926	3.42541	1.01163e-06
0.00234651	0.00205026	0.00149912	0.000722578	1.7	1.72429	2.25186	2.80376	3.38764	1.62439e-05
0.00204435	0.00182234	0.00130494	0.000627532	1.7	1.51328	2.08218	2.69256	3.22925	2.98389e-10
0.00283054	0.0019242	0.00119426	0.000595955	1.7	2.2618	2.63474	2.70786	3.19421	4.24995e-09
0.00301972	0.00246455	0.00161558	0.000765428	1.7	2.07031	2.55251	2.91287	3.47934	2.30042e-06
0.00205983	0.00199477	0.00165947	0.00086431	1.7	1.5684	2.21108	2.80426	3.4637	6.77784e-08
0.00290607	0.00212824	0.00137643	0.000707996	1.7	2.21708	2.52183	2.79365	3.39944	2.66886e-09
0.00294911	0.00257793	0.00170439	0.000850726	1.7	1.91807	2.5808	3.08486	3.55666	6.63302e-05
0.00322929	0.00286178	0.00188162	0.00093062	1.7	2.115	2.71043	3.25507	3.7364	491.131
0.00297893	0.00232172	0.00141686	0.000656561	1.7	2.06962	2.61518	2.85647	3.29195	1.9247e-09
0.00392994	0.00282909	0.00167556	0.000754359	1.7	2.50862	3.05696	3.08063	3.55235	1.59273e-05
0.00375304	0.00312498	0.00208054	0.000909413	1.7	2.17363	2.83638	3.36438	3.74591	12493.5
0.00212076	0.00199044	0.00148638	0.000778024	1.7	1.71337	2.30482	2.86617	3.40207	8.49088e-05
0.00197388	0.00191784	0.00158127	0.000900962	1.7	1.60532	2.26757	2.8453	3.56482	8.23938e-07
0.0019256	0.00162092	0.00114784	0.000595398	1.7	1.59131	2.06594	2.59186	3.12143	4.863e-10
0.00193982	0.00154673	0.00120434	0.000642627	1.7	1.67229	2.05048	2.49	3.21636	3.36052e-10
0.00221288	0.00194175	0.00155486	0.00082718	1.7	1.66448	2.26082	2.64904	3.4745	4.45762e-10
0.00146625	0.00137448	0.00118537	0.000690067	1.7	1.40405	1.82916	2.4522	3.19352	5.3419e-11
0.00246669	0.00183166	0.00122095	0.00064983	1.7	2.05195	2.72576	2.81944	3.24175	1.48712e-07
0.00172827	0.00167063	0.00134568	0.000785782	1.7	1.46821	2.0494	2.6242	3.32297	1.56775e-09
0.00258697	0.00213086	0.00132366	0.000648942	1.7	1.93121	2.44354	2.83336	3.24201	2.17889e-08
0.0032871	0.00245361	0.00158523	0.0007112	1.7	2.16412	2.59588	3.00791	3.40147	0.00745993
0.00245317	0.00202128	0.00132788	0.000681847	1.7	1.92441	2.4128	2.69924	3.29234	9.26288e-12
0.00234311	0.00198949	0.00155041	0.000803222	1.7	1.80594	2.2175	2.70002	3.49369	7.53082e-08
0.00224024	0.00170227	0.00117968	0.000659995	1.7	1.9612	2.47108	2.61187	3.25374	6.55879e-11
0.00271695	0.00209782	0.00155116	0.00082746	1.7	2.15067	2.66068	2.74767	3.47031	8.24353e-10
0.00185096	0.00176371	0.00140507	0.000822022	1.7	1.75298	2.21139	2.77956	3.45766	0.00618575
0.00294935	0.00230581	0.00151726	0.00073149	1.7	2.18109	2.56011	2.92949	3.37822	0.000416738
0.00213907	0.00194301	0.00154726	0.000836232	1.7	1.78497	2.34733	3.01007	3.48775	0.345199
0.00204582	0.00171649	0.00127505	0.00067087	1.7	1.6995	2.34741	2.72848	3.21723	7.36661e-09
0.00152646	0.0013453	0.000995975	0.000569548	1.7	1.50524	1.99698	2.42416	3.04402	5.2114e-12
0.00138683	0.00138768	0.00120403	0.000761032	1.7	1.33752	1.85732	2.39202	3.25753	2.83178e-15
0.00194131	0.00171772	0.00137653	0.000791336	1.7	1.65662	2.37314	2.596	3.33438	2.37119e-15
0.0028757	0.00228741	0.00136423	0.000630721	1.7	1.93335	2.47015	2.81545	3.26439	9.25353e-09
0.00274354	0.00230158	0.00151008	0.000746783	1.7	2.07523	2.44832	2.87709	3.41481	0.000437415
0.00276121	0.00205504	0.00131986	0.0006708	1.7	2.26322	2.69317	2.80998	3.29111	1.19734e-08
0.00204954	0.00171534	0.00130183	0.000660082	1.7	1.55758	2.21192	2.83881	3.26413	0.00144736
0.00313659	0.00247621	0.00163612	0.000775044	1.7	2.0425	2.62094	2.89624	3.46262	1.98273e-07
0.00397056	0.00273703	0.00159133	0.000716911	1.7	2.68158	3.08153	3.08484	3.45065	0.00798656
0.00260475	0.00186733	0.00125127	0.000675556	1.7	2.21495	2.58315	2.66354	3.31456	7.77597e-10
0.00392699	0.00281184	0.0016138	0.000734084	1.7	2.4845	2.9065	3.02768	3.43079	1.29575e-05
0.00343016	0.00298166	0.00200771	0.000884378	1.7	1.85265	2.64771	3.22241	3.61358	0.000527049
0.00349484	0.00262699	0.00155283	0.000664883	1.7	2.32347	2.95859	3.23219	3.40751	1.37101
0.00233711	0.00208113	0.00144471	0.00066827	1.7	1.52196	2.08466	2.77924	3.23524	1.60999e-07
0.00194946	0.00179901	0.00151265	0.000815026	1.7	1.58897	2.16184	2.71613	3.43293	1.99377e-06
0.00238629	0.00213939	0.00145631	0.000705931	1.7	1.68734	2.22564	2.88241	3.33395	1.2598e-05
0.00260902	0.00215189	0.0014459	0.000677894	1.7	1.78055	2.36023	2.89481	3.32946	2.64207e-06
0.00243971	0.00190845	0.00134914	0.000718313	1.7	1.87794	2.52472	2.8145	3.41261	2.20383e-06
0.00209985	0.00180354	0.00134834	0.000755242	1.7	1.75849	2.18724	2.72003	3.39335	1.10041e-06
0.00292662	0.00228717	0.00142577	0.000694801	1.7	2.02838	2.49448	2.68921	3.33035	6.38022e-14
0.00152394	0.00137231	0.00112658	0.000676237	1.7	1.45658	1.99675	2.43433	3.18533	3.29623e-13
0.00301185	0.00281938	0.00190247	0.000823113	1.7	1.72152	2.47678	3.12177	3.55184	0.0284991
0.00199392	0.00196419	0.00143511	0.000751966	1.7	1.48858	2.1925	2.90987	3.36856	7.07616e-05
0.00169999	0.0019816	0.00195423	0.00113806	1.7	1.29163	1.92829	2.88544	3.78187	0.0443203
0.0035103	0.00251324	0.00147748	0.000646957	1.7	2.21068	2.70659	2.95469	3.34733	1.86939e-06
0.00181897	0.00167308	0.00139098	0.000801304	1.7	1.56104	2.06785	2.56101	3.30821	5.9847e-13
0.00232585	0.00193654	0.00131631	0.000675987	1.7	1.81995	2.37058	2.70563	3.26104	2.13853e-10
0.0043184	0.00292001	0.00160542	0.000687543	1.7	2.75944	3.2161	3.24771	3.47728	0.714906
0.00373459	0.0026358	0.00156987	0.000698045	1.7	2.52992	3.1538	3.23585	3.41762	0.129162
0.00181865	0.00177652	0.00149015	0.000785424	1.7	1.42406	2.08562	2.80792	3.38005	4.83907e-07
0.00344704	0.00246785	0.0015282	0.000719149	1.7	2.45209	2.93263	3.07372	3.45299	0.0438557
0.00200124	0.00162132	0.00103966	0.000544826	1.7	1.66767	2.24967	2.57236	3.05951	1.16851e-13
0.00241239	0.00201596	0.00142627	0.000688845	1.7	1.88951	2.4446	2.82617	3.29736	4.3538e-07
0.00156744	0.00139498	0.00120268	0.00068496	1.7	1.43112	1.89834	2.40371	3.20687	2.75729e-14
0.00277628	0.00202382	0.00123039	0.000587808	1.7	2.08631	2.5583	2.83855	3.21926	1.09546e-05
0.00349549	0.00251578	0.00136388	0.000621086	1.7	2.38263	2.79489	2.97635	3.27422	1.87911e-07
0.00312653	0.00235785	0.00152192	0.000732352	1.7	2.11787	2.6434	2.94744	3.47333	0.000654671
0.00326323	0.00259622	0.00158436	0.000705888	1.7	2.04652	2.56493	2.98982	3.40567	7.20527e-05
0.00275843	0.00264398	0.00186498	0.000946037	1.7	1.85651	2.56219	3.13363	3.68492	0.000859464
0.00240878	0.00232817	0.00169786	0.000891177	1.7	1.75562	2.34229	2.98429	3.53844	2.29324e-06
0.00236404	0.00170918	0.00108634	0.00056015	1.7	1.89953	2.37524	2.64597	3.09463	6.23489e-09
0.00248941	0.00212409	0.00145972	0.000742006	1.7	1.95397	2.35032	2.84357	3.39076	2.18096e-05
0.0020964	0.00188103	0.00141735	0.000818361	1.7	1.79586	2.35804	2.76334	3.45191	1.22006e-06
0.00219888	0.00204809	0.00172915	0.000913559	1.7	1.63036	2.17129	2.87498	3.57355	0.00104961
0.00185156	0.0017315	0.00141742	0.000769274	1.7	1.49455	2.08694	2.76244	3.34713	6.48605e-06
0.00136304	0.00127448	0.00111528	0.000687208	1.7	1.35228	1.74774	2.38579	3.20861	2.88636e-11
0.00223623	0.00193451	0.00150892	0.000816428	1.7	1.79361	2.38407	2.88311	3.48883	0.00140076
0.00246866	0.00212225	0.00139376	0.000705261	1.7	1.92206	2.29765	2.84252	3.39983	0.00013487
0.00362522	0.00292991	0.00206906	0.000967012	1.7	2.11913	2.82849	3.11119	3.72359	0.0014812
0.00241762	0.00188224	0.00134198	0.00069304	1.7	1.89471	2.25117	2.66202	3.26444	1.47277e-08
0.00268929	0.00236733	0.00169435	0.000839781	1.7	1.91327	2.50755	3.13144	3.62647	3.90508
0.00338298	0.00244039	0.00154866	0.000725553	1.7	2.19473	2.60392	2.83226	3.41192	4.06017e-07
0.00182955	0.00155013	0.00122424	0.000713501	1.7	1.69304	2.0626	2.484	3.26967	2.32066e-11
0.00219393	0.00206089	0.00162057	0.000892034	1.7	1.67542	2.20338	2.71946	3.52896	1.51531e-08
0.00295345	0.00179113	0.000912493	0.000414751	1.7	2.31647	2.6581	2.61726	2.83913	9.44554e-16
0.00164109	0.00134257	0.00108133	0.000644421	1.7	1.6953	2.0804	2.33776	3.12822	4.00781e-17
0.00340329	0.00277112	0.00175873	0.000849548	1.7	2.26441	2.81981	3.19481	3.66129	22.2034
0.00243148	0.00189711	0.00131335	0.000694746	1.7	2.09618	2.45525	2.74311	3.33301	2.93387e-07
0.00316105	0.002656	0.00175259	0.000777705	1.7	1.91408	2.74586	3.15619	3.49308	0.00445495
0.00199985	0.0017147	0.00127582	0.000682327	1.7	1.73646	2.24362	2.63912	3.23855	4.24689e-10
0.00192967	0.00169953	0.00131861	0.000698922	1.7	1.65737	2.10215	2.61114	3.27987	1.00427e-10
0.0021013	0.00185291	0.00150845	0.000810369	1.7	1.6736	2.1712	2.71765	3.45449	1.91447e-06
0.00194252	0.0016725	0.00128905	0.000744079	1.7	1.71848	2.25822	2.64425	3.38296	7.29513e-08
0.00272828	0.00200244	0.00135565	0.000672073	1.7	2.09099	2.56769	2.86624	3.34078	9.09531e-06
0.00362447	0.00275657	0.00164198	0.00073824	1.7	2.35349	2.84957	3.17029	3.49351	0.643732
0.00309209	0.00225502	0.00136294	0.000630294	1.7	2.18313	2.661	2.82172	3.21672	1.24733e-11
0.00246952	0.00181468	0.00114112	0.000573066	1.7	1.98154	2.54495	2.64328	3.11205	4.24442e-12
0.00247787	0.00208473	0.00157331	0.000809262	1.7	2.00265	2.51009	2.99134	3.53774	16.5211
0.00231516	0.0019329	0.00135194	0.000645203	1.7	1.72338	2.2226	2.77427	3.23789	1.44623e-07
0.00297008	0.00234863	0.00172173	0.000832009	1.7	2.04051	2.8012	2.98188	3.50906	4.21856e-07
0.00169668	0.00129346	0.000977854	0.00052538	1.7	1.65796	2.07222	2.46689	2.9765	8.53355e-12
0.00317824	0.00223941	0.0013206	0.000631831	1.7	2.26377	2.68022	2.91275	3.28875	7.1127e-05
0.00177709	0.00168175	0.0014456	0.000804873	1.7	1.47897	1.98827	2.6369	3.45911	1.74732e-06
0.00169359	0.00141781	0.00104605	0.000580342	1.7	1.59239	2.01559	2.50922	3.06811	7.96331e-11
0.00243201	0.00214488	0.00149765	0.000731959	1.7	1.86454	2.41922	2.93524	3.38472	0.00279813
0.00216979	0.00190172	0.00146077	0.000693453	1.7	1.54158	2.09839	2.71044	3.30979	1.04641e-08
0.00230186	0.00202372	0.00148988	0.00073964	1.7	1.66507	2.31041	2.80536	3.35319	7.70731e-08
0.00221789	0.00161358	0.00112578	0.000611436	1.7	2.06532	2.46459	2.656	3.18821	2.70619e-09
0.0026999	0.00219438	0.00139401	0.00069702	1.7	2.04738	2.54846	2.99667	3.41603	0.0224331
0.00225029	0.00188371	0.00140805	0.000751417	1.7	1.80513	2.21113	2.50964	3.32051	5.7813e-14
0.00191643	0.00165233	0.00125572	0.000685935	1.7	1.70565	2.16007	2.66063	3.26521	5.70962e-09
0.00289093	0.00234424	0.00150697	0.000746889	1.7	2.14618	2.8416	3.04296	3.4194	0.000369654
0.00151871	0.00129776	0.00107722	0.000638397	1.7	1.49734	1.90406	2.37463	3.11016	3.1799e-13
0.00274217	0.0022384	0.0014923	0.000688476	1.7	1.85135	2.36632	2.84225	3.33097	3.85958e-06
0.00223402	0.00204922	0.00164836	0.0008817	1.7	1.78556	2.28252	2.82935	3.51091	8.96766e-05
0.00299806	0.0026526	0.00165712	0.000828112	1.7	1.99062	2.54399	3.15424	3.58606	1.30585
0.00196625	0.00174839	0.00142854	0.000820523	1.7	1.72712	2.11771	2.53435	3.37596	1.33458e-11
0.00304146	0.00216521	0.00134845	0.000647351	1.7	2.41526	2.81733	2.87499	3.32869	2.06718e-07
0.00185779	0.0017107	0.00139255	0.000766209	1.7	1.48984	2.3597	2.77287	3.40189	2.40827e-08
0.00287063	0.00199938	0.00121459	0.000584051	1.7	2.12623	2.70276	2.74771	3.1745	3.47886e-10
0.00272929	0.00236262	0.00177766	0.00093842	1.7	2.01078	2.58413	2.98153	3.67256	0.000232617
0.00271685	0.00215908	0.00144351	0.00066726	1.7	1.8476	2.23213	2.77885	3.34571	2.00259e-06
0.00186031	0.00171691	0.00135263	0.000768104	1.7	1.59254	2.13956	2.67605	3.33091	4.65479e-09
0.0022319	0.00208605	0.00158397	0.000841828	1.7	1.64121	2.2921	2.89593	3.52518	0.0033611
0.00371219	0.00308439	0.00196344	0.000914104	1.7	2.28601	3.01621	3.24676	3.68671	0.0049369
0.00222732	0.00163498	0.00106847	0.000528091	1.7	1.85323	2.24576	2.58839	3.0356	4.99907e-11
0.00197913	0.00190943	0.00166508	0.000924981	1.7	1.65635	2.29613	2.87008	3.60368	0.00262004
0.00273161	0.00220825	0.00148031	0.000690001	1.7	1.97803	2.55062	2.89627	3.34409	1.95762e-06
0.00270183	0.00186184	0.00104377	0.000549879	1.7	2.25051	2.50854	2.61678	3.10196	2.9501e-14
0.00200307	0.00180443	0.00139694	0.000788205	1.7	1.60121	2.12936	2.63018	3.39864	6.18756e-11
0.00418607	0.0031414	0.00177142	0.00071665	1.7	2.32722	2.8635	3.1346	3.48448	0.0031967
0.00170492	0.00157352	0.00140164	0.000844529	1.7	1.55998	2.00675	2.52632	3.40941	1.5828e-08
0.00227422	0.00181257	0.00130592	0.000700812	1.7	1.88387	2.40698	2.65311	3.2856	3.8536e-09
0.00245866	0.00184125	0.0012181	0.000614595	1.7	2.00103	2.42589	2.72702	3.20165	1.52961e-08
0.0016118	0.00139667	0.00113932	0.000650921	1.7	1.57939	2.08556	2.71733	3.19186	0.000770859
0.00190019	0.0017813	0.00147892	0.000835868	1.7	1.47267	2.00845	2.56244	3.41389	3.06953e-13
0.00335718	0.00232632	0.00124711	0.000581791	1.7	2.5116	3.02584	3.0728	3.18757	1.44734e-05
0.00245285	0.0016644	0.00108625	0.00056624	1.7	2.26011	2.61496	2.55235	3.09815	2.55476e-12
0.0016153	0.00140545	0.00103717	0.000594568	1.7	1.53712	1.98264	2.52442	3.13065	6.83683e-11
0.0028835	0.00268634	0.00183148	0.000873532	1.7	1.89427	2.53351	3.25289	3.624	12.0089
0.00330937	0.0022895	0.00136639	0.000644607	1.7	2.41046	2.91334	2.81932	3.27523	3.83106e-10
0.00195096	0.00194994	0.00175643	0.000958078	1.7	1.48087	2.0845	2.73757	3.60307	2.2942e-07
0.00150027	0.0014801	0.00133585	0.000822636	1.7	1.42627	1.9971	2.51544	3.34041	4.86789e-12
0.00172617	0.00142479	0.00108515	0.000572069	1.7	1.59373	2.01884	2.537	3.04122	5.01347e-09
0.00292628	0.00202103	0.00128428	0.000650533	1.7	2.36647	2.72542	2.88713	3.29995	0.000887178
0.00257469	0.0019223	0.00129964	0.000639676	1.7	1.92914	2.39937	2.65406	3.27726	6.03712e-07
0.00136372	0.00123925	0.00108182	0.000587286	1.7	1.28638	1.69924	2.31908	3.05079	1.21052e-11
0.00217292	0.00192904	0.00154197	0.00085531	1.7	1.70093	2.16895	2.68584	3.45482	2.24176e-09
0.00276306	0.00176775	0.00105571	0.000539576	1.7	2.33252	2.56943	2.65603	3.11842	4.68731e-10
0.0023538	0.00190443	0.0014146	0.000687659	1.7	1.9051	2.56197	3.05512	3.3352	2.75549
0.00334738	0.00308976	0.00218493	0.00101873	1.7	2.01835	2.68047	3.40284	3.83726	24370.7
0.00222863	0.00169857	0.00127794	0.000685681	1.7	1.83911	2.29619	2.51618	3.23552	1.04589e-12
0.00164336	0.00181562	0.0015835	0.000876484	1.7	1.26757	1.91447	2.72673	3.49567	4.3824e-06
0.00223516	0.00208649	0.00158545	0.00081521	1.7	1.64317	2.34393	3.07366	3.46583	0.279131
0.00214521	0.00204262	0.00158222	0.000833937	1.7	1.67767	2.39398	2.78025	3.40085	2.85826e-10
0.00239058	0.00192875	0.0013658	0.000706622	1.7	1.89223	2.38589	2.85396	3.37847	0.00254612
0.00234869	0.00190684	0.00135543	0.000692945	1.7	1.9452	2.50053	2.87268	3.36567	7.74094e-06
0.00272178	0.0022222	0.00146811	0.000661119	1.7	1.85154	2.39962	2.91341	3.28196	8.52429e-05
0.00204337	0.00152224	0.00113438	0.000624097	1.7	1.83243	2.23692	2.3786	3.16231	1.70318e-15
0.00327507	0.00239722	0.00148858	0.000706692	1.7	2.20751	2.69372	2.94458	3.40949	8.09884e-05
0.00451764	0.00267865	0.00137891	0.000546184	1.7	2.79022	3.11368	2.91692	3.19603	6.86221e-09
0.00284813	0.00203719	0.00144743	0.000711186	1.7	2.21935	2.62974	2.78699	3.41887	0.00063177
0.00291795	0.00293992	0.00223523	0.00105451	1.7	1.77238	2.60893	3.2542	3.77738	10.0061
0.00295738	0.00245809	0.00161378	0.000799165	1.7	2.00353	2.53267	3.05799	3.49306	6.13044e-05
0.00167271	0.00129768	0.000944905	0.000528991	1.7	1.62121	2.08673	2.41338	2.98575	3.57007e-13
0.00204913	0.00158869	0.00126391	0.000677585	1.7	1.78254	2.28695	2.61048	3.25795	1.81109e-08
0.00205441	0.00181694	0.00141685	0.000755867	1.7	1.6743	2.1737	2.70713	3.36391	6.35736e-09
0.00188806	0.0019118	0.00167204	0.000917947	1.7	1.45606	2.19697	2.7976	3.50216	9.7724e-08
0.00156424	0.00146191	0.00122965	0.000681686	1.7	1.36769	1.83841	2.4691	3.20986	1.14984e-10
0.00189708	0.00183077	0.00148068	0.000761097	1.7	1.42781	2.04004	2.79157	3.32784	3.81941e-06
0.00199481	0.00158168	0.00109571	0.000589207	1.7	1.75556	2.32255	2.6484	3.10953	4.57142e-08
0.00199356	0.00159454	0.00112624	0.000600905	1.7	1.71218	2.14071	2.6083	3.13083	8.19277e-10
0.00338145	0.00266175	0.00175433	0.000797243	1.7	2.14084	2.74559	3.04505	3.53287	0.0764972
0.00432441	0.00299372	0.00172772	0.000676499	1.7	2.39528	2.9926	3.21261	3.41583	0.0924394
0.0025476	0.00199926	0.00135312	0.000701627	1.7	2.08636	2.45564	2.77633	3.37397	5.24895e-07
0.00169161	0.00138877	0.00104792	0.000598299	1.7	1.67967	2.10564	2.53166	3.15158	5.73717e-08
0.00227171	0.00197353	0.00138075	0.000701064	1.7	1.84158	2.30982	2.94756	3.36866	0.147018
0.00144101	0.00142808	0.00125476	0.000777093	1.7	1.33317	1.86989	2.51054	3.31118	5.81143e-10
0.00235697	0.00165005	0.00108382	0.000598404	1.7	2.21696	2.5508	2.63798	3.1612	2.07182e-09
0.00310835	0.0026051	0.00165089	0.000792027	1.7	2.07307	2.6515	3.00051	3.52241	2.90135e-07
0.00316922	0.00257782	0.00160183	0.000756761	1.7	2.12218	2.62171	2.92356	3.42276	6.30729e-10
0.00170103	0.00165206	0.00145675	0.00080883	1.7	1.45696	1.98554	2.72918	3.43731	0.00181676
0.00232677	0.00208968	0.0015686	0.00082983	1.7	1.79947	2.39922	2.90033	3.49518	4.36204e-05
0.0022989	0.0020062	0.00154987	0.000792554	1.7	1.69714	2.29775	2.80102	3.4434	1.44273e-06
0.00480087	0.0032267	0.00171077	0.000672182	1.7	2.82662	3.23381	3.35176	3.49832	614.462
0.0024196	0.00180298	0.00111228	0.000556578	1.7	2.04	2.37759	2.67425	3.08288	5.22489e-10
0.00295972	0.00218692	0.0013665	0.000641991	1.7	1.94218	2.45726	2.78329	3.27497	4.77599e-08
0.00229915	0.0023675	0.00182851	0.000959359	1.7	1.49542	2.09588	2.91294	3.63618	1.00414e-05
0.00199396	0.00175764	0.00136688	0.000765926	1.7	1.72123	2.26016	2.67032	3.27741	4.19754e-12
0.00247935	0.00198488	0.00130264	0.000637635	1.7	1.87246	2.5351	2.84068	3.2343	9.50822e-08
0.00164543	0.00186652	0.00175347	0.00112189	1.7	1.5092	2.02317	2.79487	3.73284	3.67528e-05
0.00185136	0.00177425	0.00142029	0.000824797	1.7	1.62163	2.20478	2.7343	3.43042	1.4138e-08
0.00289453	0.00245034	0.00164633	0.000892337	1.7	2.05458	2.55302	2.95081	3.5935	5.51769e-07
0.00201496	0.00176391	0.0012906	0.000724818	1.7	1.70376	2.26564	2.73292	3.29108	1.42999e-08
0.00305045	0.00245048	0.00159236	0.000757678	1.7	2.07439	2.7011	3.05901	3.4514	0.000165113
0.00336784	0.00259491	0.00161648	0.000706437	1.7	2.08601	2.68533	3.07575	3.45186	0.00237112
0.00251063	0.00211742	0.00144659	0.000698051	1.7	1.82131	2.27685	2.87127	3.3787	0.000954719
0.00296598	0.00253766	0.0017443	0.00090665	1.7	2.20718	2.68762	3.08963	3.68237	0.443923
0.00317027	0.00256853	0.00171944	0.000846246	1.7	2.04157	2.68511	2.98502	3.59017	5.70453e-06
0.00290811	0.00214186	0.0013575	0.000676668	1.7	2.24051	2.7482	2.92337	3.28601	4.43492e-06
0.00185605	0.00148825	0.00107462	0.000583003	1.7	1.73973	2.21729	2.56126	3.1101	4.96027e-09
0.0023206	0.00213896	0.00154573	0.000781848	1.7	1.66528	2.35401	2.99697	3.4556	0.146317
0.00218044	0.00199387	0.00142924	0.000814976	1.7	1.83728	2.41756	2.82794	3.45508	3.47228e-08
0.00252859	0.00222141	0.00169614	0.00082655	1.7	1.78724	2.42061	3.02808	3.51738	0.0204897
0.00157057	0.00151282	0.00124047	0.000744863	1.7	1.49768	1.95093	2.61843	3.27649	4.01791e-09
0.00163082	0.00163967	0.00136048	0.000744313	1.7	1.427	2.03671	2.87704	3.33657	0.00338324
0.00208702	0.00207064	0.00171302	0.000893838	1.7	1.54183	2.17324	2.90025	3.53663	0.000265658
0.00234567	0.0019058	0.00132246	0.000646261	1.7	1.85221	2.41802	2.74217	3.21925	3.59545e-09
0.00268048	0.00218301	0.00155824	0.000747117	1.7	1.92939	2.30813	2.78736	3.44454	7.68466e-06
0.00309355	0.0021965	0.00142089	0.000691421	1.7	2.29492	2.7872	2.85309	3.34223	3.7455e-07
0.00215355	0.00173931	0.00128628	0.000672062	1.7	1.74641	2.26092	2.69847	3.24676	2.18802e-07
0.0019367	0.00164096	0.00135585	0.000757345	1.7	1.63127	2.07262	2.53637	3.35688	2.73834e-11
0.00290158	0.00243891	0.00183388	0.000957569	1.7	2.10041	2.83872	3.03629	3.69001	0.000221469
0.00161605	0.00138842	0.00114409	0.000677071	1.7	1.58099	2.07668	2.49008	3.18577	3.7904e-11
0.0025868	0.00223004	0.00150895	0.000747951	1.7	1.92332	2.41275	3.01376	3.38638	0.00799455
0.00224844	0.00179783	0.00129796	0.000666827	1.7	1.65068	2.33809	2.64646	3.21714	6.86299e-11
0.00298818	0.00263152	0.0018567	0.000858219	1.7	1.80417	2.56028	3.14683	3.57592	0.0748582
0.00193989	0.00155311	0.00121858	0.000730351	1.7	1.89743	2.29891	2.60751	3.30246	5.73067e-09
0.00249027	0.00231724	0.00175113	0.000800469	1.7	1.59307	2.32174	2.9299	3.44514	1.02764e-05
0.00150338	0.00127645	0.00106916	0.000669836	1.7	1.55928	1.89099	2.29731	3.16025	3.94903e-14
0.00259855	0.00192204	0.0011744	0.000564041	1.7	2.03895	2.46381	2.89149	3.17506	0.00295711
0.00252373	0.00224107	0.00162121	0.000830332	1.7	1.84166	2.47733	2.94983	3.53965	0.0603221
0.00341005	0.00247285	0.00149357	0.00068729	1.7	2.3122	2.79953	2.97858	3.37204	3.91635e-06
0.0023484	0.00207182	0.00156914	0.00089826	1.7	1.93936	2.38505	2.79802	3.5807	9.0423e-06
0.00259764	0.00204981	0.00135896	0.00067339	1.7	2.02151	2.4679	2.8432	3.27591	7.27982e-07
0.00232209	0.00203456	0.00150837	0.000722825	1.7	1.60265	2.2222	2.85266	3.34683	5.91791e-06
0.00146364	0.00124093	0.000979699	0.000611919	1.7	1.69695	2.19652	2.48221	3.07585	7.75122e-13
0.00166779	0.00132303	0.000933315	0.000531684	1.7	1.62714	2.17767	2.56175	3.03118	1.16523e-08
0.00255045	0.00196413	0.00138223	0.000738015	1.7	2.0578	2.46489	2.79261	3.39284	8.90409e-05
0.00326673	0.00236917	0.00153289	0.00069057	1.7	2.25556	2.77275	3.06975	3.44739	0.238942
0.0027637	0.00225048	0.00156014	0.000785141	1.7	2.05347	2.62134	2.93475	3.48768	1.9619e-05
0.00206355	0.00175765	0.00126116	0.00067417	1.7	1.70512	2.18798	2.63545	3.22271	4.17049e-12
0.00141137	0.00133058	0.00124389	0.000777526	1.7	1.38172	1.92015	2.51566	3.37912	2.71694e-08
0.00208506	0.00194561	0.00169475	0.000944525	1.7	1.69093	2.21099	2.81006	3.64472	0.00138689
0.00320507	0.00254201	0.00143141	0.00063523	1.7	2.03988	2.58524	3.07632	3.35412	0.0290536
0.00328168	0.00231885	0.00134578	0.000631052	1.7	2.49333	2.76467	2.89053	3.27424	5.72146e-08
0.00531633	0.00362193	0.00190536	0.000771078	1.7	2.90519	3.58613	3.55434	3.59592	15.5255
0.00283054	0.00237881	0.00160981	0.000741576	1.7	1.96026	2.54697	2.9541	3.42434	1.82705e-05
0.00335575	0.00267233	0.00186095	0.000922557	1.7	2.41913	2.89484	3.09612	3.69516	0.000396719
0.00216972	0.00191661	0.00144366	0.000698672	1.7	1.65571	2.23338	2.77499	3.32507	7.91797e-07
0.00259031	0.00217708	0.00162203	0.000935892	1.7	2.13517	2.61493	2.80054	3.61188	1.04992e-07
0.0024202	0.00229841	0.00168076	0.000909664	1.7	1.87482	2.46122	3.0054	3.59835	8.48972e-06
0.00267539	0.00222661	0.00151343	0.000737026	1.7	1.96609	2.47555	2.97225	3.46924	0.0569978
0.00318759	0.00223812	0.00135145	0.000651905	1.7	2.37455	2.70696	2.86855	3.34016	7.55624e-07
0.00259146	0.00241034	0.0016933	0.000855732	1.7	1.64235	2.41302	3.05141	3.54043	0.00062843
0.00275013	0.0022848	0.00159305	0.000835339	1.7	2.1133	2.66708	3.01959	3.54836	0.205815
0.00176068	0.00155773	0.00119204	0.000672788	1.7	1.54117	2.05607	2.46266	3.18077	1.3433e-14
0.00237862	0.00227414	0.00152229	0.000698567	1.7	1.49613	2.16191	2.99956	3.35735	0.000257147
0.00144278	0.00151848	0.00138759	0.000830463	1.7	1.31752	1.90561	2.62796	3.37449	1.48676e-07
0.00219159	0.00190017	0.00138834	0.00068668	1.7	1.72465	2.32573	2.86442	3.30788	0.00137632
0.0032812	0.00223501	0.00134489	0.000623646	1.7	2.50695	2.89233	3.0563	3.34793	2.99479
0.00252138	0.00197072	0.00138724	0.000748378	1.7	2.02082	2.3727	2.74037	3.38933	6.67595e-07
0.00233562	0.00178531	0.00114752	0.000571517	1.7	1.95664	2.37767	2.67682	3.1174	1.10867e-08
0.00196533	0.00161613	0.00121601	0.000674272	1.7	1.75433	2.32882	2.66776	3.30225	1.53355e-06
0.0030418	0.00237584	0.00159255	0.000737132	1.7	2.08069	2.5492	2.92738	3.40904	0.000178304
0.00198192	0.00163075	0.00109667	0.000568464	1.7	1.73604	2.21147	2.56934	3.01583	1.2569e-12
0.00171114	0.00153873	0.00115925	0.000655797	1.7	1.57017	2.05637	2.67892	3.14196	1.14928e-06
0.00334602	0.00257584	0.00174862	0.000816041	1.7	2.32111	2.87754	3.09824	3.5108	0.00133735
0.00183993	0.0017595	0.00150106	0.000819142	1.7	1.40507	2.0148	2.73498	3.43906	7.12677e-06
0.00166805	0.0014445	0.00117304	0.000697798	1.7	1.65367	2.1581	2.50819	3.25275	4.60304e-11
0.00154623	0.00133444	0.00107154	0.000635922	1.7	1.58376	1.97921	2.58514	3.19875	6.64502e-06
0.00269014	0.00205721	0.0013159	0.000627892	1.7	2.02359	2.43311	2.92862	3.27625	0.00178811
0.00230281	0.00173783	0.00119734	0.000652016	1.7	2.04064	2.43867	2.65698	3.23171	2.36597e-09
0.00292273	0.00238182	0.00160007	0.00074711	1.7	2.05935	2.60091	3.02284	3.44932	0.0161648
0.00273169	0.00206425	0.00128528	0.000632409	1.7	2.09469	2.55292	2.79073	3.24787	4.96501e-09
0.0024747	0.00195107	0.00131136	0.000705304	1.7	1.95738	2.49808	2.83722	3.39145	1.78709e-06
0.00193345	0.00179876	0.00131589	0.000677779	1.7	1.40914	1.96066	2.65234	3.26934	1.45195e-09
0.00264169	0.00223805	0.0014775	0.000733326	1.7	1.93168	2.53834	2.90443	3.39404	7.80471e-07
0.00256044	0.00198218	0.00134516	0.000673236	1.7	1.99385	2.30977	2.72083	3.31426	2.08208e-07
0.00244738	0.00184495	0.00123379	0.000591519	1.7	2.12943	2.41563	2.66496	3.18818	1.20558e-08
0.00271746	0.00188938	0.00108547	0.000498604	1.7	2.08618	2.43744	2.75274	3.06133	4.62639e-06
0.00241223	0.0017742	0.00112057	0.000561352	1.7	2.03876	2.3972	2.58677	3.09327	7.08802e-11
0.00216399	0.00168778	0.00117632	0.000569383	1.7	1.64577	2.16716	2.53186	3.09491	3.03326e-13
0.00304402	0.00224324	0.00141959	0.000622713	1.7	2.05735	2.56768	3.07677	3.30947	0.668298
0.0026019	0.00193672	0.00134943	0.000736164	1.7	2.11394	2.46786	2.7938	3.37579	7.60459e-05
0.00214077	0.00196703	0.00148572	0.000815568	1.7	1.60554	2.103	2.73553	3.45922	8.17468e-08
0.0030402	0.00254142	0.00164863	0.000817429	1.7	2.14845	2.75183	3.15065	3.52396	0.00060337
0.00223235	0.00189344	0.001256	0.000650029	1.7	1.782	2.18642	2.8377	3.2837	0.000575197
0.00141953	0.00123396	0.00110541	0.000677899	1.7	1.51462	1.9785	2.44778	3.22749	1.24162e-10
0.00269444	0.00204403	0.00123305	0.000650678	1.7	2.28841	2.67809	2.91469	3.27405	4.75225e-05
0.00226562	0.00186587	0.00118294	0.000637899	1.7	1.85328	2.34607	2.6966	3.20573	1.00007e-11
0.00309775	0.00238012	0.00140723	0.000632529	1.7	2.01344	2.61564	2.92258	3.25954	7.95389e-08
0.00353921	0.00238004	0.00138337	0.000656704	1.7	2.65207	2.9557	2.88713	3.36223	4.22931e-07
0.0020422	0.00171883	0.0012154	0.000650708	1.7	1.76072	2.29691	2.64841	3.23003	3.84854e-10
0.00242184	0.00203312	0.0014679	0.000712676	1.7	1.83265	2.36818	2.88295	3.38679	0.0532369
0.0020089	0.00181474	0.00138765	0.000747059	1.7	1.56286	2.18058	2.8007	3.34751	1.81156e-07
0.00202365	0.00168358	0.00120475	0.000640189	1.7	1.73292	2.34584	2.65022	3.17433	4.21599e-11
0.00215301	0.00168958	0.0011546	0.000581337	1.7	1.68987	2.19123	2.60946	3.1534	1.09429e-09
0.00308564	0.00258456	0.00156128	0.000770018	1.7	2.14974	2.64345	3.06158	3.49696	0.000144793
0.001726	0.001199	0.000831898	0.000477079	1.7	1.94916	2.32659	2.31095	2.90963	3.47645e-15
0.00244021	0.00189718	0.0012571	0.000692345	1.7	2.04757	2.47993	2.72111	3.27836	1.59862e-10
0.00235429	0.0017858	0.00114392	0.000570396	1.7	1.90735	2.23617	2.84337	3.16742	0.0122164
0.00197444	0.00163162	0.00136934	0.000768415	1.7	1.72253	2.26052	2.76728	3.3764	0.00843886
0.00203595	0.0017215	0.00128088	0.000675674	1.7	1.65004	2.14777	2.68912	3.2643	2.911e-07
0.00202191	0.00162996	0.00120547	0.0006486	1.7	1.76339	2.28974	2.64972	3.20382	1.03336e-08
0.00272578	0.00197288	0.00122989	0.000624113	1.7	2.20528	2.60279	2.7369	3.27672	3.8112e-08
0.00197036	0.00149531	0.00100935	0.000543446	1.7	1.74135	2.09123	2.4532	3.04319	1.75171e-13
0.00277829	0.00217877	0.00138581	0.000668481	1.7	2.00467	2.56389	2.88769	3.27506	3.96874e-07
0.00228187	0.00206195	0.00151855	0.000786319	1.7	1.73861	2.24446	2.88648	3.45073	0.00135071
0.00209631	0.00177443	0.00127438	0.000638533	1.7	1.60916	2.22694	2.76499	3.23791	3.62944e-06
0.00226914	0.00217118	0.00175773	0.000939961	1.7	1.73005	2.30728	2.89736	3.62357	7.18717e-05
0.00172932	0.00143417	0.00105858	0.000610967	1.7	1.81502	2.28373	2.62874	3.11141	2.05435e-07
0.0020968	0.00184858	0.0013936	0.000755385	1.7	1.92606	2.48468	2.88442	3.40274	0.000180256
0.00217372	0.00153644	0.00104695	0.000550387	1.7	1.92369	2.34795	2.64041	3.10307	2.75354e-07
0.00195997	0.00189488	0.00156599	0.000814279	1.7	1.50425	2.08891	2.71421	3.38905	4.46883e-09
0.00285922	0.00252212	0.0018259	0.000961222	1.7	2.01255	2.70583	3.14498	3.67898	0.02013
0.00257806	0.00232518	0.00151444	0.000761004	1.7	1.88045	2.49786	2.89654	3.36239	3.38593e-08
0.00222756	0.0016559	0.00123637	0.000626507	1.7	1.78323	2.24348	2.42333	3.14719	4.03983e-15
0.00240259	0.00210057	0.00146914	0.000769497	1.7	1.77551	2.4708	2.86448	3.39051	1.06261e-09
0.00233457	0.001882	0.00133521	0.000655195	1.7	1.80851	2.43404	2.831	3.24908	4.26236e-06
0.0021915	0.00141335	0.0009991	0.000532614	1.7	2.10134	2.39091	2.53531	3.08082	9.46402e-09
0.00251645	0.00215065	0.0016049	0.000855975	1.7	2.03932	2.75182	3.04169	3.5622	0.00303037
0.00228483	0.00177671	0.00128622	0.000734225	1.7	2.07876	2.56566	2.73655	3.36966	8.82711e-08
0.002632	0.00217098	0.00154983	0.000840893	1.7	2.12759	2.60753	2.89558	3.5364	1.02948e-05
0.00355926	0.00263462	0.001629	0.000731451	1.7	2.36746	2.84254	3.11355	3.45447	0.000519917
0.00282897	0.00232826	0.00166759	0.000806033	1.7	1.97393	2.60011	3.10417	3.54656	1.30157
0.00245973	0.00230139	0.00167264	0.000832356	1.7	1.7988	2.36618	3.02995	3.5351	0.00982154
0.00214748	0.00182849	0.00131119	0.00072552	1.7	1.80553	2.40776	2.78773	3.35555	6.36667e-07
0.00325535	0.00246423	0.00158836	0.00077184	1.7	2.42686	2.8374	3.03651	3.50456	0.000506901
0.00265045	0.00199642	0.00124407	0.000631744	1.7	2.21637	2.60525	2.92808	3.26098	0.000162269
0.00197447	0.00174392	0.00130409	0.000679816	1.7	1.5782	2.12408	2.74911	3.26986	6.86437e-06
0.00222465	0.00204336	0.00164528	0.000818351	1.7	1.54753	2.22039	2.79133	3.48225	3.966e-07
0.0021248	0.00184825	0.00147979	0.000799379	1.7	1.73665	2.32386	2.71557	3.46085	1.56715e-08
0.00224002	0.00193759	0.00135797	0.000698429	1.7	1.66974	2.19337	2.77003	3.30974	5.36453e-07
0.0025267	0.00179203	0.00116212	0.00058729	1.7	1.93619	2.42897	2.58075	3.13655	1.31431e-13
0.00159173	0.00171339	0.00157024	0.000934697	1.7	1.26202	2.01058	2.58765	3.51488	3.61594e-13
0.00138942	0.00119749	0.00106313	0.000617333	1.7	1.42	1.94119	2.34904	3.09316	3.91718e-13
0.00347925	0.00225273	0.00129458	0.000583603	1.7	2.43159	2.93568	2.80341	3.17341	1.96514e-10
0.0023568	0.00218152	0.00150274	0.000728298	1.7	1.58802	2.27602	2.85003	3.33704	5.93571e-07
0.00242244	0.00221718	0.0018101	0.000927737	1.7	1.66082	2.41469	2.90619	3.61582	1.87545e-05
0.00205156	0.00154025	0.00106123	0.000652484	1.7	2.17548	2.3899	2.51066	3.21209	1.36851e-11
0.00161174	0.00144298	0.00108728	0.000629525	1.7	1.56103	2.01247	2.59311	3.12728	2.43218e-09
0.00236751	0.00193786	0.00137899	0.000738934	1.7	1.92414	2.45588	2.84028	3.36359	3.71398e-08
0.00248191	0.00220966	0.00152953	0.000781388	1.7	1.71194	2.22485	2.78507	3.39068	9.206e-11
0.00250396	0.00196451	0.00128992	0.000664418	1.7	2.05191	2.46262	2.83343	3.35761	0.000152961
0.00277616	0.00221868	0.00152355	0.000723146	1.7	1.98704	2.51595	2.89223	3.41669	2.02311e-05
0.00314532	0.00262126	0.00174898	0.000801277	1.7	1.92443	2.58087	3.12024	3.58086	41.0178
0.00428213	0.00312026	0.00176666	0.000703656	1.7	2.32579	3.03812	3.2767	3.45184	0.00735046
0.00200201	0.00178844	0.00131497	0.000701926	1.7	1.62696	2.16208	2.67749	3.31024	2.30145e-08
0.00239115	0.00182729	0.00113956	0.000570658	1.7	1.96985	2.30921	2.68639	3.10843	2.6658e-09
0.00408946	0.00255721	0.00149869	0.000649765	1.7	2.76871	2.95471	2.94739	3.41517	0.00129938
0.00227666	0.0015165	0.00089854	0.000445556	1.7	2.14797	2.3851	2.40974	2.87651	2.26917e-13
0.00248751	0.00189886	0.00125144	0.000643385	1.7	1.98407	2.42583	2.7457	3.19532	1.51528e-09
0.00288353	0.00218975	0.00131811	0.000625882	1.7	2.08569	2.52134	2.83746	3.26632	3.45194e-09
0.00299907	0.00217834	0.00142065	0.000691225	1.7	2.2058	2.80506	2.95999	3.40092	0.000280266
0.00226241	0.0021228	0.00165288	0.000883601	1.7	1.76251	2.2629	2.89945	3.5536	0.00240452
0.00198833	0.00185133	0.00142689	0.00073806	1.7	1.45488	2.1685	2.81326	3.34293	4.80181e-08
0.00211307	0.00176815	0.00125715	0.000626002	1.7	1.64392	2.15267	2.72969	3.20315	2.29996e-07
0.00250308	0.00225866	0.00169082	0.000814787	1.7	1.79214	2.45942	3.10489	3.51621	0.837992
0.00209981	0.00184291	0.00132044	0.000628886	1.7	1.6376	2.08711	2.73496	3.23316	2.70566e-05
0.00207016	0.00174636	0.00117462	0.000666415	1.7	1.80133	2.28445	2.70627	3.2795	1.6682e-08
0.00123251	0.00117393	0.0010899	0.000695019	1.7	1.3641	1.74302	2.30407	3.17539	6.88452e-13
0.00194892	0.00156518	0.00110547	0.000609711	1.7	1.82407	2.26032	2.67784	3.18643	9.01665e-06
0.00269805	0.00222386	0.00157626	0.000760815	1.7	1.81156	2.47071	3.01671	3.53283	1.09975
0.00241698	0.00186722	0.00124218	0.000628303	1.7	2.06685	2.40212	2.75385	3.25083	2.68446e-07
0.00204505	0.0019136	0.00151455	0.000937788	1.7	1.78193	2.31812	2.77666	3.62778	8.38545e-06
0.00200597	0.00198207	0.00168894	0.000952993	1.7	1.57758	2.26191	2.94645	3.60128	0.000184651
0.00198888	0.00173157	0.00129942	0.000689544	1.7	1.6816	2.19985	2.72881	3.26504	7.18039e-06
0.00178078	0.00172521	0.00144025	0.000783546	1.7	1.49697	2.05252	2.66555	3.33516	1.79596e-10
0.00262321	0.0024728	0.00186684	0.000976217	1.7	1.90588	2.55053	3.10911	3.68181	4.09616
0.00202141	0.00195847	0.00156067	0.000838486	1.7	1.51787	2.15356	2.8456	3.47667	7.33843e-05
0.00178688	0.00159083	0.00128287	0.000754186	1.7	1.51429	2.00116	2.55708	3.32786	4.1947e-11
0.00167643	0.00150445	0.00113357	0.000624082	1.7	1.46792	2.05855	2.46762	3.09163	7.4927e-13
0.00226395	0.00198743	0.00146909	0.000821344	1.7	1.92206	2.53429	2.95078	3.48867	0.000829815
0.00350277	0.00269493	0.00162925	0.000745045	1.7	2.33515	2.92724	3.1904	3.46658	1.19015
0.00212664	0.00186896	0.00151229	0.00079608	1.7	1.77491	2.21871	2.85342	3.48419	0.0360883
0.00285861	0.00220513	0.00147934	0.000769854	1.7	2.19639	2.69232	2.87617	3.45444	7.35969e-06
0.00355526	0.0024949	0.0014047	0.000661233	1.7	2.50085	2.99809	3.13458	3.41809	1.01825
0.00209139	0.00164003	0.00114325	0.00060831	1.7	1.79696	2.27152	2.70986	3.16766	2.55683e-07
0.00283593	0.00225085	0.00143621	0.000680077	1.7	2.13689	2.69194	3.07291	3.36391	0.689892
0.00180336	0.00187761	0.0016751	0.000959955	1.7	1.40442	2.05541	2.78213	3.62978	9.24251e-05
0.00160631	0.00149012	0.00120918	0.000665576	1.7	1.38417	1.93281	2.49374	3.18433	2.03412e-12
0.0040153	0.00292553	0.00176928	0.00076697	1.7	2.5222	3.12936	3.05002	3.46133	4.73956e-08
0.00149711	0.00134342	0.00102597	0.000599551	1.7	1.45697	1.91422	2.47649	3.08518	2.72174e-11
0.00210678	0.00177462	0.00119874	0.000664159	1.7	1.80362	2.32742	2.66647	3.23511	9.14435e-10
0.00244595	0.00237638	0.00181791	0.000877608	1.7	1.56726	2.39566	3.08042	3.53011	9.46268e-06
0.00207517	0.00203572	0.00166412	0.00088231	1.7	1.53969	2.20034	2.95282	3.53638	0.0368384
0.00240722	0.0019287	0.00141476	0.000736554	1.7	1.96061	2.33661	2.79524	3.39401	0.00329839
0.00261239	0.00214005	0.00146109	0.000699485	1.7	1.91849	2.57691	2.92803	3.35215	1.34221e-06
0.00229756	0.00175302	0.0011436	0.000588162	1.7	1.88329	2.29011	2.64658	3.18739	8.56908e-10
0.00279532	0.00241034	0.00165908	0.000848156	1.7	1.93465	2.66017	3.04533	3.54831	0.000167582
0.00309769	0.00222165	0.00130835	0.000573896	1.7	2.15462	2.49395	2.89716	3.23817	0.0510284
0.00203637	0.00222212	0.00188425	0.00110015	1.7	1.53642	2.19033	2.96637	3.73265	0.00102196
0.00250157	0.00204979	0.00145103	0.000780804	1.7	2.02217	2.56741	2.77569	3.44583	1.42588e-09
0.00234768	0.00184953	0.00128814	0.000689853	1.7	2.01429	2.51707	2.69022	3.27039	1.39566e-11
0.00338406	0.00244069	0.00148423	0.000776194	1.7	2.53237	2.83016	2.83566	3.46831	4.80756e-09
0.00253648	0.00171918	0.00110342	0.000559031	1.7	2.07631	2.50823	2.50017	3.05727	5.74864e-16
0.00303998	0.00252035	0.00169414	0.000850042	1.7	2.04413	2.71436	3.09937	3.54818	4.53294e-05
0.00290046	0.00243295	0.00169046	0.000859141	1.7	2.1467	2.56462	2.97579	3.58481	0.102534
0.00274398	0.0021109	0.00136454	0.000674352	1.7	2.19225	2.60912	2.9188	3.34076	0.000170193
0.00158131	0.00145687	0.0012506	0.000728508	1.7	1.42693	1.85432	2.472	3.27428	6.26795e-10
0.001774	0.00143187	0.00109627	0.000588454	1.7	1.64369	2.04753	2.48896	3.09979	2.57757e-09
0.00177363	0.00175999	0.00159735	0.000945803	1.7	1.50667	2.14097	2.70362	3.57824	3.12412e-07
0.00211146	0.00180926	0.00145472	0.000764791	1.7	1.67512	2.1619	2.70034	3.36111	6.73852e-08
0.00220656	0.00196841	0.00142439	0.000701331	1.7	1.65846	2.24931	2.79993	3.27405	1.89367e-08
0.00259588	0.00190622	0.00135162	0.000727459	1.7	2.10924	2.49852	2.79501	3.39001	5.62669e-05
0.00137846	0.00136725	0.00124223	0.000778719	1.7	1.33015	1.96583	2.52374	3.33793	3.3589e-12
0.00243658	0.00185293	0.0012178	0.000618956	1.7	1.97757	2.31841	2.69987	3.22768	3.59912e-07
0.00178509	0.00155854	0.00141665	0.000926491	1.7	1.66369	2.03698	2.50964	3.56171	2.59104e-09
0.00174017	0.00152193	0.00129473	0.000720264	1.7	1.5583	2.07369	2.48491	3.19457	3.12861e-15
0.00286979	0.00240107	0.00169057	0.000854237	1.7	1.99631	2.55976	2.99148	3.56363	0.000163584
0.00244022	0.00224548	0.00170135	0.000912979	1.7	1.81357	2.34887	2.93205	3.59678	0.00319485
0.00185168	0.00163	0.00129255	0.000739743	1.7	1.63883	2.01305	2.57859	3.3318	1.04255e-07
0.00392953	0.0028116	0.00157681	0.000628755	1.7	2.4412	2.9343	3.23071	3.3557	2.07145
0.00262346	0.00228775	0.00160735	0.000849008	1.7	1.86455	2.34689	2.89332	3.55089	7.31587e-06
0.00230523	0.00195868	0.00139486	0.000691453	1.7	1.72051	2.26511	2.76609	3.31965	5.64077e-06
0.00277152	0.00217333	0.0014491	0.000689516	1.7	1.84966	2.41459	2.82305	3.31728	1.93717e-08
0.0022372	0.0018773	0.00130494	0.000697265	1.7	1.90405	2.27537	2.79474	3.34605	2.485e-05
0.00246241	0.00213807	0.00154897	0.000841188	1.7	2.02331	2.55773	2.99074	3.53163	0.018428
0.00361887	0.00266369	0.00148223	0.000638547	1.7	2.20854	2.71893	2.97411	3.29811	9.46372e-09
0.00250284	0.00198889	0.00128021	0.000616216	1.7	1.82554	2.27362	2.67671	3.19514	1.11863e-10
0.00223421	0.00169376	0.00118218	0.000638327	1.7	1.95877	2.36463	2.60433	3.20714	5.74969e-12
0.00227848	0.0019073	0.00139086	0.000728557	1.7	1.80355	2.18212	2.83705	3.41373	2.547
0.00248494	0.00214806	0.00154154	0.000723995	1.7	1.7521	2.42742	2.91279	3.35101	4.3204e-06
0.00274492	0.00205657	0.00138487	0.000658051	1.7	2.0796	2.51471	2.75253	3.33662	4.24329e-08
0.00455526	0.0030108	0.00155877	0.000647026	1.7	2.6573	3.10491	3.11059	3.35913	4.95026e-07
0.00240186	0.00193401	0.00140801	0.000695396	1.7	1.8231	2.35758	2.84523	3.30118	9.10568e-05
0.00366007	0.00300263	0.00172445	0.00075357	1.7	2.24466	2.7943	3.20183	3.489	0.0121331
0.00235648	0.00233974	0.00179458	0.00095801	1.7	1.69018	2.34518	2.97416	3.64476	0.000244765
0.00194841	0.00180754	0.00135198	0.000715087	1.7	1.49645	2.12348	2.69647	3.27918	1.95031e-09
0.00330872	0.00272035	0.00207504	0.00111915	1.7	2.36622	2.82048	3.10699	3.95406	0.146003
0.00352449	0.00255456	0.00156688	0.000672431	1.7	2.1134	2.68553	2.9213	3.42348	7.39389e-06
0.0014631	0.00151786	0.00146548	0.000883274	1.7	1.32464	1.86237	2.54655	3.46339	4.19328e-09

