  0.1646E-02  0.1321E-02  0.1017E-02  0.5913E-03  0.1700E+01  0.1585E+01  0.2023E+01  0.2286E+01  0.3043E+01  0.2439E-17
  0.2504E-02  0.2307E-02  0.1708E-02  0.8399E-03  0.1700E+01  0.1723E+01  0.2259E+01  0.2883E+01  0.3546E+01  0.1999E-04
  0.2745E-02  0.2241E-02  0.1543E-02  0.8447E-03  0.1700E+01  0.2128E+01  0.2595E+01  0.2919E+01  0.3526E+01  0.1313E-04
  0.1809E-02  0.1539E-02  0.1135E-02  0.6030E-03  0.1700E+01  0.1616E+01  0.1974E+01  0.2622E+01  0.3138E+01  0.6330E-05
  0.2180E-02  0.2158E-02  0.1742E-02  0.9127E-03  0.1700E+01  0.1616E+01  0.2290E+01  0.2887E+01  0.3557E+01  0.1268E-03
  0.3124E-02  0.2188E-02  0.1479E-02  0.6838E-03  0.1700E+01  0.2237E+01  0.2691E+01  0.2873E+01  0.3365E+01  0.1066E-03
  0.3735E-02  0.2690E-02  0.1456E-02  0.6101E-03  0.1700E+01  0.2271E+01  0.2843E+01  0.3051E+01  0.3250E+01  0.5370E-06
  0.2931E-02  0.2134E-02  0.1273E-02  0.6218E-03  0.1700E+01  0.2246E+01  0.2691E+01  0.2876E+01  0.3310E+01  0.5418E-04
  0.2490E-02  0.2105E-02  0.1546E-02  0.7941E-03  0.1700E+01  0.1920E+01  0.2393E+01  0.2874E+01  0.3486E+01  0.3463E-05
  0.2057E-02  0.1896E-02  0.1486E-02  0.7844E-03  0.1700E+01  0.1492E+01  0.2177E+01  0.2847E+01  0.3436E+01  0.3556E-04
  0.2109E-02  0.1823E-02  0.1347E-02  0.7144E-03  0.1700E+01  0.1812E+01  0.2453E+01  0.2881E+01  0.3319E+01  0.1151E-04
